1, 1724494.00, 9681547.00, 8492937.00,26, 0
2, 1724277.00, 9681607.00, 8492911.00,26, 0
3, 1724127.00, 9681723.00, 8492925.00,26, 105
4, 1724395.00, 9681543.00, 8492998.00,26, 209
5, 1724572.00, 9681486.00, 8492923.00,26, 314
6, 1724508.00, 9681409.00, 8492853.00,26, 419
7, 1724464.00, 9681355.00, 8492888.00,26, 523
8, 1724408.00, 9681289.00, 8492778.00,26, 628
9, 1724372.00, 9681214.00, 8492802.00,26, 732
10, 1724331.00, 9681170.00, 8492922.00,26, 837
11, 1724314.00, 9681117.00, 8492803.00,26, 941
12, 1724316.00, 9681144.00, 8492859.00,26, 1046
13, 1724300.00, 9681097.00, 8492918.00,26, 1150
14, 1724297.00, 9681064.00, 8493028.00,26, 1255
15, 1724255.00, 9681016.00, 8492918.00,26, 1359
16, 1724203.00, 9681004.00, 8492924.00,26, 1464
17, 1724176.00, 9681046.00, 8492927.00,26, 1568
18, 1724147.00, 9681025.00, 8492925.00,26, 1673
19, 1724148.00, 9681074.00, 8492928.00,26, 1778
20, 1724151.00, 9681042.00, 8492945.00,26, 1882
21, 1724190.00, 9680981.00, 8492928.00,26, 1987
22, 1724149.00, 9680977.00, 8492911.00,26, 2091
23, 1724169.00, 9680974.00, 8492871.00,26, 2196
24, 1724228.00, 9680836.00, 8492840.00,26, 2300
25, 1724239.00, 9680856.00, 8492902.00,26, 2405
26, 1724289.00, 9680894.00, 8492975.00,26, 2509
27, 1724285.00, 9680894.00, 8493001.00,26, 2614
28, 1724278.00, 9680900.00, 8492936.00,26, 2718
29, 1724245.00, 9680882.00, 8492909.00,26, 2823
30, 1724303.00, 9680794.00, 8492832.00,26, 2928
31, 1724296.00, 9680764.00, 8492838.00,26, 3032
32, 1724292.00, 9680783.00, 8493007.00,26, 3137
33, 1724256.00, 9680722.00, 8492943.00,26, 3241
34, 1724215.00, 9680690.00, 8493018.00,26, 3346
35, 1724252.00, 9680705.00, 8492923.00,26, 3450
36, 1724241.00, 9680689.00, 8493032.00,26, 3555
37, 1724233.00, 9680709.00, 8493059.00,26, 3659
38, 1724280.00, 9680746.00, 8492914.00,26, 3764
39, 1724262.00, 9680689.00, 8492861.00,26, 3868
40, 1724202.00, 9680579.00, 8492925.00,26, 3973
41, 1724204.00, 9680553.00, 8492917.00,26, 4078
42, 1724221.00, 9680552.00, 8492905.00,26, 4182
43, 1724252.00, 9680601.00, 8492891.00,26, 4287
44, 1724184.00, 9680587.00, 8492781.00,26, 4391
45, 1724201.00, 9680515.00, 8492898.00,26, 4496
46, 1724192.00, 9680442.00, 8492879.00,26, 4600
47, 1724152.00, 9680388.00, 8492887.00,26, 4705
48, 1724145.00, 9680464.00, 8492901.00,26, 4809
49, 1724182.00, 9680438.00, 8492905.00,26, 4914
50, 1724232.00, 9680378.00, 8492878.00,26, 5018
51, 1724236.00, 9680368.00, 8492909.00,26, 5123
52, 1724264.00, 9680334.00, 8492978.00,26, 5227
53, 1724205.00, 9680279.00, 8492913.00,26, 5332
54, 1724130.00, 9680295.00, 8492973.00,26, 5437
55, 1724112.00, 9680340.00, 8493029.00,26, 5541
56, 1724128.00, 9680263.00, 8492958.00,26, 5646
57, 1724156.00, 9680263.00, 8492951.00,26, 5750
58, 1724087.00, 9680201.00, 8493067.00,26, 5855
59, 1724009.00, 9680180.00, 8493080.00,26, 5959
60, 1724020.00, 9680154.00, 8493007.00,26, 6064
61, 1724016.00, 9680144.00, 8492984.00,26, 6168
62, 1723976.00, 9680124.00, 8492984.00,26, 6273
63, 1723925.00, 9680054.00, 8492877.00,26, 6378
64, 1723893.00, 9679999.00, 8492865.00,26, 6482
65, 1723870.00, 9680014.00, 8492841.00,26, 6587
66, 1723884.00, 9680004.00, 8492967.00,26, 6691
67, 1723884.00, 9679937.00, 8492998.00,26, 6796
68, 1723832.00, 9679900.00, 8492944.00,26, 6900
69, 1723834.00, 9679836.00, 8492919.00,26, 7005
70, 1723851.00, 9679852.00, 8492959.00,26, 7109
71, 1723794.00, 9679875.00, 8493024.00,26, 7214
72, 1723736.00, 9679794.00, 8492986.00,26, 7319
73, 1723724.00, 9679736.00, 8492926.00,26, 7423
74, 1723640.00, 9679689.00, 8492947.00,26, 7528
75, 1723592.00, 9679700.00, 8492861.00,26, 7632
76, 1723587.00, 9679706.00, 8492955.00,26, 7737
77, 1723594.00, 9679714.00, 8493044.00,26, 7841
78, 1723616.00, 9679608.00, 8493025.00,26, 7946
79, 1723616.00, 9679552.00, 8492968.00,26, 8050
80, 1723523.00, 9679531.00, 8492947.00,26, 8155
81, 1723530.00, 9679509.00, 8493025.00,26, 8260
82, 1723491.00, 9679524.00, 8493005.00,26, 8364
83, 1723520.00, 9679498.00, 8492964.00,26, 8469
84, 1723487.00, 9679499.00, 8493018.00,26, 8573
85, 1723475.00, 9679559.00, 8493054.00,26, 8678
86, 1723699.00, 9679407.00, 8493004.00,26, 8782
87, 1723833.00, 9679091.00, 8492986.00,26, 8887
88, 1723798.00, 9678833.00, 8493308.00,26, 8991
89, 1724234.00, 9678636.00, 8493735.00,26, 9096
90, 1725150.00, 9678094.00, 8492977.00,26, 9201
91, 1726783.00, 9676641.00, 8492075.00,26, 9305
92, 1728523.00, 9675385.00, 8491962.00,26, 9410
93, 1729246.00, 9674782.00, 8492065.00,26, 9514
94, 1729086.00, 9674501.00, 8493414.00,26, 9619
95, 1728425.00, 9675239.00, 8497600.00,26, 9723
96, 1729150.00, 9674365.00, 8496366.00,26, 9828
97, 1728915.00, 9674846.00, 8497996.00,26, 9932
98, 1728209.00, 9675673.00, 8500125.00,26, 10037
99, 1729222.00, 9674451.00, 8497518.00,26, 10142
100, 1728963.00, 9673987.00, 8499269.00,26, 10246
101, 1726472.00, 9675579.00, 8506573.00,26, 10351
102, 1722999.00, 9678192.00, 8514137.00,26, 10455
103, 1714249.00, 9680838.00, 8519840.00,26, 10560
104, 1703267.00, 9696061.00, 8536041.00,26, 10664
105, 1701226.00, 9696557.00, 8536503.00,26, 10769
106, 1701764.00, 9695811.00, 8532988.00,26, 10873
107, 1700910.00, 9695694.00, 8533200.00,26, 10978
108, 1698251.00, 9698071.00, 8537439.00,26, 11083
109, 1697717.00, 9698567.00, 8537217.00,26, 11187
110, 1697670.00, 9698529.00, 8537431.00,26, 11292
111, 1697691.00, 9698488.00, 8537625.00,26, 11396
112, 1697757.00, 9698375.00, 8537339.00,26, 11501
113, 1697816.00, 9698213.00, 8536921.00,26, 11605
114, 1697885.00, 9698085.00, 8536701.00,26, 11710
115, 1697887.00, 9698113.00, 8536738.00,26, 11814
116, 1697975.00, 9698113.00, 8536841.00,26, 11919
117, 1697994.00, 9697999.00, 8536846.00,26, 12023
118, 1697971.00, 9697938.00, 8536764.00,26, 12128
119, 1698008.00, 9697918.00, 8536667.00,26, 12233
120, 1697997.00, 9697888.00, 8536702.00,26, 12337
121, 1697903.00, 9697850.00, 8536707.00,26, 12442
122, 1697748.00, 9697834.00, 8536662.00,26, 12546
123, 1697633.00, 9697897.00, 8536702.00,26, 12651
124, 1697528.00, 9697957.00, 8536731.00,26, 12755
125, 1697313.00, 9697953.00, 8536903.00,26, 12860
126, 1697144.00, 9698040.00, 8536857.00,26, 12965
127, 1697072.00, 9698091.00, 8536723.00,26, 13069
128, 1696975.00, 9698116.00, 8536631.00,26, 13174
129, 1696916.00, 9698020.00, 8536756.00,26, 13278
130, 1696941.00, 9697966.00, 8536712.00,26, 13383
131, 1696956.00, 9697964.00, 8536682.00,26, 13487
132, 1696918.00, 9697861.00, 8536764.00,26, 13592
133, 1696992.00, 9697765.00, 8536733.00,26, 13696
134, 1697121.00, 9697674.00, 8536767.00,26, 13801
135, 1697233.00, 9697545.00, 8536793.00,26, 13906
136, 1697277.00, 9697449.00, 8536835.00,26, 14010
137, 1697350.00, 9697347.00, 8536755.00,26, 14115
138, 1697340.00, 9697271.00, 8536763.00,26, 14219
139, 1697290.00, 9697302.00, 8536682.00,26, 14324
140, 1697183.00, 9697289.00, 8536735.00,26, 14428
141, 1696998.00, 9697304.00, 8536761.00,26, 14533
142, 1696918.00, 9697281.00, 8536773.00,26, 14637
143, 1696818.00, 9697264.00, 8536782.00,26, 14742
144, 1696695.00, 9697411.00, 8536711.00,26, 14847
145, 1696518.00, 9697414.00, 8536733.00,26, 14951
146, 1696366.00, 9697443.00, 8536701.00,26, 15056
147, 1696278.00, 9697414.00, 8536645.00,26, 15160
148, 1696194.00, 9697373.00, 8536636.00,26, 15265
149, 1696222.00, 9697387.00, 8536685.00,26, 15369
150, 1696284.00, 9697311.00, 8536777.00,26, 15474
151, 1696359.00, 9697215.00, 8536830.00,26, 15578
152, 1696397.00, 9697066.00, 8536799.00,26, 15683
153, 1696530.00, 9697025.00, 8536762.00,26, 15788
154, 1696565.00, 9697001.00, 8536786.00,26, 15892
155, 1696714.00, 9696862.00, 8536170.00,26, 15997
156, 1696704.00, 9696708.00, 8536030.00,26, 16101
157, 1696468.00, 9696822.00, 8536728.00,26, 16206
158, 1696331.00, 9696868.00, 8536712.00,26, 16310
159, 1696319.00, 9696897.00, 8536740.00,26, 16415
160, 1696180.00, 9696903.00, 8536715.00,26, 16519
161, 1695991.00, 9696937.00, 8536743.00,26, 16624
162, 1695827.00, 9696974.00, 8536849.00,26, 16729
163, 1695783.00, 9697027.00, 8536784.00,26, 16833
164, 1695665.00, 9697044.00, 8536715.00,26, 16938
165, 1695589.00, 9696997.00, 8536744.00,26, 17042
166, 1695565.00, 9697012.00, 8536727.00,26, 17147
167, 1695579.00, 9696997.00, 8536698.00,26, 17251
168, 1695637.00, 9696857.00, 8536672.00,26, 17356
169, 1695712.00, 9696842.00, 8536626.00,26, 17460
170, 1695746.00, 9696727.00, 8536679.00,26, 17565
171, 1695809.00, 9696624.00, 8536729.00,26, 17670
172, 1695801.00, 9696529.00, 8536772.00,26, 17774
173, 1695919.00, 9696483.00, 8536779.00,26, 17879
174, 1695921.00, 9696446.00, 8536791.00,26, 17983
175, 1695826.00, 9696446.00, 8536780.00,26, 18088
176, 1695771.00, 9696477.00, 8536802.00,26, 18192
177, 1695670.00, 9696481.00, 8536707.00,26, 18297
178, 1695472.00, 9696481.00, 8536638.00,26, 18401
179, 1695314.00, 9696518.00, 8536780.00,26, 18506
180, 1695241.00, 9696514.00, 8536787.00,26, 18610
181, 1695160.00, 9696521.00, 8536690.00,26, 18715
182, 1695021.00, 9696505.00, 8536738.00,26, 18820
183, 1694929.00, 9696572.00, 8536692.00,26, 18924
184, 1694921.00, 9696497.00, 8536758.00,26, 19029
185, 1694886.00, 9696484.00, 8536745.00,26, 19133
186, 1694869.00, 9696470.00, 8536727.00,26, 19238
187, 1694963.00, 9696465.00, 8536788.00,26, 19342
188, 1695010.00, 9696382.00, 8536889.00,26, 19447
189, 1695072.00, 9696301.00, 8536751.00,26, 19551
190, 1695112.00, 9696233.00, 8536641.00,26, 19656
191, 1695140.00, 9696163.00, 8536640.00,26, 19761
192, 1695149.00, 9696087.00, 8536664.00,26, 19865
193, 1695109.00, 9696022.00, 8536737.00,26, 19970
194, 1695074.00, 9695991.00, 8536792.00,26, 20074
195, 1695027.00, 9696000.00, 8536664.00,26, 20179
196, 1694952.00, 9696047.00, 8536702.00,26, 20283
197, 1694805.00, 9696081.00, 8536730.00,26, 20388
198, 1694625.00, 9696115.00, 8536736.00,26, 20493
199, 1694491.00, 9696225.00, 8536683.00,26, 20597
200, 1694403.00, 9696251.00, 8536680.00,26, 20702
201, 1694299.00, 9696253.00, 8536738.00,26, 20806
202, 1694214.00, 9696210.00, 8536666.00,26, 20911
203, 1694244.00, 9696232.00, 8536745.00,26, 21015
204, 1694310.00, 9696179.00, 8536726.00,26, 21120
205, 1694337.00, 9696134.00, 8536785.00,26, 21224
206, 1694402.00, 9696043.00, 8536831.00,26, 21329
207, 1694485.00, 9696009.00, 8536828.00,26, 21434
208, 1694564.00, 9695838.00, 8536802.00,26, 21538
209, 1694585.00, 9695814.00, 8536701.00,26, 21643
210, 1694605.00, 9695726.00, 8536670.00,26, 21747
211, 1694589.00, 9695671.00, 8536703.00,26, 21852
212, 1694523.00, 9695720.00, 8536699.00,26, 21956
213, 1694459.00, 9695732.00, 8536685.00,26, 22061
214, 1694373.00, 9695719.00, 8536665.00,26, 22165
215, 1694290.00, 9695763.00, 8536744.00,26, 22270
216, 1694179.00, 9695823.00, 8536784.00,26, 22375
217, 1694039.00, 9695839.00, 8536667.00,26, 22479
218, 1693881.00, 9695934.00, 8536711.00,26, 22584
219, 1693787.00, 9695996.00, 8536614.00,26, 22688
220, 1693779.00, 9695935.00, 8536665.00,26, 22793
221, 1693776.00, 9695867.00, 8536684.00,26, 22897
222, 1693782.00, 9695900.00, 8536663.00,26, 23002
223, 1693758.00, 9695862.00, 8536768.00,26, 23106
224, 1693812.00, 9695726.00, 8536754.00,26, 23211
225, 1693863.00, 9695668.00, 8536786.00,26, 23316
226, 1693942.00, 9695568.00, 8536715.00,26, 23420
227, 1694074.00, 9695455.00, 8536687.00,26, 23525
228, 1694011.00, 9695449.00, 8536737.00,26, 23629
229, 1694037.00, 9695411.00, 8536906.00,26, 23734
230, 1694046.00, 9695361.00, 8536404.00,26, 23838
231, 1694107.00, 9695266.00, 8536237.00,26, 23943
232, 1694000.00, 9695280.00, 8536381.00,26, 24047
233, 1693770.00, 9695432.00, 8536775.00,26, 24152
234, 1693654.00, 9695424.00, 8536789.00,26, 24256
235, 1693574.00, 9695451.00, 8536776.00,26, 24361
236, 1693502.00, 9695538.00, 8536782.00,26, 24466
237, 1693470.00, 9695565.00, 8536553.00,26, 24570
238, 1693435.00, 9695422.00, 8536261.00,26, 24675
239, 1693378.00, 9695420.00, 8536340.00,26, 24779
240, 1693324.00, 9695411.00, 8536427.00,26, 24884
241, 1693310.00, 9695306.00, 8536457.00,26, 24988
242, 1693146.00, 9695406.00, 8536887.00,26, 25093
243, 1692985.00, 9695576.00, 8536939.00,26, 25197
244, 1692946.00, 9695451.00, 8536553.00,26, 25302
245, 1692733.00, 9695458.00, 8536826.00,26, 25407
246, 1692612.00, 9695618.00, 8536540.00,26, 25511
247, 1691813.00, 9695691.00, 8538168.00,26, 25616
248, 1690902.00, 9696938.00, 8539989.00,26, 25720
249, 1690344.00, 9697123.00, 8540082.00,26, 25825
250, 1690158.00, 9697257.00, 8539984.00,26, 25929
251, 1690456.00, 9697140.00, 8536618.00,26, 26034
252, 1690568.00, 9696700.00, 8536395.00,26, 26138
253, 1689657.00, 9697347.00, 8538984.00,26, 26243
254, 1689450.00, 9698178.00, 8537871.00,26, 26347
255, 1689697.00, 9697751.00, 8536601.00,26, 26452
256, 1689499.00, 9697683.00, 8536393.00,26, 26557
257, 1688761.00, 9698205.00, 8537855.00,26, 26661
258, 1687031.00, 9699258.00, 8544025.00,26, 26766
259, 1682060.00, 9702691.00, 8548144.00,26, 26870
260, 1679037.00, 9705671.00, 8546357.00,26, 26975
261, 1677124.00, 9705673.00, 8547265.00,26, 27079
262, 1663574.00, 9709638.00, 8554135.00,26, 27184
263, 1648968.00, 9722148.00, 8560661.00,26, 27288
264, 1642296.00, 9732432.00, 8565336.00,26, 27393
265, 1638050.00, 9734814.00, 8571180.00,26, 27498
266, 1636871.00, 9735179.00, 8570476.00,26, 27602
267, 1636782.00, 9734965.00, 8571450.00,26, 27707
268, 1633962.00, 9735829.00, 8573504.00,26, 27811
269, 1629481.00, 9739699.00, 8575596.00,26, 27916
270, 1627690.00, 9740433.00, 8571950.00,26, 28020
271, 1622414.00, 9742989.00, 8574524.00,26, 28125
272, 1617549.00, 9750468.00, 8579404.00,26, 28230
273, 1615358.00, 9750981.00, 8579473.00,26, 28334
274, 1615229.00, 9750601.00, 8580306.00,26, 28439
275, 1615164.00, 9750291.00, 8580669.00,26, 28543
276, 1614964.00, 9750020.00, 8580661.00,26, 28648
277, 1614864.00, 9749897.00, 8580606.00,26, 28752
278, 1614664.00, 9749753.00, 8580636.00,26, 28857
279, 1614382.00, 9749671.00, 8580737.00,26, 28961
280, 1614239.00, 9749559.00, 8580612.00,26, 29066
281, 1613949.00, 9749580.00, 8580552.00,26, 29171
282, 1613792.00, 9749517.00, 8580667.00,26, 29275
283, 1613861.00, 9749484.00, 8580670.00,26, 29380
284, 1613868.00, 9749423.00, 8580591.00,26, 29484
285, 1613825.00, 9749351.00, 8580458.00,26, 29589
286, 1613752.00, 9749423.00, 8580713.00,26, 29693
287, 1613615.00, 9749655.00, 8580682.00,26, 29798
288, 1613465.00, 9749874.00, 8580698.00,26, 29902
289, 1613391.00, 9749933.00, 8580710.00,26, 30007
290, 1613307.00, 9749946.00, 8580630.00,26, 30112
291, 1613214.00, 9749905.00, 8580634.00,26, 30216
292, 1613203.00, 9749851.00, 8580653.00,26, 30321
293, 1613250.00, 9749692.00, 8580630.00,26, 30425
294, 1613258.00, 9749505.00, 8580611.00,26, 30530
295, 1613142.00, 9749336.00, 8580664.00,26, 30634
296, 1612719.00, 9749310.00, 8580700.00,26, 30739
297, 1612297.00, 9749447.00, 8580733.00,26, 30843
298, 1612029.00, 9749435.00, 8580745.00,26, 30948
299, 1611844.00, 9749399.00, 8580694.00,26, 31053
300, 1611815.00, 9749398.00, 8580610.00,26, 31157
301, 1611821.00, 9749327.00, 8580739.00,26, 31262
302, 1611770.00, 9749364.00, 8580651.00,26, 31366
303, 1611768.00, 9749407.00, 8580700.00,26, 31471
304, 1611767.00, 9749652.00, 8580756.00,26, 31575
305, 1611667.00, 9749850.00, 8580744.00,26, 31680
306, 1611571.00, 9750003.00, 8580672.00,26, 31784
307, 1611388.00, 9750221.00, 8580769.00,26, 31889
308, 1611293.00, 9750146.00, 8580671.00,26, 31994
309, 1611218.00, 9749999.00, 8580699.00,26, 32098
310, 1611129.00, 9749973.00, 8580674.00,26, 32203
311, 1611144.00, 9749898.00, 8580684.00,26, 32307
312, 1611159.00, 9749558.00, 8580707.00,26, 32412
313, 1611120.00, 9749443.00, 8580594.00,26, 32516
314, 1610763.00, 9749511.00, 8580621.00,26, 32621
315, 1610272.00, 9749651.00, 8580625.00,26, 32725
316, 1609958.00, 9749672.00, 8580628.00,26, 32830
317, 1609899.00, 9749663.00, 8580619.00,26, 32935
318, 1609866.00, 9749656.00, 8580573.00,26, 33039
319, 1609811.00, 9749598.00, 8580585.00,26, 33144
320, 1609764.00, 9749616.00, 8580577.00,26, 33248
321, 1609729.00, 9749692.00, 8580764.00,26, 33353
322, 1609648.00, 9749899.00, 8580740.00,26, 33457
323, 1609504.00, 9750160.00, 8580719.00,26, 33562
324, 1609361.00, 9750309.00, 8580674.00,26, 33667
325, 1609257.00, 9750396.00, 8580667.00,26, 33771
326, 1609113.00, 9750574.00, 8580639.00,26, 33876
327, 1609054.00, 9750567.00, 8580736.00,26, 33980
328, 1609034.00, 9750334.00, 8580755.00,26, 34085
329, 1609018.00, 9750234.00, 8580749.00,26, 34189
330, 1609002.00, 9750129.00, 8580657.00,26, 34294
331, 1608942.00, 9749985.00, 8580619.00,26, 34398
332, 1608587.00, 9749969.00, 8580658.00,26, 34503
333, 1608166.00, 9750084.00, 8580658.00,26, 34608
334, 1607914.00, 9750134.00, 8580659.00,26, 34712
335, 1607770.00, 9750146.00, 8580585.00,26, 34817
336, 1607791.00, 9750037.00, 8580635.00,26, 34921
337, 1607800.00, 9749998.00, 8580674.00,26, 35026
338, 1607808.00, 9750021.00, 8580672.00,26, 35130
339, 1607791.00, 9750131.00, 8580652.00,26, 35235
340, 1607671.00, 9750350.00, 8580759.00,26, 35339
341, 1607568.00, 9750593.00, 8580741.00,26, 35444
342, 1607450.00, 9750720.00, 8580691.00,26, 35549
343, 1607347.00, 9750840.00, 8580694.00,26, 35653
344, 1607287.00, 9750823.00, 8580647.00,26, 35758
345, 1607167.00, 9750816.00, 8580697.00,26, 35862
346, 1607112.00, 9750772.00, 8580714.00,26, 35967
347, 1607139.00, 9750665.00, 8580711.00,26, 36071
348, 1607103.00, 9750553.00, 8580661.00,26, 36176
349, 1606981.00, 9750385.00, 8580591.00,26, 36280
350, 1606611.00, 9750387.00, 8580679.00,26, 36385
351, 1606198.00, 9750628.00, 8580769.00,26, 36490
352, 1605947.00, 9750593.00, 8580746.00,26, 36594
353, 1605867.00, 9750528.00, 8580722.00,26, 36699
354, 1605848.00, 9750532.00, 8580620.00,26, 36803
355, 1605887.00, 9750507.00, 8580588.00,26, 36908
356, 1605927.00, 9750514.00, 8580685.00,26, 37012
357, 1605891.00, 9750555.00, 8580638.00,26, 37117
358, 1605814.00, 9750665.00, 8580709.00,26, 37221
359, 1605719.00, 9751080.00, 8580783.00,26, 37326
360, 1605627.00, 9751143.00, 8580690.00,26, 37431
361, 1605470.00, 9751272.00, 8580679.00,26, 37535
362, 1605424.00, 9751294.00, 8580740.00,26, 37640
363, 1605391.00, 9751245.00, 8580667.00,26, 37744
364, 1605325.00, 9751177.00, 8580715.00,26, 37849
365, 1605227.00, 9751144.00, 8580713.00,26, 37953
366, 1605179.00, 9751094.00, 8580640.00,26, 38058
367, 1605096.00, 9750865.00, 8580704.00,26, 38162
368, 1604766.00, 9750910.00, 8580652.00,26, 38267
369, 1604466.00, 9750977.00, 8580608.00,26, 38372
370, 1604353.00, 9750923.00, 8580684.00,26, 38476
371, 1604303.00, 9750868.00, 8580644.00,26, 38581
372, 1604262.00, 9750858.00, 8580662.00,26, 38685
373, 1604282.00, 9750878.00, 8580625.00,26, 38790
374, 1604282.00, 9750852.00, 8580722.00,26, 38894
375, 1604308.00, 9750862.00, 8580809.00,26, 38999
376, 1604302.00, 9751074.00, 8580841.00,26, 39104
377, 1604248.00, 9751172.00, 8580781.00,26, 39208
378, 1604123.00, 9751290.00, 8580657.00,26, 39313
379, 1604031.00, 9751397.00, 8580614.00,26, 39417
380, 1603977.00, 9751440.00, 8580640.00,26, 39522
381, 1603921.00, 9751415.00, 8580620.00,26, 39626
382, 1603836.00, 9751326.00, 8580729.00,26, 39731
383, 1603773.00, 9751168.00, 8580775.00,26, 39836
384, 1603726.00, 9751077.00, 8580720.00,26, 39940
385, 1603624.00, 9751018.00, 8580857.00,26, 40045
386, 1603241.00, 9751093.00, 8580776.00,26, 40149
387, 1602870.00, 9751174.00, 8580779.00,26, 40254
388, 1602804.00, 9751192.00, 8580761.00,26, 40358
389, 1602839.00, 9751162.00, 8580741.00,26, 40463
390, 1602785.00, 9751098.00, 8580765.00,26, 40567
391, 1602761.00, 9750961.00, 8580761.00,26, 40672
392, 1602739.00, 9751025.00, 8580711.00,26, 40777
393, 1602753.00, 9751105.00, 8580698.00,26, 40881
394, 1602713.00, 9751231.00, 8580658.00,26, 40986
395, 1602655.00, 9751439.00, 8580666.00,26, 41090
396, 1602499.00, 9751617.00, 8580771.00,26, 41195
397, 1602413.00, 9751677.00, 8580755.00,26, 41299
398, 1602379.00, 9751662.00, 8580669.00,26, 41404
399, 1602351.00, 9751594.00, 8580638.00,26, 41508
400, 1602320.00, 9751522.00, 8580639.00,26, 41613
401, 1602261.00, 9751406.00, 8580737.00,26, 41718
402, 1602176.00, 9751338.00, 8580855.00,26, 41822
403, 1602104.00, 9751260.00, 8580806.00,26, 41927
404, 1601760.00, 9751282.00, 8580676.00,26, 42031
405, 1601486.00, 9751350.00, 8580654.00,26, 42136
406, 1601382.00, 9751385.00, 8580686.00,26, 42240
407, 1601324.00, 9751351.00, 8580619.00,26, 42345
408, 1601338.00, 9751429.00, 8580650.00,26, 42450
409, 1601305.00, 9751400.00, 8580694.00,26, 42554
410, 1601359.00, 9751380.00, 8580724.00,26, 42659
411, 1601361.00, 9751430.00, 8580730.00,26, 42763
412, 1601371.00, 9751545.00, 8580824.00,26, 42868
413, 1601344.00, 9751722.00, 8580855.00,26, 42972
414, 1601267.00, 9751804.00, 8580770.00,26, 43077
415, 1601163.00, 9751894.00, 8580731.00,26, 43182
416, 1601111.00, 9751843.00, 8580711.00,26, 43286
417, 1601078.00, 9751770.00, 8580798.00,26, 43391
418, 1600993.00, 9751804.00, 8580924.00,26, 43495
419, 1600950.00, 9751728.00, 8580981.00,26, 43600
420, 1600894.00, 9751641.00, 8580803.00,26, 43704
421, 1600670.00, 9751580.00, 8580844.00,26, 43809
422, 1599967.00, 9751725.00, 8581894.00,26, 43913
423, 1599127.00, 9752608.00, 8583126.00,26, 44018
424, 1598587.00, 9753058.00, 8583057.00,26, 44123
425, 1598309.00, 9753081.00, 8581996.00,26, 44227
426, 1594536.00, 9755549.00, 8585409.00,26, 44332
427, 1587671.00, 9762994.00, 8585667.00,26, 44436
428, 1585627.00, 9764698.00, 8584716.00,26, 44541
429, 1580526.00, 9767839.00, 8590635.00,26, 44645
430, 1578970.00, 9771088.00, 8588510.00,26, 44750
431, 1578669.00, 9770889.00, 8589797.00,26, 44855
432, 1576207.00, 9772870.00, 8593372.00,26, 44959
433, 1571920.00, 9775785.00, 8602149.00,26, 45064
434, 1567983.00, 9779114.00, 8603760.00,26, 45168
435, 1567116.00, 9779352.00, 8602709.00,26, 45273
436, 1567294.00, 9778739.00, 8602135.00,26, 45377
437, 1567382.00, 9778373.00, 8602181.00,26, 45482
438, 1567526.00, 9777916.00, 8602113.00,26, 45586
439, 1567491.00, 9777381.00, 8602160.00,26, 45691
440, 1567558.00, 9777100.00, 8602043.00,26, 45796
441, 1567532.00, 9776886.00, 8602007.00,26, 45900
442, 1567243.00, 9776800.00, 8602084.00,26, 46005
443, 1567124.00, 9776762.00, 8602110.00,26, 46109
444, 1567202.00, 9776685.00, 8602104.00,26, 46214
445, 1567230.00, 9776487.00, 8602155.00,26, 46318
446, 1567226.00, 9776392.00, 8602129.00,26, 46423
447, 1567170.00, 9776285.00, 8601986.00,26, 46528
448, 1567249.00, 9776180.00, 8602101.00,26, 46632
449, 1567300.00, 9776209.00, 8602157.00,26, 46737
450, 1567268.00, 9776267.00, 8602106.00,26, 46841
451, 1567252.00, 9776179.00, 8602006.00,26, 46946
452, 1567239.00, 9776113.00, 8602051.00,26, 47050
453, 1567214.00, 9776157.00, 8602131.00,26, 47155
454, 1567219.00, 9776085.00, 8602092.00,26, 47260
455, 1567194.00, 9775852.00, 8602102.00,26, 47364
456, 1567204.00, 9775727.00, 8602086.00,26, 47469
457, 1567167.00, 9775570.00, 8602026.00,26, 47573
458, 1567169.00, 9775438.00, 8602050.00,26, 47678
459, 1567151.00, 9775343.00, 8602110.00,26, 47782
460, 1566949.00, 9775288.00, 8601988.00,26, 47887
461, 1566716.00, 9775299.00, 8602070.00,26, 47991
462, 1566613.00, 9775359.00, 8602028.00,26, 48096
463, 1566629.00, 9775310.00, 8602111.00,26, 48201
464, 1566626.00, 9775261.00, 8602139.00,26, 48305
465, 1566586.00, 9775299.00, 8602091.00,26, 48410
466, 1566555.00, 9775293.00, 8602072.00,26, 48514
467, 1566591.00, 9775304.00, 8602049.00,26, 48619
468, 1566564.00, 9775428.00, 8602082.00,26, 48723
469, 1566511.00, 9775456.00, 8601926.00,26, 48828
470, 1566470.00, 9775405.00, 8601928.00,26, 48932
471, 1566454.00, 9775334.00, 8602077.00,26, 49037
472, 1566424.00, 9775203.00, 8602137.00,26, 49142
473, 1566401.00, 9775066.00, 8602133.00,26, 49246
474, 1566370.00, 9774989.00, 8602116.00,26, 49351
475, 1566330.00, 9774956.00, 8602080.00,26, 49455
476, 1566322.00, 9774820.00, 8602072.00,26, 49560
477, 1566291.00, 9774714.00, 8602125.00,26, 49664
478, 1566242.00, 9774638.00, 8602140.00,26, 49769
479, 1566113.00, 9774690.00, 8602196.00,26, 49874
480, 1565900.00, 9774821.00, 8602121.00,26, 49978
481, 1565851.00, 9774788.00, 8602070.00,26, 50083
482, 1565838.00, 9774769.00, 8602079.00,26, 50187
483, 1565829.00, 9774757.00, 8602184.00,26, 50292
484, 1565830.00, 9774791.00, 8602085.00,26, 50396
485, 1565808.00, 9774833.00, 8601972.00,26, 50501
486, 1565815.00, 9774818.00, 8602052.00,26, 50606
487, 1565809.00, 9774898.00, 8602051.00,26, 50710
488, 1565785.00, 9774858.00, 8602022.00,26, 50815
489, 1565780.00, 9774746.00, 8602021.00,26, 50919
490, 1565736.00, 9774688.00, 8602184.00,26, 51024
491, 1565795.00, 9774594.00, 8602117.00,26, 51128
492, 1565770.00, 9774490.00, 8602126.00,26, 51233
493, 1565674.00, 9774415.00, 8602063.00,26, 51337
494, 1565704.00, 9774358.00, 8602027.00,26, 51442
495, 1565661.00, 9774225.00, 8602086.00,26, 51547
496, 1565620.00, 9774172.00, 8602057.00,26, 51651
497, 1565611.00, 9774155.00, 8601996.00,26, 51756
498, 1565578.00, 9774122.00, 8602079.00,26, 51860
499, 1565540.00, 9774115.00, 8602186.00,26, 51965
500, 1565519.00, 9774165.00, 8602097.00,26, 52069
501, 1565442.00, 9774154.00, 8601995.00,26, 52174
502, 1565482.00, 9774217.00, 8602184.00,26, 52279
503, 1565499.00, 9774290.00, 8602194.00,26, 52383
504, 1565477.00, 9774211.00, 8602193.00,26, 52488
505, 1565465.00, 9774227.00, 8602095.00,26, 52592
506, 1565429.00, 9774185.00, 8602131.00,26, 52697
507, 1565480.00, 9774119.00, 8602134.00,26, 52801
508, 1565463.00, 9774079.00, 8602112.00,26, 52906
509, 1565405.00, 9773959.00, 8602112.00,26, 53010
510, 1565384.00, 9773892.00, 8602106.00,26, 53115
511, 1565389.00, 9773734.00, 8602075.00,26, 53220
512, 1565346.00, 9773741.00, 8602081.00,26, 53324
513, 1565319.00, 9773688.00, 8602138.00,26, 53429
514, 1565266.00, 9773597.00, 8602179.00,26, 53533
515, 1565255.00, 9773605.00, 8602140.00,26, 53638
516, 1565237.00, 9773621.00, 8602302.00,26, 53742
517, 1565258.00, 9773607.00, 8602184.00,26, 53847
518, 1565218.00, 9773612.00, 8602110.00,26, 53952
519, 1565101.00, 9773620.00, 8602117.00,26, 54056
520, 1565114.00, 9773643.00, 8602183.00,26, 54161
521, 1565152.00, 9773634.00, 8602194.00,26, 54265
522, 1565155.00, 9773575.00, 8602136.00,26, 54370
523, 1565207.00, 9773596.00, 8602058.00,26, 54474
524, 1565153.00, 9773559.00, 8602057.00,26, 54579
525, 1565109.00, 9773527.00, 8602049.00,26, 54684
526, 1565134.00, 9773474.00, 8602114.00,26, 54788
527, 1565126.00, 9773306.00, 8602080.00,26, 54893
528, 1565065.00, 9773263.00, 8602000.00,26, 54997
529, 1565082.00, 9773259.00, 8602019.00,26, 55102
530, 1565087.00, 9773226.00, 8602155.00,26, 55206
531, 1564982.00, 9773107.00, 8602130.00,26, 55311
532, 1564932.00, 9773020.00, 8602098.00,26, 55415
533, 1564897.00, 9773037.00, 8602160.00,26, 55520
534, 1564857.00, 9772978.00, 8602154.00,26, 55625
535, 1564844.00, 9773061.00, 8602031.00,26, 55729
536, 1564811.00, 9773072.00, 8602009.00,26, 55834
537, 1564810.00, 9773123.00, 8602083.00,26, 55938
538, 1564827.00, 9773154.00, 8602090.00,26, 56043
539, 1564860.00, 9773130.00, 8602094.00,26, 56147
540, 1564817.00, 9773079.00, 8602120.00,26, 56252
541, 1564727.00, 9773010.00, 8602106.00,26, 56357
542, 1564763.00, 9773033.00, 8602099.00,26, 56461
543, 1564798.00, 9772954.00, 8602112.00,26, 56566
544, 1564781.00, 9772961.00, 8602070.00,26, 56670
545, 1564813.00, 9772943.00, 8602115.00,26, 56775
546, 1564771.00, 9772799.00, 8602108.00,26, 56879
547, 1564799.00, 9772707.00, 8602113.00,26, 56984
548, 1564796.00, 9772685.00, 8602158.00,26, 57088
549, 1564754.00, 9772646.00, 8602160.00,26, 57193
550, 1564669.00, 9772607.00, 8602091.00,26, 57298
551, 1564535.00, 9772750.00, 8602106.00,26, 57402
552, 1564279.00, 9772833.00, 8602112.00,26, 57507
553, 1564223.00, 9772911.00, 8602132.00,26, 57611
554, 1564200.00, 9772936.00, 8602128.00,26, 57716
555, 1564193.00, 9772946.00, 8602179.00,26, 57820
556, 1564229.00, 9773032.00, 8602038.00,26, 57925
557, 1564212.00, 9773024.00, 8602172.00,26, 58029
558, 1564189.00, 9773009.00, 8602236.00,26, 58134
559, 1564287.00, 9772905.00, 8602222.00,26, 58239
560, 1564305.00, 9772841.00, 8602143.00,26, 58343
561, 1564273.00, 9772739.00, 8602148.00,26, 58448
562, 1564314.00, 9772663.00, 8602143.00,26, 58552
563, 1564264.00, 9772623.00, 8602069.00,26, 58657
564, 1564209.00, 9772560.00, 8602049.00,26, 58761
565, 1564175.00, 9772482.00, 8602314.00,26, 58866
566, 1564108.00, 9772483.00, 8602232.00,26, 58970
567, 1563952.00, 9772516.00, 8602068.00,26, 59075
568, 1563257.00, 9773037.00, 8602879.00,26, 59180
569, 1562587.00, 9773755.00, 8602974.00,26, 59284
570, 1562359.00, 9773857.00, 8602746.00,26, 59389
571, 1560142.00, 9774808.00, 8604236.00,26, 59493
572, 1555429.00, 9778294.00, 8613184.00,26, 59598
573, 1548179.00, 9782120.00, 8616881.00,26, 59702
574, 1539495.00, 9790307.00, 8615322.00,26, 59807
575, 1535946.00, 9796133.00, 8613771.00,26, 59912
576, 1527875.00, 9801800.00, 8616944.00,26, 60016
577, 1514950.00, 9808432.00, 8627392.00,26, 60121
578, 1511327.00, 9808128.00, 8628308.00,26, 60225
579, 1509826.00, 9808497.00, 8636029.00,26, 60330
580, 1501321.00, 9810780.00, 8645186.00,26, 60434
581, 1491119.00, 9820763.00, 8646480.00,26, 60539
582, 1489769.00, 9821942.00, 8644878.00,26, 60644
583, 1489334.00, 9821091.00, 8644869.00,26, 60748
584, 1489169.00, 9820694.00, 8644857.00,26, 60853
585, 1488647.00, 9820546.00, 8644795.00,26, 60957
586, 1487782.00, 9820872.00, 8644718.00,26, 61062
587, 1485388.00, 9821811.00, 8644587.00,26, 61166
588, 1479573.00, 9824934.00, 8644852.00,26, 61271
589, 1475027.00, 9829499.00, 8645182.00,26, 61376
590, 1474003.00, 9830900.00, 8644842.00,26, 61480
591, 1473276.00, 9830769.00, 8644865.00,26, 61585
592, 1472745.00, 9830920.00, 8644845.00,26, 61689
593, 1472541.00, 9830730.00, 8644875.00,26, 61794
594, 1472311.00, 9830577.00, 8644911.00,26, 61898
595, 1472085.00, 9830664.00, 8644877.00,26, 62003
596, 1471555.00, 9830626.00, 8644836.00,26, 62108
597, 1470924.00, 9830435.00, 8644785.00,26, 62212
598, 1470626.00, 9830478.00, 8644788.00,26, 62317
599, 1470451.00, 9830507.00, 8644896.00,26, 62421
600, 1470361.00, 9830450.00, 8644715.00,26, 62526
601, 1470251.00, 9830447.00, 8644700.00,26, 62630
602, 1470190.00, 9830368.00, 8644770.00,26, 62735
603, 1470102.00, 9830250.00, 8644771.00,26, 62839
604, 1470090.00, 9830168.00, 8644880.00,26, 62944
605, 1470066.00, 9830023.00, 8644790.00,26, 63049
606, 1469828.00, 9829910.00, 8644761.00,26, 63153
607, 1469716.00, 9829713.00, 8644802.00,26, 63258
608, 1469520.00, 9829697.00, 8644856.00,26, 63362
609, 1469004.00, 9829967.00, 8644801.00,26, 63467
610, 1468153.00, 9830591.00, 8644791.00,26, 63571
611, 1467424.00, 9831101.00, 8644790.00,26, 63676
612, 1467151.00, 9831371.00, 8644888.00,26, 63781
613, 1467137.00, 9831493.00, 8644821.00,26, 63885
614, 1467094.00, 9831422.00, 8644788.00,26, 63990
615, 1467097.00, 9831452.00, 8644797.00,26, 64094
616, 1467115.00, 9831414.00, 8644834.00,26, 64199
617, 1467110.00, 9831438.00, 8644810.00,26, 64303
618, 1467121.00, 9831528.00, 8644764.00,26, 64408
619, 1467066.00, 9831566.00, 8644802.00,26, 64513
620, 1467020.00, 9831496.00, 8644706.00,26, 64617
621, 1467057.00, 9831480.00, 8644800.00,26, 64722
622, 1467118.00, 9831430.00, 8644756.00,26, 64826
623, 1467173.00, 9831135.00, 8644741.00,26, 64931
624, 1467234.00, 9830987.00, 8644871.00,26, 65035
625, 1467136.00, 9830873.00, 8644876.00,26, 65140
626, 1466859.00, 9830854.00, 8644801.00,26, 65245
627, 1466746.00, 9830755.00, 8644903.00,26, 65349
628, 1466761.00, 9830604.00, 8644889.00,26, 65454
629, 1466735.00, 9830509.00, 8644815.00,26, 65558
630, 1466760.00, 9830480.00, 8644823.00,26, 65663
631, 1466772.00, 9830368.00, 8644853.00,26, 65767
632, 1466806.00, 9830386.00, 8644739.00,26, 65872
633, 1466872.00, 9830378.00, 8644758.00,26, 65976
634, 1466905.00, 9830426.00, 8644741.00,26, 66081
635, 1466844.00, 9830506.00, 8644784.00,26, 66186
636, 1466755.00, 9830586.00, 8644831.00,26, 66290
637, 1466703.00, 9830620.00, 8644864.00,26, 66395
638, 1466571.00, 9830685.00, 8644848.00,26, 66499
639, 1466459.00, 9830667.00, 8644812.00,26, 66604
640, 1466444.00, 9830528.00, 8644770.00,26, 66708
641, 1466484.00, 9830491.00, 8644865.00,26, 66813
642, 1466535.00, 9830396.00, 8644928.00,26, 66918
643, 1466491.00, 9830268.00, 8644831.00,26, 67022
644, 1466359.00, 9830194.00, 8644766.00,26, 67127
645, 1466185.00, 9830194.00, 8644844.00,26, 67231
646, 1466016.00, 9830082.00, 8644876.00,26, 67336
647, 1465936.00, 9829933.00, 8644772.00,26, 67440
648, 1465973.00, 9829855.00, 8644724.00,26, 67545
649, 1466059.00, 9829846.00, 8644755.00,26, 67650
650, 1466115.00, 9829861.00, 8644896.00,26, 67754
651, 1466090.00, 9829861.00, 8644861.00,26, 67859
652, 1466070.00, 9829977.00, 8644803.00,26, 67963
653, 1466033.00, 9830076.00, 8644789.00,26, 68068
654, 1465970.00, 9830179.00, 8644726.00,26, 68172
655, 1465904.00, 9830275.00, 8644780.00,26, 68277
656, 1465840.00, 9830337.00, 8644791.00,26, 68382
657, 1465733.00, 9830332.00, 8644880.00,26, 68486
658, 1465694.00, 9830338.00, 8645010.00,26, 68591
659, 1465648.00, 9830265.00, 8645117.00,26, 68695
660, 1465537.00, 9830164.00, 8644838.00,26, 68800
661, 1465486.00, 9830074.00, 8644772.00,26, 68904
662, 1465353.00, 9829997.00, 8644749.00,26, 69009
663, 1465130.00, 9829935.00, 8644866.00,26, 69114
664, 1465066.00, 9829911.00, 8644790.00,26, 69218
665, 1465078.00, 9829787.00, 8644815.00,26, 69323
666, 1465109.00, 9829796.00, 8644836.00,26, 69427
667, 1465109.00, 9829764.00, 8644934.00,26, 69532
668, 1465181.00, 9829685.00, 8644932.00,26, 69636
669, 1465129.00, 9829679.00, 8644932.00,26, 69741
670, 1465097.00, 9829787.00, 8644888.00,26, 69846
671, 1465066.00, 9829971.00, 8644858.00,26, 69950
672, 1464982.00, 9830106.00, 8644892.00,26, 70055
673, 1464917.00, 9830129.00, 8644899.00,26, 70159
674, 1464856.00, 9830148.00, 8644843.00,26, 70264
675, 1464786.00, 9830213.00, 8644916.00,26, 70368
676, 1464732.00, 9830236.00, 8644762.00,26, 70473
677, 1464663.00, 9830159.00, 8644877.00,26, 70577
678, 1464616.00, 9830088.00, 8644840.00,26, 70682
679, 1464556.00, 9829939.00, 8644748.00,26, 70787
680, 1464429.00, 9829909.00, 8644666.00,26, 70891
681, 1464185.00, 9829883.00, 8644681.00,26, 70996
682, 1464055.00, 9829894.00, 8644794.00,26, 71100
683, 1464087.00, 9829882.00, 8644818.00,26, 71205
684, 1464165.00, 9829758.00, 8644704.00,26, 71309
685, 1464227.00, 9829622.00, 8644842.00,26, 71414
686, 1464319.00, 9829610.00, 8644867.00,26, 71519
687, 1464322.00, 9829556.00, 8644822.00,26, 71623
688, 1464298.00, 9829635.00, 8644884.00,26, 71728
689, 1464274.00, 9829742.00, 8644854.00,26, 71832
690, 1464249.00, 9829850.00, 8644834.00,26, 71937
691, 1464171.00, 9829917.00, 8644839.00,26, 72041
692, 1464085.00, 9829989.00, 8644818.00,26, 72146
693, 1463979.00, 9830055.00, 8644880.00,26, 72251
694, 1463939.00, 9830041.00, 8644834.00,26, 72355
695, 1463838.00, 9829962.00, 8644905.00,26, 72460
696, 1463717.00, 9829910.00, 8644869.00,26, 72564
697, 1463707.00, 9829868.00, 8644791.00,26, 72669
698, 1463707.00, 9829735.00, 8644801.00,26, 72773
699, 1463534.00, 9829707.00, 8644839.00,26, 72878
700, 1463340.00, 9829773.00, 8644829.00,26, 72982
701, 1463332.00, 9829783.00, 8644663.00,26, 73087
702, 1463341.00, 9829714.00, 8644724.00,26, 73192
703, 1463354.00, 9829530.00, 8644903.00,26, 73296
704, 1463446.00, 9829510.00, 8644848.00,26, 73401
705, 1463496.00, 9829485.00, 8644820.00,26, 73505
706, 1463480.00, 9829551.00, 8644823.00,26, 73610
707, 1463465.00, 9829681.00, 8644860.00,26, 73714
708, 1463448.00, 9829754.00, 8644896.00,26, 73819
709, 1463325.00, 9829912.00, 8644845.00,26, 73924
710, 1463267.00, 9829915.00, 8644852.00,26, 74028
711, 1463194.00, 9829891.00, 8644855.00,26, 74133
712, 1463101.00, 9829868.00, 8644876.00,26, 74237
713, 1463048.00, 9829811.00, 8644782.00,26, 74342
714, 1462970.00, 9829782.00, 8644709.00,26, 74446
715, 1462933.00, 9829705.00, 8644733.00,26, 74551
716, 1462908.00, 9829644.00, 8644869.00,26, 74656
717, 1462757.00, 9829637.00, 8644866.00,26, 74760
718, 1462578.00, 9829634.00, 8644775.00,26, 74865
719, 1462496.00, 9829580.00, 8644810.00,26, 74969
720, 1462496.00, 9829519.00, 8644842.00,26, 75074
721, 1462632.00, 9829464.00, 8644972.00,26, 75178
722, 1462776.00, 9829342.00, 8644985.00,26, 75283
723, 1462832.00, 9829272.00, 8644960.00,26, 75388
724, 1462852.00, 9829266.00, 8644863.00,26, 75492
725, 1462871.00, 9829375.00, 8644814.00,26, 75597
726, 1462825.00, 9829529.00, 8644758.00,26, 75701
727, 1462780.00, 9829560.00, 8644857.00,26, 75806
728, 1462707.00, 9829594.00, 8644852.00,26, 75910
729, 1462649.00, 9829471.00, 8644831.00,26, 76015
730, 1462603.00, 9829550.00, 8644769.00,26, 76120
731, 1462552.00, 9829445.00, 8644727.00,26, 76224
732, 1462457.00, 9829438.00, 8644848.00,26, 76329
733, 1462407.00, 9829304.00, 8644825.00,26, 76433
734, 1462447.00, 9829106.00, 8644801.00,26, 76538
735, 1462339.00, 9829011.00, 8644776.00,26, 76642
736, 1462211.00, 9828912.00, 8644763.00,26, 76747
737, 1462135.00, 9828938.00, 8644760.00,26, 76852
738, 1462148.00, 9828908.00, 8644988.00,26, 76956
739, 1462240.00, 9828810.00, 8644975.00,26, 77061
740, 1462327.00, 9828768.00, 8644831.00,26, 77165
741, 1462347.00, 9828738.00, 8644761.00,26, 77270
742, 1462351.00, 9828681.00, 8644741.00,26, 77374
743, 1462381.00, 9828779.00, 8644694.00,26, 77479
744, 1462376.00, 9828901.00, 8644778.00,26, 77583
745, 1462368.00, 9828915.00, 8644884.00,26, 77688
746, 1462315.00, 9828984.00, 8644832.00,26, 77793
747, 1462166.00, 9829045.00, 8644790.00,26, 77897
748, 1462112.00, 9829159.00, 8644921.00,26, 78002
749, 1462081.00, 9829048.00, 8644903.00,26, 78106
750, 1461967.00, 9829025.00, 8644895.00,26, 78211
751, 1461826.00, 9829003.00, 8644870.00,26, 78315
752, 1461812.00, 9828981.00, 8644839.00,26, 78420
753, 1461724.00, 9828865.00, 8644880.00,26, 78525
754, 1461577.00, 9829045.00, 8644700.00,26, 78629
755, 1461477.00, 9828868.00, 8644728.00,26, 78734
756, 1461437.00, 9828899.00, 8644839.00,26, 78838
757, 1461493.00, 9828901.00, 8644836.00,26, 78943
758, 1461517.00, 9828855.00, 8644903.00,26, 79047
759, 1461573.00, 9828825.00, 8644811.00,26, 79152
760, 1461708.00, 9828782.00, 8644902.00,26, 79257
761, 1461785.00, 9828754.00, 8644828.00,26, 79361
762, 1461702.00, 9828709.00, 8644837.00,26, 79466
763, 1461678.00, 9828876.00, 8644796.00,26, 79570
764, 1461641.00, 9828906.00, 8644940.00,26, 79675
765, 1461531.00, 9828943.00, 8644843.00,26, 79779
766, 1461503.00, 9828945.00, 8644795.00,26, 79884
767, 1461509.00, 9828903.00, 8644775.00,26, 79988
768, 1461419.00, 9828817.00, 8644883.00,26, 80093
769, 1461291.00, 9828854.00, 8644878.00,26, 80198
770, 1461193.00, 9828744.00, 8644761.00,26, 80302
771, 1461110.00, 9828694.00, 8644783.00,26, 80407
772, 1461068.00, 9828689.00, 8644812.00,26, 80511
773, 1461051.00, 9828721.00, 8644969.00,26, 80616
774, 1461053.00, 9828696.00, 8644915.00,26, 80720
775, 1461070.00, 9828668.00, 8644849.00,26, 80825
776, 1461220.00, 9828533.00, 8644516.00,26, 80930
777, 1461364.00, 9828351.00, 8644540.00,26, 81034
778, 1461352.00, 9828491.00, 8644729.00,26, 81139
779, 1461288.00, 9828640.00, 8645214.00,26, 81243
780, 1461400.00, 9828356.00, 8644918.00,26, 81348
781, 1461425.00, 9828280.00, 8644676.00,26, 81452
782, 1461537.00, 9828190.00, 8643636.00,26, 81557
783, 1461494.00, 9828054.00, 8643772.00,26, 81662
784, 1461405.00, 9827974.00, 8643542.00,26, 81766
785, 1461403.00, 9827989.00, 8643569.00,26, 81871
786, 1461544.00, 9827797.00, 8642700.00,26, 81975
787, 1461505.00, 9827646.00, 8642067.00,26, 82080
788, 1461470.00, 9827722.00, 8642093.00,26, 82184
789, 1461512.00, 9827823.00, 8641475.00,26, 82289
790, 1462088.00, 9827645.00, 8638055.00,26, 82393
791, 1463140.00, 9825732.00, 8633712.00,26, 82498
792, 1463987.00, 9825176.00, 8631466.00,26, 82603
793, 1465743.00, 9823383.00, 8624708.00,26, 82707
794, 1467052.00, 9821949.00, 8618025.00,26, 82812
795, 1467737.00, 9821524.00, 8614582.00,26, 82916
796, 1468464.00, 9820859.00, 8608706.00,26, 83021
797, 1468429.00, 9820693.00, 8609329.00,26, 83125
798, 1468485.00, 9820848.00, 8609483.00,26, 83230
799, 1468852.00, 9820434.00, 8607803.00,26, 83334
800, 1469433.00, 9819749.00, 8605054.00,26, 83439
801, 1469726.00, 9819449.00, 8602819.00,26, 83544
802, 1469906.00, 9819362.00, 8602329.00,26, 83648
803, 1470003.00, 9819169.00, 8602106.00,26, 83753
804, 1470057.00, 9819059.00, 8602123.00,26, 83857
805, 1470103.00, 9819093.00, 8602161.00,26, 83962
806, 1470201.00, 9819127.00, 8602236.00,26, 84066
807, 1470361.00, 9818863.00, 8602180.00,26, 84171
808, 1470462.00, 9818984.00, 8602085.00,26, 84275
809, 1470611.00, 9818971.00, 8602048.00,26, 84380
810, 1470692.00, 9818876.00, 8602249.00,26, 84485
811, 1470748.00, 9818939.00, 8602313.00,26, 84589
812, 1470743.00, 9819032.00, 8602187.00,26, 84694
813, 1470709.00, 9819038.00, 8602207.00,26, 84798
814, 1470665.00, 9818954.00, 8602175.00,26, 84903
815, 1470596.00, 9818979.00, 8602040.00,26, 85007
816, 1470488.00, 9818914.00, 8602012.00,26, 85112
817, 1470465.00, 9818863.00, 8602144.00,26, 85216
818, 1470364.00, 9818823.00, 8602079.00,26, 85321
819, 1470290.00, 9818695.00, 8602051.00,26, 85426
820, 1470330.00, 9818646.00, 8602081.00,26, 85530
821, 1470374.00, 9818660.00, 8602132.00,26, 85635
822, 1470373.00, 9818609.00, 8602269.00,26, 85739
823, 1470455.00, 9818514.00, 8602164.00,26, 85844
824, 1470541.00, 9818556.00, 8602056.00,26, 85948
825, 1470601.00, 9818535.00, 8602008.00,26, 86053
826, 1470654.00, 9818549.00, 8602020.00,26, 86157
827, 1470773.00, 9818553.00, 8602012.00,26, 86262
828, 1470888.00, 9818564.00, 8601959.00,26, 86367
829, 1470976.00, 9818526.00, 8602004.00,26, 86471
830, 1470952.00, 9818581.00, 8602103.00,26, 86576
831, 1470926.00, 9818471.00, 8602131.00,26, 86680
832, 1470896.00, 9818483.00, 8602116.00,26, 86785
833, 1470813.00, 9818434.00, 8602178.00,26, 86889
834, 1470730.00, 9818322.00, 8602091.00,26, 86994
835, 1470630.00, 9818274.00, 8602053.00,26, 87098
836, 1470580.00, 9818284.00, 8602123.00,26, 87203
837, 1470553.00, 9818287.00, 8602154.00,26, 87308
838, 1470540.00, 9818201.00, 8602179.00,26, 87412
839, 1470499.00, 9818109.00, 8602284.00,26, 87517
840, 1470502.00, 9818052.00, 8602254.00,26, 87621
841, 1470543.00, 9818015.00, 8602073.00,26, 87726
842, 1470576.00, 9818022.00, 8602009.00,26, 87830
843, 1470634.00, 9818088.00, 8602149.00,26, 87935
844, 1470708.00, 9818051.00, 8602274.00,26, 88039
845, 1470819.00, 9818047.00, 8602152.00,26, 88144
846, 1470899.00, 9818073.00, 8602142.00,26, 88249
847, 1470975.00, 9817983.00, 8602134.00,26, 88353
848, 1471062.00, 9818006.00, 8602132.00,26, 88458
849, 1471132.00, 9817978.00, 8602110.00,26, 88562
850, 1471062.00, 9817905.00, 8602169.00,26, 88667
851, 1470942.00, 9817904.00, 8602147.00,26, 88771
852, 1470963.00, 9817874.00, 8602279.00,26, 88876
853, 1470912.00, 9817822.00, 8602235.00,26, 88980
854, 1470776.00, 9817720.00, 8602130.00,26, 89085
855, 1470634.00, 9817696.00, 8602021.00,26, 89190
856, 1470625.00, 9817677.00, 8601993.00,26, 89294
857, 1470643.00, 9817630.00, 8602081.00,26, 89399
858, 1470591.00, 9817578.00, 8602082.00,26, 89503
859, 1470615.00, 9817617.00, 8602095.00,26, 89608
860, 1470670.00, 9817613.00, 8602092.00,26, 89712
861, 1470683.00, 9817641.00, 8602136.00,26, 89817
862, 1470788.00, 9817723.00, 8602224.00,26, 89922
863, 1470886.00, 9817675.00, 8602160.00,26, 90026
864, 1470951.00, 9817637.00, 8602072.00,26, 90131
865, 1470975.00, 9817624.00, 8602160.00,26, 90235
866, 1471028.00, 9817565.00, 8602194.00,26, 90340
867, 1471046.00, 9817510.00, 8602118.00,26, 90444
868, 1471051.00, 9817484.00, 8602178.00,26, 90549
869, 1471101.00, 9817448.00, 8602183.00,26, 90653
870, 1471027.00, 9817401.00, 8602155.00,26, 90758
871, 1470925.00, 9817313.00, 8602357.00,26, 90863
872, 1470898.00, 9817221.00, 8602302.00,26, 90967
873, 1470942.00, 9817142.00, 8601482.00,26, 91072
874, 1470987.00, 9816992.00, 8601250.00,26, 91176
875, 1470922.00, 9816991.00, 8601553.00,26, 91281
876, 1471290.00, 9816729.00, 8600010.00,26, 91385
877, 1472000.00, 9815880.00, 8596399.00,26, 91490
878, 1472416.00, 9815553.00, 8594997.00,26, 91595
879, 1473145.00, 9814506.00, 8592069.00,26, 91699
880, 1473889.00, 9814050.00, 8586923.00,26, 91804
881, 1477700.00, 9811213.00, 8577194.00,26, 91908
882, 1481462.00, 9807710.00, 8577096.00,26, 92013
883, 1481084.00, 9808651.00, 8581592.00,26, 92117
884, 1480453.00, 9809424.00, 8583271.00,26, 92222
885, 1480068.00, 9810093.00, 8585417.00,26, 92326
886, 1480105.00, 9810223.00, 8584832.00,26, 92431
887, 1480354.00, 9809763.00, 8583798.00,26, 92536
888, 1480658.00, 9809370.00, 8582752.00,26, 92640
889, 1480998.00, 9808837.00, 8581327.00,26, 92745
890, 1481117.00, 9808683.00, 8580884.00,26, 92849
891, 1481138.00, 9808719.00, 8580761.00,26, 92954
892, 1481338.00, 9808344.00, 8580709.00,26, 93058
893, 1481511.00, 9808210.00, 8580641.00,26, 93163
894, 1481669.00, 9808089.00, 8580602.00,26, 93268
895, 1481750.00, 9807818.00, 8580696.00,26, 93372
896, 1481932.00, 9807861.00, 8580711.00,26, 93477
897, 1482009.00, 9807880.00, 8580714.00,26, 93581
898, 1481944.00, 9807904.00, 8580699.00,26, 93686
899, 1481963.00, 9808039.00, 8580771.00,26, 93790
900, 1481929.00, 9808263.00, 8580819.00,26, 93895
901, 1481758.00, 9808341.00, 8580778.00,26, 94000
902, 1481595.00, 9808450.00, 8580824.00,26, 94104
903, 1481523.00, 9808770.00, 8580812.00,26, 94209
904, 1481440.00, 9808701.00, 8580795.00,26, 94313
905, 1481348.00, 9808634.00, 8580736.00,26, 94418
906, 1481297.00, 9808636.00, 8580724.00,26, 94522
907, 1481283.00, 9808581.00, 8580680.00,26, 94627
908, 1481250.00, 9808368.00, 8580684.00,26, 94731
909, 1481293.00, 9808206.00, 8580726.00,26, 94836
910, 1481380.00, 9808066.00, 8580725.00,26, 94941
911, 1481484.00, 9807695.00, 8580706.00,26, 95045
912, 1481605.00, 9807647.00, 8580804.00,26, 95150
913, 1481722.00, 9807661.00, 8580775.00,26, 95254
914, 1481821.00, 9807559.00, 8580679.00,26, 95359
915, 1481919.00, 9807564.00, 8580807.00,26, 95463
916, 1481922.00, 9807641.00, 8580758.00,26, 95568
917, 1481966.00, 9807750.00, 8580844.00,26, 95673
918, 1481892.00, 9807850.00, 8580727.00,26, 95777
919, 1481764.00, 9808109.00, 8580716.00,26, 95882
920, 1481682.00, 9808180.00, 8580691.00,26, 95986
921, 1481543.00, 9808242.00, 8580742.00,26, 96091
922, 1481418.00, 9808300.00, 8580817.00,26, 96195
923, 1481325.00, 9808263.00, 8580774.00,26, 96300
924, 1481273.00, 9808232.00, 8580856.00,26, 96404
925, 1481180.00, 9808132.00, 8580784.00,26, 96509
926, 1481168.00, 9808053.00, 8580710.00,26, 96614
927, 1481200.00, 9807757.00, 8580830.00,26, 96718
928, 1481285.00, 9807637.00, 8580781.00,26, 96823
929, 1481396.00, 9807570.00, 8580868.00,26, 96927
930, 1481450.00, 9807500.00, 8580892.00,26, 97032
931, 1481571.00, 9807410.00, 8580829.00,26, 97136
932, 1481705.00, 9807392.00, 8580760.00,26, 97241
933, 1481747.00, 9807441.00, 8580697.00,26, 97345
934, 1481830.00, 9807449.00, 8580766.00,26, 97450
935, 1481855.00, 9807513.00, 8580733.00,26, 97555
936, 1481777.00, 9807638.00, 8580850.00,26, 97659
937, 1481712.00, 9807701.00, 8580796.00,26, 97764
938, 1481694.00, 9807754.00, 8580833.00,26, 97868
939, 1481602.00, 9807792.00, 8580895.00,26, 97973
940, 1481464.00, 9807972.00, 8580790.00,26, 98077
941, 1481345.00, 9807836.00, 8580764.00,26, 98182
942, 1481266.00, 9807807.00, 8580775.00,26, 98286
943, 1481199.00, 9807658.00, 8580712.00,26, 98391
944, 1481192.00, 9807513.00, 8580756.00,26, 98496
945, 1481231.00, 9807450.00, 8580787.00,26, 98600
946, 1481284.00, 9807404.00, 8580771.00,26, 98705
947, 1481284.00, 9807267.00, 8580685.00,26, 98809
948, 1481356.00, 9807158.00, 8580542.00,26, 98914
949, 1481466.00, 9807212.00, 8580678.00,26, 99018
950, 1481564.00, 9807218.00, 8580762.00,26, 99123
951, 1481603.00, 9807229.00, 8580768.00,26, 99228
952, 1481677.00, 9807351.00, 8580824.00,26, 99332
953, 1481686.00, 9807390.00, 8580739.00,26, 99437
954, 1481689.00, 9807414.00, 8580709.00,26, 99541
955, 1481753.00, 9807523.00, 8580704.00,26, 99646
956, 1481708.00, 9807553.00, 8580744.00,26, 99750
957, 1481558.00, 9807543.00, 8580765.00,26, 99855
958, 1481455.00, 9807589.00, 8580778.00,26, 99959
959, 1481390.00, 9807610.00, 8580724.00,26, 100064
960, 1481327.00, 9807493.00, 8580809.00,26, 100169
961, 1481239.00, 9807450.00, 8580872.00,26, 100273
962, 1481151.00, 9807395.00, 8580755.00,26, 100378
963, 1481100.00, 9807258.00, 8580730.00,26, 100482
964, 1481145.00, 9807145.00, 8580637.00,26, 100587
965, 1481167.00, 9807093.00, 8580721.00,26, 100691
966, 1481215.00, 9807106.00, 8580730.00,26, 100796
967, 1481282.00, 9807029.00, 8580706.00,26, 100901
968, 1481325.00, 9807093.00, 8580737.00,26, 101005
969, 1481397.00, 9807081.00, 8580750.00,26, 101110
970, 1481438.00, 9807091.00, 8580773.00,26, 101214
971, 1481520.00, 9807148.00, 8580735.00,26, 101319
972, 1481570.00, 9807230.00, 8580720.00,26, 101423
973, 1481588.00, 9807226.00, 8580756.00,26, 101528
974, 1481565.00, 9807311.00, 8580688.00,26, 101633
975, 1481492.00, 9807378.00, 8580678.00,26, 101737
976, 1481426.00, 9807302.00, 8580756.00,26, 101842
977, 1481356.00, 9807260.00, 8580773.00,26, 101946
978, 1481217.00, 9807268.00, 8580806.00,26, 102051
979, 1481105.00, 9807180.00, 8580820.00,26, 102155
980, 1481060.00, 9807053.00, 8580702.00,26, 102260
981, 1481011.00, 9806995.00, 8580525.00,26, 102364
982, 1481036.00, 9806949.00, 8580342.00,26, 102469
983, 1481126.00, 9806565.00, 8579700.00,26, 102574
984, 1481113.00, 9806712.00, 8579836.00,26, 102678
985, 1481077.00, 9806781.00, 8580500.00,26, 102783
986, 1481197.00, 9806768.00, 8580191.00,26, 102887
987, 1481283.00, 9806655.00, 8579903.00,26, 102992
988, 1481867.00, 9806411.00, 8578251.00,26, 103096
989, 1483542.00, 9805350.00, 8572600.00,26, 103201
990, 1484982.00, 9802635.00, 8566712.00,26, 103305
991, 1487388.00, 9800468.00, 8563680.00,26, 103410
992, 1491973.00, 9797022.00, 8551771.00,26, 103515
993, 1494027.00, 9795730.00, 8551715.00,26, 103619
994, 1495392.00, 9795631.00, 8551041.00,26, 103724
995, 1499466.00, 9793151.00, 8546570.00,26, 103828
996, 1503017.00, 9790772.00, 8544159.00,26, 103933
997, 1509513.00, 9787367.00, 8540091.00,26, 104037
998, 1512008.00, 9782834.00, 8540289.00,26, 104142
999, 1513281.00, 9781702.00, 8537905.00,26, 104247
1000, 1514480.00, 9781264.00, 8538473.00,26, 104351
1001, 1515302.00, 9780799.00, 8536963.00,26, 104456
1002, 1515978.00, 9780207.00, 8536561.00,26, 104560
1003, 1515554.00, 9780812.00, 8540251.00,26, 104665
1004, 1515583.00, 9781094.00, 8541222.00,26, 104769
1005, 1516156.00, 9780818.00, 8540170.00,26, 104874
1006, 1516871.00, 9779757.00, 8536926.00,26, 104979
1007, 1517129.00, 9779464.00, 8536895.00,26, 105083
1008, 1517198.00, 9779393.00, 8536933.00,26, 105188
1009, 1517308.00, 9779339.00, 8536960.00,26, 105292
1010, 1517334.00, 9779396.00, 8536944.00,26, 105397
1011, 1517466.00, 9779354.00, 8536842.00,26, 105501
1012, 1517869.00, 9778981.00, 8536943.00,26, 105606
1013, 1518159.00, 9778530.00, 8536824.00,26, 105710
1014, 1518276.00, 9778581.00, 8536785.00,26, 105815
1015, 1518562.00, 9778405.00, 8536738.00,26, 105920
1016, 1518746.00, 9778337.00, 8536663.00,26, 106024
1017, 1518773.00, 9778457.00, 8536706.00,26, 106129
1018, 1518954.00, 9778564.00, 8536727.00,26, 106233
1019, 1519308.00, 9778405.00, 8536834.00,26, 106338
1020, 1519462.00, 9778352.00, 8536911.00,26, 106442
1021, 1519624.00, 9778311.00, 8536830.00,26, 106547
1022, 1519860.00, 9778208.00, 8536856.00,26, 106652
1023, 1519941.00, 9778135.00, 8536816.00,26, 106756
1024, 1519892.00, 9778095.00, 8536821.00,26, 106861
1025, 1519880.00, 9778110.00, 8536808.00,26, 106965
1026, 1519933.00, 9778032.00, 8536747.00,26, 107070
1027, 1520017.00, 9777899.00, 8536740.00,26, 107174
1028, 1520112.00, 9777767.00, 8536824.00,26, 107279
1029, 1520183.00, 9777601.00, 8536915.00,26, 107384
1030, 1520265.00, 9777459.00, 8536858.00,26, 107488
1031, 1520363.00, 9777360.00, 8536794.00,26, 107593
1032, 1520440.00, 9777286.00, 8536822.00,26, 107697
1033, 1520502.00, 9777289.00, 8536907.00,26, 107802
1034, 1520523.00, 9777429.00, 8536786.00,26, 107906
1035, 1520531.00, 9777501.00, 8536739.00,26, 108011
1036, 1520653.00, 9777447.00, 8536854.00,26, 108116
1037, 1520869.00, 9777329.00, 8536870.00,26, 108220
1038, 1521030.00, 9777274.00, 8536895.00,26, 108325
1039, 1521161.00, 9777229.00, 8536792.00,26, 108429
1040, 1521185.00, 9777131.00, 8536850.00,26, 108534
1041, 1521169.00, 9777129.00, 8536941.00,26, 108638
1042, 1521135.00, 9777216.00, 8536903.00,26, 108743
1043, 1521130.00, 9777172.00, 8536838.00,26, 108848
1044, 1521135.00, 9777075.00, 8536923.00,26, 108952
1045, 1521180.00, 9776930.00, 8536941.00,26, 109057
1046, 1521307.00, 9776751.00, 8536905.00,26, 109161
1047, 1521409.00, 9776594.00, 8536895.00,26, 109266
1048, 1521484.00, 9776502.00, 8536803.00,26, 109370
1049, 1521536.00, 9776495.00, 8536857.00,26, 109475
1050, 1521589.00, 9776514.00, 8536844.00,26, 109580
1051, 1521610.00, 9776545.00, 8536946.00,26, 109684
1052, 1521686.00, 9776590.00, 8536886.00,26, 109789
1053, 1521707.00, 9776677.00, 8536796.00,26, 109893
1054, 1521756.00, 9776643.00, 8536756.00,26, 109998
1055, 1521873.00, 9776514.00, 8536772.00,26, 110102
1056, 1521934.00, 9776461.00, 8536833.00,26, 110207
1057, 1521982.00, 9776539.00, 8536879.00,26, 110312
1058, 1522011.00, 9776513.00, 8536925.00,26, 110416
1059, 1522021.00, 9776437.00, 8536872.00,26, 110521
1060, 1521933.00, 9776408.00, 8536779.00,26, 110625
1061, 1521892.00, 9776433.00, 8536763.00,26, 110730
1062, 1521943.00, 9776343.00, 8536891.00,26, 110834
1063, 1522057.00, 9776182.00, 8536827.00,26, 110939
1064, 1522097.00, 9776030.00, 8536687.00,26, 111044
1065, 1522094.00, 9775982.00, 8536750.00,26, 111148
1066, 1522179.00, 9775971.00, 8536802.00,26, 111253
1067, 1522262.00, 9775979.00, 8536849.00,26, 111357
1068, 1522292.00, 9775955.00, 8536896.00,26, 111462
1069, 1522355.00, 9775995.00, 8536896.00,26, 111566
1070, 1522370.00, 9776116.00, 8536886.00,26, 111671
1071, 1522408.00, 9776116.00, 8536897.00,26, 111775
1072, 1522385.00, 9776144.00, 8536908.00,26, 111880
1073, 1522480.00, 9776135.00, 8536940.00,26, 111985
1074, 1522649.00, 9776016.00, 8536965.00,26, 112089
1075, 1522698.00, 9775926.00, 8536874.00,26, 112194
1076, 1522728.00, 9775917.00, 8536843.00,26, 112298
1077, 1522721.00, 9775922.00, 8536744.00,26, 112403
1078, 1522690.00, 9775819.00, 8536871.00,26, 112507
1079, 1522634.00, 9775820.00, 8536921.00,26, 112612
1080, 1522612.00, 9775763.00, 8536907.00,26, 112717
1081, 1522674.00, 9775656.00, 8536859.00,26, 112821
1082, 1522747.00, 9775570.00, 8536903.00,26, 112926
1083, 1522731.00, 9775479.00, 8536797.00,26, 113030
1084, 1522698.00, 9775507.00, 8536827.00,26, 113135
1085, 1522803.00, 9775541.00, 8536842.00,26, 113239
1086, 1522884.00, 9775291.00, 8536646.00,26, 113344
1087, 1523039.00, 9775076.00, 8536006.00,26, 113449
1088, 1523153.00, 9774746.00, 8535885.00,26, 113553
1089, 1525051.00, 9774043.00, 8536733.00,26, 113658
1090, 1545716.00, 9763510.00, 8523429.00,26, 113762
1091, 1575578.00, 9737881.00, 8516830.00,26, 113867
1092, 1584230.00, 9728654.00, 8514280.00,26, 113971
1093, 1588928.00, 9726114.00, 8512340.00,26, 114076
1094, 1602866.00, 9708753.00, 8509477.00,26, 114181
1095, 1627574.00, 9691544.00, 8503520.00,26, 114285
1096, 1634618.00, 9690450.00, 8501989.00,26, 114390
1097, 1635451.00, 9691427.00, 8502934.00,26, 114494
1098, 1637981.00, 9690325.00, 8501436.00,26, 114599
1099, 1640138.00, 9689483.00, 8499351.00,26, 114703
1100, 1648955.00, 9687022.00, 8496371.00,26, 114808
1101, 1663275.00, 9678427.00, 8493406.00,26, 114912
1102, 1666498.00, 9677379.00, 8493084.00,26, 115017
1103, 1666536.00, 9678142.00, 8493056.00,26, 115122
1104, 1666576.00, 9678499.00, 8492989.00,26, 115226
1105, 1666631.00, 9678772.00, 8493026.00,26, 115331
1106, 1666732.00, 9679030.00, 8493150.00,26, 115435
1107, 1667042.00, 9679105.00, 8493098.00,26, 115540
1108, 1667382.00, 9679208.00, 8493006.00,26, 115644
1109, 1667492.00, 9679472.00, 8493067.00,26, 115749
1110, 1667530.00, 9679687.00, 8493121.00,26, 115854
1111, 1667692.00, 9679683.00, 8493093.00,26, 115958
1112, 1667993.00, 9679550.00, 8493049.00,26, 116063
1113, 1668274.00, 9679518.00, 8493025.00,26, 116167
1114, 1668414.00, 9679633.00, 8493024.00,26, 116272
1115, 1668504.00, 9679623.00, 8493064.00,26, 116376
1116, 1668806.00, 9679490.00, 8493115.00,26, 116481
1117, 1669240.00, 9679261.00, 8493056.00,26, 116585
1118, 1669530.00, 9679139.00, 8493192.00,26, 116690
1119, 1669632.00, 9679196.00, 8493000.00,26, 116795
1120, 1669802.00, 9679185.00, 8492981.00,26, 116899
1121, 1670163.00, 9678916.00, 8492992.00,26, 117004
1122, 1670520.00, 9678702.00, 8493034.00,26, 117108
1123, 1670758.00, 9678681.00, 8493080.00,26, 117213
1124, 1671065.00, 9678713.00, 8493013.00,26, 117317
1125, 1671224.00, 9678716.00, 8493012.00,26, 117422
1126, 1671324.00, 9678654.00, 8493046.00,26, 117527
1127, 1671359.00, 9678716.00, 8492938.00,26, 117631
1128, 1671419.00, 9678766.00, 8492971.00,26, 117736
1129, 1671711.00, 9678729.00, 8493113.00,26, 117840
1130, 1671883.00, 9678672.00, 8493141.00,26, 117945
1131, 1672000.00, 9678495.00, 8493113.00,26, 118049
1132, 1672064.00, 9678326.00, 8493048.00,26, 118154
1133, 1672104.00, 9678357.00, 8492985.00,26, 118259
1134, 1672130.00, 9678541.00, 8492992.00,26, 118363
1135, 1672122.00, 9678483.00, 8492995.00,26, 118468
1136, 1672232.00, 9678289.00, 8493094.00,26, 118572
1137, 1672307.00, 9678239.00, 8493100.00,26, 118677
1138, 1672397.00, 9678324.00, 8492996.00,26, 118781
1139, 1672627.00, 9678323.00, 8493082.00,26, 118886
1140, 1672745.00, 9678283.00, 8492933.00,26, 118991
1141, 1672713.00, 9678290.00, 8492934.00,26, 119095
1142, 1672667.00, 9678543.00, 8493064.00,26, 119200
1143, 1672845.00, 9678571.00, 8493039.00,26, 119304
1144, 1673134.00, 9678434.00, 8492950.00,26, 119409
1145, 1673277.00, 9678363.00, 8492923.00,26, 119514
1146, 1673319.00, 9678298.00, 8492992.00,26, 119618
1147, 1673323.00, 9678217.00, 8493115.00,26, 119723
1148, 1673347.00, 9678240.00, 8492951.00,26, 119827
1149, 1673380.00, 9678347.00, 8492836.00,26, 119932
1150, 1673429.00, 9678226.00, 8492897.00,26, 120036
1151, 1673469.00, 9678080.00, 8493039.00,26, 120141
1152, 1673543.00, 9678005.00, 8493129.00,26, 120246
1153, 1673664.00, 9678038.00, 8493031.00,26, 120350
1154, 1673726.00, 9678095.00, 8493018.00,26, 120455
1155, 1673756.00, 9678155.00, 8492940.00,26, 120559
1156, 1673766.00, 9678208.00, 8493000.00,26, 120664
1157, 1673754.00, 9678181.00, 8492992.00,26, 120768
1158, 1673776.00, 9678208.00, 8492983.00,26, 120873
1159, 1673934.00, 9678199.00, 8492941.00,26, 120978
1160, 1674020.00, 9678212.00, 8493106.00,26, 121082
1161, 1674103.00, 9678183.00, 8492984.00,26, 121187
1162, 1674127.00, 9678103.00, 8492989.00,26, 121291
1163, 1674123.00, 9678106.00, 8493099.00,26, 121396
1164, 1674117.00, 9678162.00, 8493016.00,26, 121500
1165, 1674113.00, 9678173.00, 8493027.00,26, 121605
1166, 1674155.00, 9678101.00, 8493040.00,26, 121710
1167, 1674268.00, 9677991.00, 8492977.00,26, 121814
1168, 1674239.00, 9678000.00, 8492995.00,26, 121919
1169, 1674165.00, 9678017.00, 8493035.00,26, 122023
1170, 1674153.00, 9677994.00, 8493016.00,26, 122128
1171, 1674223.00, 9678010.00, 8492973.00,26, 122232
1172, 1674263.00, 9678018.00, 8493044.00,26, 122337
1173, 1674238.00, 9678113.00, 8493035.00,26, 122442
1174, 1674339.00, 9678114.00, 8492942.00,26, 122546
1175, 1674505.00, 9678048.00, 8492984.00,26, 122651
1176, 1674633.00, 9677976.00, 8492920.00,26, 122755
1177, 1674653.00, 9677935.00, 8492977.00,26, 122860
1178, 1674663.00, 9677929.00, 8493013.00,26, 122965
1179, 1674661.00, 9677981.00, 8493018.00,26, 123069
1180, 1674642.00, 9678000.00, 8492994.00,26, 123174
1181, 1674668.00, 9677950.00, 8493070.00,26, 123278
1182, 1674712.00, 9677840.00, 8493148.00,26, 123383
1183, 1674767.00, 9677827.00, 8493277.00,26, 123487
1184, 1674792.00, 9677830.00, 8493144.00,26, 123592
1185, 1674791.00, 9677805.00, 8493035.00,26, 123697
1186, 1674833.00, 9677774.00, 8493027.00,26, 123801
1187, 1674855.00, 9677799.00, 8493043.00,26, 123906
1188, 1674830.00, 9677844.00, 8492994.00,26, 124010
1189, 1674913.00, 9677817.00, 8493024.00,26, 124115
1190, 1675141.00, 9677749.00, 8493020.00,26, 124220
1191, 1675226.00, 9677697.00, 8493100.00,26, 124324
1192, 1675290.00, 9677674.00, 8493018.00,26, 124429
1193, 1675273.00, 9677708.00, 8493012.00,26, 124533
1194, 1675281.00, 9677710.00, 8493024.00,26, 124638
1195, 1675387.00, 9677709.00, 8492997.00,26, 124742
1196, 1675436.00, 9677719.00, 8493047.00,26, 124847
1197, 1675422.00, 9677628.00, 8493070.00,26, 124952
1198, 1675404.00, 9677537.00, 8493076.00,26, 125056
1199, 1675412.00, 9677513.00, 8493093.00,26, 125161
1200, 1675431.00, 9677525.00, 8493061.00,26, 125265
1201, 1675434.00, 9677462.00, 8493058.00,26, 125370
1202, 1675481.00, 9677468.00, 8493115.00,26, 125474
1203, 1675491.00, 9677537.00, 8493113.00,26, 125579
1204, 1675500.00, 9677548.00, 8493159.00,26, 125684
1205, 1675559.00, 9677532.00, 8493013.00,26, 125788
1206, 1675662.00, 9677533.00, 8492978.00,26, 125893
1207, 1675741.00, 9677564.00, 8492960.00,26, 125997
1208, 1675761.00, 9677603.00, 8493066.00,26, 126102
1209, 1675822.00, 9677590.00, 8493082.00,26, 126206
1210, 1676029.00, 9677502.00, 8493026.00,26, 126311
1211, 1676702.00, 9676983.00, 8492967.00,26, 126416
1212, 1677183.00, 9676551.00, 8492980.00,26, 126520
1213, 1677296.00, 9676460.00, 8493015.00,26, 126625
1214, 1677249.00, 9676432.00, 8492925.00,26, 126729
1215, 1677282.00, 9676507.00, 8493017.00,26, 126834
1216, 1677307.00, 9676496.00, 8493013.00,26, 126939
1217, 1677307.00, 9676554.00, 8493048.00,26, 127043
1218, 1677328.00, 9676665.00, 8493055.00,26, 127148
1219, 1677309.00, 9676719.00, 8493115.00,26, 127252
1220, 1677255.00, 9676784.00, 8493132.00,26, 127357