1, 1738487.00, 9691035.00, 8492927.00,26, 0
2, 1737748.00, 9691065.00, 8492999.00,26, 0
3, 1735746.00, 9691044.00, 8492801.00,26, 104
4, 1734764.00, 9690934.00, 8492834.00,26, 209
5, 1734857.00, 9690933.00, 8492847.00,26, 313
6, 1735180.00, 9690907.00, 8492926.00,26, 418
7, 1735311.00, 9690845.00, 8493078.00,26, 522
8, 1735262.00, 9690811.00, 8492922.00,26, 627
9, 1735211.00, 9690756.00, 8492819.00,26, 731
10, 1735172.00, 9690671.00, 8492841.00,26, 836
11, 1735104.00, 9690550.00, 8492862.00,26, 940
12, 1735000.00, 9690500.00, 8492900.00,26, 1045
13, 1734929.00, 9690473.00, 8492926.00,26, 1149
14, 1734754.00, 9690321.00, 8492982.00,26, 1254
15, 1734587.00, 9690272.00, 8492984.00,26, 1358
16, 1734494.00, 9690061.00, 8492899.00,26, 1463
17, 1734433.00, 9689939.00, 8492903.00,26, 1568
18, 1734361.00, 9689891.00, 8492902.00,26, 1672
19, 1734270.00, 9689789.00, 8492915.00,26, 1777
20, 1734149.00, 9689683.00, 8492851.00,26, 1881
21, 1734028.00, 9689648.00, 8492863.00,26, 1986
22, 1733988.00, 9689634.00, 8492976.00,26, 2090
23, 1733942.00, 9689536.00, 8492858.00,26, 2195
24, 1733795.00, 9689364.00, 8492756.00,26, 2299
25, 1733693.00, 9689338.00, 8492750.00,26, 2404
26, 1733654.00, 9689315.00, 8492769.00,26, 2508
27, 1733583.00, 9689206.00, 8492843.00,26, 2613
28, 1733506.00, 9689097.00, 8492989.00,26, 2717
29, 1733430.00, 9689007.00, 8492935.00,26, 2822
30, 1733379.00, 9688921.00, 8492903.00,26, 2926
31, 1733285.00, 9688826.00, 8492874.00,26, 3031
32, 1733172.00, 9688745.00, 8492816.00,26, 3135
33, 1733080.00, 9688643.00, 8492810.00,26, 3240
34, 1733012.00, 9688517.00, 8492840.00,26, 3344
35, 1732961.00, 9688421.00, 8492930.00,26, 3449
36, 1732875.00, 9688336.00, 8492892.00,26, 3554
37, 1732799.00, 9688281.00, 8492863.00,26, 3658
38, 1732775.00, 9688274.00, 8492856.00,26, 3763
39, 1732708.00, 9688228.00, 8492926.00,26, 3867
40, 1732617.00, 9688225.00, 8492940.00,26, 3972
41, 1732611.00, 9688190.00, 8492917.00,26, 4076
42, 1732534.00, 9688071.00, 8492911.00,26, 4181
43, 1732439.00, 9687985.00, 8492910.00,26, 4285
44, 1732359.00, 9687928.00, 8492903.00,26, 4390
45, 1732290.00, 9687871.00, 8492833.00,26, 4494
46, 1732225.00, 9687816.00, 8492965.00,26, 4599
47, 1732121.00, 9687747.00, 8492994.00,26, 4703
48, 1732020.00, 9687588.00, 8492940.00,26, 4808
49, 1731992.00, 9687519.00, 8492960.00,26, 4912
50, 1731970.00, 9687439.00, 8492960.00,26, 5017
51, 1731893.00, 9687422.00, 8492833.00,26, 5122
52, 1731826.00, 9687382.00, 8492961.00,26, 5226
53, 1731801.00, 9687271.00, 8493015.00,26, 5331
54, 1731662.00, 9687197.00, 8493013.00,26, 5435
55, 1731529.00, 9687113.00, 8493005.00,26, 5540
56, 1731451.00, 9686934.00, 8493035.00,26, 5644
57, 1731389.00, 9686972.00, 8492966.00,26, 5749
58, 1731344.00, 9686901.00, 8492936.00,26, 5853
59, 1731277.00, 9686795.00, 8492864.00,26, 5958
60, 1731196.00, 9686760.00, 8492852.00,26, 6062
61, 1731155.00, 9686759.00, 8492766.00,26, 6167
62, 1731071.00, 9686737.00, 8492759.00,26, 6271
63, 1730979.00, 9686681.00, 8492845.00,26, 6376
64, 1730921.00, 9686510.00, 8492826.00,26, 6480
65, 1730856.00, 9686437.00, 8492894.00,26, 6585
66, 1730727.00, 9686387.00, 8492763.00,26, 6690
67, 1730672.00, 9686329.00, 8492818.00,26, 6794
68, 1730626.00, 9686281.00, 8492886.00,26, 6899
69, 1730480.00, 9686213.00, 8492847.00,26, 7003
70, 1730488.00, 9686251.00, 8492797.00,26, 7108
71, 1730480.00, 9686192.00, 8492892.00,26, 7212
72, 1730363.00, 9686075.00, 8492933.00,26, 7317
73, 1730192.00, 9685973.00, 8492833.00,26, 7421
74, 1730164.00, 9685938.00, 8492880.00,26, 7526
75, 1730102.00, 9685862.00, 8492871.00,26, 7630
76, 1730080.00, 9685713.00, 8492895.00,26, 7735
77, 1730025.00, 9685688.00, 8492907.00,26, 7839
78, 1730011.00, 9685645.00, 8492919.00,26, 7944
79, 1729971.00, 9685617.00, 8492877.00,26, 8048
80, 1729974.00, 9685479.00, 8492986.00,26, 8153
81, 1729924.00, 9685478.00, 8492909.00,26, 8258
82, 1729844.00, 9685434.00, 8492880.00,26, 8362
83, 1729798.00, 9685397.00, 8492943.00,26, 8467
84, 1729736.00, 9685328.00, 8493008.00,26, 8571
85, 1729652.00, 9685282.00, 8493051.00,26, 8676
86, 1729592.00, 9685209.00, 8492946.00,26, 8780
87, 1729456.00, 9685109.00, 8492785.00,26, 8885
88, 1729429.00, 9685009.00, 8492907.00,26, 8989
89, 1729423.00, 9684986.00, 8492968.00,26, 9094
90, 1729380.00, 9684926.00, 8492907.00,26, 9198
91, 1729305.00, 9684823.00, 8492984.00,26, 9303
92, 1729189.00, 9684768.00, 8492874.00,26, 9407
93, 1729090.00, 9684748.00, 8492914.00,26, 9512
94, 1729093.00, 9684763.00, 8492929.00,26, 9617
95, 1729014.00, 9684658.00, 8493035.00,26, 9721
96, 1728936.00, 9684597.00, 8493039.00,26, 9826
97, 1728900.00, 9684550.00, 8492957.00,26, 9930
98, 1728851.00, 9684530.00, 8492931.00,26, 10035
99, 1728752.00, 9684488.00, 8492912.00,26, 10139
100, 1728678.00, 9684400.00, 8492821.00,26, 10244
101, 1728635.00, 9684352.00, 8492958.00,26, 10348
102, 1728646.00, 9684317.00, 8492971.00,26, 10453
103, 1728559.00, 9684193.00, 8492895.00,26, 10557
104, 1728480.00, 9684174.00, 8492923.00,26, 10662
105, 1728433.00, 9684099.00, 8492943.00,26, 10766
106, 1728384.00, 9684044.00, 8492880.00,26, 10871
107, 1728300.00, 9683929.00, 8492891.00,26, 10976
108, 1728219.00, 9683773.00, 8493032.00,26, 11080
109, 1728193.00, 9683726.00, 8492971.00,26, 11185
110, 1728141.00, 9683715.00, 8492876.00,26, 11289
111, 1728047.00, 9683606.00, 8492942.00,26, 11394
112, 1727960.00, 9683509.00, 8492894.00,26, 11498
113, 1727900.00, 9683488.00, 8492932.00,26, 11603
114, 1727862.00, 9683529.00, 8493030.00,26, 11707
115, 1727891.00, 9683473.00, 8492862.00,26, 11812
116, 1727844.00, 9683429.00, 8492834.00,26, 11916
117, 1727745.00, 9683427.00, 8492902.00,26, 12021
118, 1727741.00, 9683448.00, 8492917.00,26, 12125
119, 1727734.00, 9683506.00, 8492910.00,26, 12230
120, 1727743.00, 9683500.00, 8492937.00,26, 12335
121, 1727672.00, 9683511.00, 8492948.00,26, 12439
122, 1727594.00, 9683462.00, 8492980.00,26, 12544
123, 1727555.00, 9683431.00, 8493013.00,26, 12648
124, 1727454.00, 9683357.00, 8492947.00,26, 12753
125, 1727509.00, 9683419.00, 8492969.00,26, 12857
126, 1727610.00, 9683601.00, 8492978.00,26, 12962
127, 1727344.00, 9683394.00, 8492932.00,26, 13066
128, 1727046.00, 9683309.00, 8492915.00,26, 13171