1, 1865867.00, 9070753.00, 8492454.00,25, 0
2, 1865615.00, 9071255.00, 8492525.00,25, 0
3, 1865614.00, 9071782.00, 8492765.00,25, 105
4, 1865600.00, 9072230.00, 8492660.00,25, 209
5, 1865528.00, 9073346.00, 8492420.00,25, 314
6, 1865599.00, 9074027.00, 8492280.00,25, 418
7, 1865618.00, 9074548.00, 8492332.00,25, 523
8, 1865562.00, 9075009.00, 8492412.00,25, 628
9, 1865409.00, 9075402.00, 8492258.00,25, 732
10, 1865275.00, 9075733.00, 8492239.00,25, 837
11, 1865236.00, 9076194.00, 8492642.00,25, 941
12, 1865175.00, 9076743.00, 8492460.00,25, 1046
13, 1865123.00, 9077821.00, 8492430.00,25, 1150
14, 1865066.00, 9078239.00, 8492497.00,25, 1255
15, 1864982.00, 9078530.00, 8492400.00,25, 1359
16, 1864939.00, 9079023.00, 8492240.00,25, 1464
17, 1864920.00, 9079393.00, 8492444.00,25, 1568
18, 1864949.00, 9079769.00, 8492657.00,25, 1673
19, 1864949.00, 9080228.00, 8492571.00,25, 1777
20, 1864922.00, 9080687.00, 8492389.00,25, 1882
21, 1864865.00, 9081640.00, 8492468.00,25, 1987
22, 1864852.00, 9082185.00, 8492722.00,25, 2091
23, 1864776.00, 9082615.00, 8492668.00,25, 2196
24, 1864671.00, 9083122.00, 8492494.00,25, 2300
25, 1864620.00, 9083641.00, 8492549.00,25, 2405
26, 1864544.00, 9084120.00, 8492350.00,25, 2509
27, 1864584.00, 9084618.00, 8492334.00,25, 2614
28, 1864550.00, 9085103.00, 8492534.00,25, 2718
29, 1864415.00, 9086012.00, 8492783.00,25, 2823
30, 1864409.00, 9086469.00, 8492664.00,25, 2927
31, 1864414.00, 9086896.00, 8492806.00,25, 3032
32, 1864443.00, 9087343.00, 8492463.00,25, 3136
33, 1864373.00, 9087819.00, 8492384.00,25, 3241
34, 1864332.00, 9088191.00, 8492208.00,25, 3345
35, 1864307.00, 9088531.00, 8492393.00,25, 3450
36, 1864273.00, 9088845.00, 8492469.00,25, 3555
37, 1864248.00, 9089648.00, 8492588.00,25, 3659
38, 1864204.00, 9090003.00, 8492469.00,25, 3764
39, 1864173.00, 9090409.00, 8492520.00,25, 3868
40, 1864136.00, 9090856.00, 8492436.00,25, 3973
41, 1864058.00, 9091245.00, 8492350.00,25, 4077
42, 1863983.00, 9091640.00, 8492322.00,25, 4182
43, 1864005.00, 9092070.00, 8492470.00,25, 4286
44, 1863984.00, 9092512.00, 8492693.00,25, 4391
45, 1863959.00, 9093376.00, 8492603.00,25, 4495
46, 1863912.00, 9093823.00, 8492608.00,25, 4600
47, 1863864.00, 9094259.00, 8492671.00,25, 4704
48, 1863895.00, 9094668.00, 8492638.00,25, 4809
49, 1863904.00, 9095065.00, 8492619.00,25, 4913
50, 1863852.00, 9095405.00, 8492617.00,25, 5018
51, 1863749.00, 9095782.00, 8492470.00,25, 5122
52, 1863761.00, 9096165.00, 8492558.00,25, 5227
53, 1863703.00, 9096823.00, 8492540.00,25, 5332
54, 1863512.00, 9096974.00, 8492220.00,25, 5436
55, 1863364.00, 9097197.00, 8492117.00,25, 5541
56, 1863595.00, 9097738.00, 8492302.00,25, 5645
57, 1863670.00, 9098261.00, 8492437.00,25, 5750
58, 1863636.00, 9098637.00, 8492540.00,25, 5854
59, 1863644.00, 9098929.00, 8492470.00,25, 5959
60, 1863577.00, 9099314.00, 8492639.00,25, 6063
61, 1863530.00, 9100026.00, 8492432.00,25, 6168
62, 1863507.00, 9100400.00, 8492477.00,25, 6272
63, 1863444.00, 9100807.00, 8492644.00,25, 6377
64, 1863403.00, 9101116.00, 8492514.00,25, 6481
65, 1863370.00, 9101410.00, 8492486.00,25, 6586
66, 1863291.00, 9101701.00, 8492645.00,25, 6690
67, 1863303.00, 9102050.00, 8492757.00,25, 6795
68, 1863351.00, 9102332.00, 8492544.00,25, 6899
69, 1863340.00, 9102895.00, 8492550.00,25, 7004
70, 1863322.00, 9103159.00, 8492432.00,25, 7108
71, 1863329.00, 9103500.00, 8492557.00,25, 7213
72, 1863309.00, 9103781.00, 8492555.00,25, 7318
73, 1863253.00, 9104170.00, 8492422.00,25, 7422
74, 1862758.00, 9104355.00, 8492598.00,25, 7527
75, 1862567.00, 9104212.00, 8492555.00,25, 7631
76, 1863067.00, 9104862.00, 8492800.00,25, 7736
77, 1863117.00, 9105735.00, 8492587.00,25, 7840
78, 1863085.00, 9106098.00, 8492459.00,25, 7945
79, 1863017.00, 9106427.00, 8492354.00,25, 8049
80, 1862948.00, 9106738.00, 8492468.00,25, 8154
81, 1862944.00, 9107000.00, 8492656.00,25, 8258
82, 1862919.00, 9107235.00, 8492771.00,25, 8363
83, 1862917.00, 9107580.00, 8492546.00,25, 8467
84, 1862900.00, 9107841.00, 8492554.00,25, 8572
85, 1862973.00, 9108244.00, 8492570.00,25, 8676
86, 1862928.00, 9108438.00, 8492515.00,25, 8781
87, 1862888.00, 9108672.00, 8492469.00,25, 8885
88, 1862947.00, 9109020.00, 8492457.00,25, 8990
89, 1862897.00, 9109295.00, 8492502.00,25, 9094
90, 1862839.00, 9109576.00, 8492367.00,25, 9199
91, 1862842.00, 9109905.00, 8492277.00,25, 9304
92, 1862812.00, 9110208.00, 8492446.00,25, 9408
93, 1862714.00, 9110790.00, 8492467.00,25, 9513
94, 1862682.00, 9111155.00, 8492234.00,25, 9617
95, 1862679.00, 9111439.00, 8492647.00,25, 9722
96, 1862651.00, 9111684.00, 8492578.00,25, 9826
97, 1862663.00, 9111992.00, 8492399.00,25, 9931
98, 1862697.00, 9112260.00, 8492502.00,25, 10035
99, 1862606.00, 9112483.00, 8492307.00,25, 10140
100, 1862608.00, 9112676.00, 8492219.00,25, 10244
101, 1862667.00, 9113078.00, 8492479.00,25, 10349
102, 1862602.00, 9113260.00, 8492505.00,25, 10453
103, 1862564.00, 9113511.00, 8492640.00,25, 10558
104, 1862539.00, 9113768.00, 8492544.00,25, 10662
105, 1862536.00, 9113990.00, 8492502.00,25, 10767
106, 1862498.00, 9114270.00, 8492390.00,25, 10871
107, 1862468.00, 9114493.00, 8492363.00,25, 10976
108, 1862419.00, 9114752.00, 8492603.00,25, 11080
109, 1862397.00, 9115278.00, 8492575.00,25, 11185
110, 1862401.00, 9115485.00, 8492578.00,25, 11290
111, 1862383.00, 9115711.00, 8492529.00,25, 11394
112, 1862389.00, 9115966.00, 8492429.00,25, 11499
113, 1862358.00, 9116182.00, 8492518.00,25, 11603
114, 1862351.00, 9116366.00, 8492518.00,25, 11708
115, 1862321.00, 9116476.00, 8492390.00,25, 11812
116, 1862355.00, 9116683.00, 8492578.00,25, 11917
117, 1862435.00, 9117072.00, 8492667.00,25, 12021
118, 1862375.00, 9117254.00, 8492625.00,25, 12126
119, 1862289.00, 9117630.00, 8492354.00,25, 12230
120, 1862283.00, 9117925.00, 8492169.00,25, 12335
121, 1862198.00, 9118158.00, 8492093.00,25, 12439
122, 1862172.00, 9118390.00, 8492462.00,25, 12544
123, 1862123.00, 9118593.00, 8492597.00,25, 12648
124, 1862058.00, 9118826.00, 8492431.00,25, 12753
125, 1861983.00, 9119219.00, 8492382.00,25, 12857
126, 1861957.00, 9119434.00, 8492446.00,25, 12962
127, 1861973.00, 9119727.00, 8492587.00,25, 13067
128, 1861942.00, 9120048.00, 8492564.00,25, 13171
129, 1861851.00, 9120305.00, 8492633.00,25, 13276
130, 1861814.00, 9120500.00, 8492316.00,25, 13380
131, 1861890.00, 9120760.00, 8492456.00,25, 13485
132, 1861911.00, 9120948.00, 8492564.00,25, 13589
133, 1861880.00, 9121388.00, 8492574.00,25, 13694
134, 1861875.00, 9121609.00, 8492488.00,25, 13798
135, 1861811.00, 9121864.00, 8492324.00,25, 13903
136, 1861738.00, 9122055.00, 8492067.00,25, 14007
137, 1861754.00, 9122113.00, 8492201.00,25, 14112
138, 1861812.00, 9122299.00, 8492282.00,25, 14216
139, 1861767.00, 9122556.00, 8492450.00,25, 14321
140, 1861712.00, 9122817.00, 8492534.00,25, 14425
141, 1861616.00, 9123186.00, 8492662.00,25, 14530
142, 1861570.00, 9123458.00, 8492689.00,25, 14635
143, 1861475.00, 9123661.00, 8492833.00,25, 14739
