1, 1859425.00, 9128442.00, 8492444.00,25, 0
2, 1858787.00, 9128505.00, 8492569.00,25, 0
3, 1857869.00, 9128782.00, 8492527.00,25, 104
4, 1857643.00, 9129277.00, 8492461.00,25, 209
5, 1857525.00, 9129321.00, 8492581.00,25, 313
6, 1857503.00, 9129361.00, 8492831.00,25, 418
7, 1857477.00, 9129428.00, 8492608.00,25, 522
8, 1857410.00, 9129448.00, 8492229.00,25, 627
9, 1857365.00, 9129581.00, 8492289.00,25, 731
10, 1857343.00, 9129689.00, 8492519.00,25, 836
11, 1857378.00, 9129796.00, 8492392.00,25, 941
12, 1857431.00, 9130002.00, 8492427.00,25, 1045
13, 1857283.00, 9130102.00, 8492509.00,25, 1150
14, 1857164.00, 9130212.00, 8492654.00,25, 1254
15, 1857136.00, 9130277.00, 8492432.00,25, 1359
16, 1857091.00, 9130483.00, 8492432.00,25, 1463
17, 1857003.00, 9130773.00, 8492586.00,25, 1568
18, 1856981.00, 9130867.00, 8492436.00,25, 1672
19, 1856992.00, 9131072.00, 8492350.00,25, 1777
20, 1856968.00, 9131233.00, 8492384.00,25, 1882
21, 1856868.00, 9131289.00, 8492420.00,25, 1986
22, 1856817.00, 9131337.00, 8492442.00,25, 2091
23, 1856810.00, 9131474.00, 8492619.00,25, 2195
24, 1856827.00, 9131631.00, 8492540.00,25, 2300
25, 1856832.00, 9131815.00, 8492496.00,25, 2404
26, 1856818.00, 9132030.00, 8492587.00,25, 2509
27, 1856741.00, 9132160.00, 8492416.00,25, 2613
28, 1856719.00, 9132258.00, 8492620.00,25, 2718
29, 1856681.00, 9132392.00, 8492645.00,25, 2823
30, 1856633.00, 9132580.00, 8492314.00,25, 2927
31, 1856613.00, 9132598.00, 8492522.00,25, 3032
32, 1856534.00, 9132663.00, 8492574.00,25, 3136
33, 1856523.00, 9133123.00, 8492676.00,25, 3241
34, 1856509.00, 9133296.00, 8492647.00,25, 3345
35, 1856638.00, 9133336.00, 8492604.00,25, 3450
36, 1856715.00, 9133193.00, 8492545.00,25, 3554
37, 1856665.00, 9133206.00, 8492314.00,25, 3659
38, 1856671.00, 9133043.00, 8492304.00,25, 3763
39, 1856743.00, 9132829.00, 8492360.00,25, 3868
40, 1856824.00, 9132716.00, 8492556.00,25, 3973
41, 1856829.00, 9132730.00, 8492645.00,25, 4077
42, 1856856.00, 9132921.00, 8492489.00,25, 4182
43, 1856799.00, 9133201.00, 8492619.00,25, 4286
44, 1856711.00, 9133171.00, 8492459.00,25, 4391
45, 1856662.00, 9133081.00, 8492162.00,25, 4495
46, 1856675.00, 9133193.00, 8492212.00,25, 4600
47, 1856728.00, 9133303.00, 8492307.00,25, 4704
48, 1856618.00, 9133315.00, 8492412.00,25, 4809
49, 1856648.00, 9133415.00, 8492619.00,25, 4913
50, 1856684.00, 9133844.00, 8492673.00,25, 5018
51, 1856751.00, 9133901.00, 8492489.00,25, 5122
52, 1856680.00, 9133912.00, 8492527.00,25, 5227
53, 1856542.00, 9133948.00, 8492597.00,25, 5332
54, 1856492.00, 9134016.00, 8492405.00,25, 5436
55, 1856543.00, 9134129.00, 8492415.00,25, 5541
56, 1856548.00, 9134337.00, 8492491.00,25, 5645
57, 1856479.00, 9134489.00, 8492426.00,25, 5750
58, 1856464.00, 9134565.00, 8492438.00,25, 5854
59, 1856455.00, 9134636.00, 8492598.00,25, 5959
60, 1856484.00, 9134739.00, 8492752.00,25, 6063
61, 1856470.00, 9134804.00, 8492428.00,25, 6168
62, 1856424.00, 9134865.00, 8492250.00,25, 6273
63, 1856439.00, 9134918.00, 8492373.00,25, 6377
64, 1856414.00, 9134985.00, 8492624.00,25, 6482
65, 1856340.00, 9135120.00, 8492464.00,25, 6586
66, 1856311.00, 9135200.00, 8492516.00,25, 6691
67, 1856321.00, 9135368.00, 8492455.00,25, 6795
68, 1856316.00, 9135474.00, 8492569.00,25, 6900
69, 1856264.00, 9135543.00, 8492455.00,25, 7004
70, 1856203.00, 9135689.00, 8492463.00,25, 7109
71, 1856195.00, 9135783.00, 8492580.00,25, 7214
72, 1856177.00, 9135805.00, 8492432.00,25, 7318
73, 1856191.00, 9135892.00, 8492373.00,26, 7423
74, 1856189.00, 9135914.00, 8492388.00,26, 7527
75, 1856218.00, 9135970.00, 8492504.00,26, 7632
76, 1856243.00, 9135959.00, 8492500.00,26, 7736
77, 1856199.00, 9136007.00, 8492394.00,26, 7841
78, 1856173.00, 9136154.00, 8492223.00,26, 7945
79, 1856128.00, 9136189.00, 8492794.00,26, 8050
80, 1856102.00, 9136216.00, 8492576.00,26, 8155
81, 1856085.00, 9136341.00, 8492488.00,26, 8259
82, 1856083.00, 9136326.00, 8492768.00,26, 8364
83, 1856087.00, 9136287.00, 8493187.00,26, 8468
84, 1856136.00, 9136148.00, 8493498.00,26, 8573
85, 1856183.00, 9135864.00, 8494197.00,26, 8677
86, 1856213.00, 9135621.00, 8495044.00,26, 8782
87, 1856240.00, 9135620.00, 8495066.00,26, 8886
88, 1856219.00, 9135733.00, 8495443.00,26, 8991
89, 1856244.00, 9135343.00, 8495729.00,26, 9096
90, 1856270.00, 9135306.00, 8495905.00,26, 9200
91, 1856254.00, 9135617.00, 8495585.00,26, 9305
92, 1856214.00, 9136153.00, 8494137.00,26, 9409
93, 1856360.00, 9135719.00, 8496323.00,26, 9514
94, 1856564.00, 9134738.00, 8497657.00,26, 9618
95, 1856773.00, 9134066.00, 8498825.00,26, 9723
96, 1856715.00, 9133132.00, 8498245.00,26, 9827
97, 1856675.00, 9133683.00, 8496598.00,26, 9932
98, 1857180.00, 9131453.00, 8499727.00,26, 10037
99, 1858004.00, 9129132.00, 8504184.00,26, 10141
100, 1863969.00, 9112876.00, 8522507.00,26, 10246
101, 1874406.00, 9064337.00, 8528935.00,26, 10350
102, 1877686.00, 9043438.00, 8529220.00,26, 10455
103, 1882502.00, 9031560.00, 8534201.00,26, 10559
104, 1884865.00, 9009685.00, 8535869.00,26, 10664
105, 1884919.00, 9005473.00, 8535475.00,26, 10768
106, 1884881.00, 9005564.00, 8535818.00,26, 10873
107, 1884802.00, 9005718.00, 8535408.00,26, 10977
108, 1884794.00, 9005262.00, 8535583.00,26, 11082
109, 1884817.00, 9004736.00, 8535390.00,26, 11187
110, 1884875.00, 9004531.00, 8535181.00,26, 11291
111, 1884846.00, 9004516.00, 8535292.00,26, 11396
112, 1884861.00, 9004190.00, 8535541.00,26, 11500
113, 1884877.00, 9003595.00, 8535441.00,26, 11605
114, 1884825.00, 9003630.00, 8535560.00,26, 11709
115, 1884781.00, 9003729.00, 8535557.00,26, 11814
116, 1884718.00, 9003984.00, 8535442.00,26, 11918
117, 1884778.00, 9003823.00, 8535286.00,26, 12023
118, 1884822.00, 9003457.00, 8535208.00,26, 12127
119, 1884752.00, 9003397.00, 8535392.00,26, 12232
120, 1884728.00, 9003532.00, 8535465.00,26, 12336
121, 1884662.00, 9003640.00, 8535373.00,26, 12441
122, 1884621.00, 9003758.00, 8535397.00,26, 12546
123, 1884607.00, 9003724.00, 8535290.00,26, 12650
124, 1884563.00, 9003477.00, 8535335.00,26, 12755
125, 1884580.00, 9003323.00, 8535251.00,26, 12859
126, 1884622.00, 9003156.00, 8535276.00,26, 12964
127, 1884660.00, 9002858.00, 8535175.00,26, 13068
128, 1884745.00, 9002542.00, 8535398.00,26, 13173
129, 1884744.00, 9002024.00, 8535313.00,26, 13277
130, 1884750.00, 9001788.00, 8535300.00,26, 13382
131, 1884780.00, 9001661.00, 8535306.00,26, 13486
132, 1884735.00, 9001707.00, 8535269.00,26, 13591
133, 1884646.00, 9001894.00, 8535384.00,26, 13696
134, 1884594.00, 9002102.00, 8535340.00,26, 13800
135, 1884653.00, 9002154.00, 8535191.00,26, 13905
136, 1884655.00, 9001922.00, 8535124.00,26, 14009
137, 1884599.00, 9002048.00, 8535194.00,26, 14114
138, 1884518.00, 9002219.00, 8535321.00,26, 14218
139, 1884465.00, 9002217.00, 8535397.00,26, 14323
140, 1884412.00, 9002233.00, 8535478.00,26, 14427
141, 1884469.00, 9002167.00, 8535192.00,26, 14532
142, 1884454.00, 9001970.00, 8535268.00,26, 14636
143, 1884520.00, 9001771.00, 8535206.00,26, 14741
144, 1884636.00, 9001461.00, 8535008.00,26, 14846
145, 1884669.00, 9000818.00, 8535113.00,26, 14950
146, 1884766.00, 9000534.00, 8535081.00,26, 15055
147, 1884757.00, 9000331.00, 8535335.00,26, 15159
148, 1884809.00, 9000136.00, 8535380.00,26, 15264
149, 1884862.00, 9000076.00, 8535101.00,26, 15368
150, 1884821.00, 9000062.00, 8535152.00,26, 15473
151, 1884751.00, 9000062.00, 8535182.00,26, 15577
152, 1884705.00, 9000257.00, 8535152.00,26, 15682
153, 1884784.00, 9000136.00, 8535196.00,26, 15786
154, 1884748.00, 9000112.00, 8535188.00,26, 15891
155, 1884691.00, 9000246.00, 8535178.00,26, 15995
156, 1884678.00, 9000265.00, 8535299.00,26, 16100
157, 1884654.00, 9000263.00, 8535179.00,26, 16205
158, 1884607.00, 9000298.00, 8535148.00,26, 16309
159, 1884695.00, 9000224.00, 8535263.00,26, 16414
160, 1884754.00, 8999933.00, 8535166.00,26, 16518
161, 1884691.00, 8999616.00, 8535181.00,26, 16623
162, 1884721.00, 8999244.00, 8535176.00,26, 16727
163, 1884844.00, 8998914.00, 8535290.00,26, 16832
164, 1884877.00, 8998712.00, 8535035.00,26, 16936
165, 1884908.00, 8998523.00, 8535193.00,26, 17041
166, 1884876.00, 8998454.00, 8535179.00,26, 17145
167, 1884865.00, 8998549.00, 8535339.00,26, 17250
168, 1884778.00, 8998767.00, 8535164.00,26, 17355
169, 1884773.00, 8998848.00, 8535020.00,26, 17459
170, 1884757.00, 8998757.00, 8535476.00,26, 17564
171, 1884805.00, 8998663.00, 8535270.00,26, 17668
172, 1884778.00, 8998627.00, 8535029.00,26, 17773
173, 1884776.00, 8998630.00, 8535136.00,26, 17877
174, 1884782.00, 8998707.00, 8535130.00,26, 17982
175, 1884715.00, 8998694.00, 8535281.00,26, 18086
176, 1884524.00, 8999163.00, 8535405.00,26, 18191
177, 1884474.00, 8999066.00, 8535266.00,26, 18295
178, 1884425.00, 8998832.00, 8535168.00,26, 18400
179, 1884501.00, 8998652.00, 8535079.00,26, 18505
180, 1884596.00, 8998248.00, 8535184.00,26, 18609
181, 1884697.00, 8997806.00, 8535232.00,26, 18714
182, 1884788.00, 8997501.00, 8535034.00,26, 18818
183, 1884799.00, 8997409.00, 8535316.00,26, 18923
184, 1884768.00, 8997350.00, 8535246.00,26, 19027
185, 1884740.00, 8997376.00, 8535398.00,26, 19132
186, 1884708.00, 8997433.00, 8535561.00,26, 19236
187, 1884734.00, 8997381.00, 8535526.00,26, 19341
188, 1884778.00, 8997322.00, 8535565.00,26, 19445
189, 1884797.00, 8997309.00, 8535482.00,26, 19550
190, 1884713.00, 8997261.00, 8535330.00,26, 19655
191, 1884689.00, 8997250.00, 8535263.00,26, 19759
192, 1884751.00, 8997228.00, 8535434.00,26, 19864
193, 1884773.00, 8997138.00, 8535147.00,26, 19968
194, 1884768.00, 8996984.00, 8535173.00,26, 20073
195, 1884786.00, 8996742.00, 8535369.00,26, 20177
196, 1884842.00, 8996459.00, 8535409.00,26, 20282
197, 1884930.00, 8996148.00, 8535613.00,26, 20386
198, 1885008.00, 8995875.00, 8535547.00,26, 20491
199, 1885036.00, 8995673.00, 8535120.00,26, 20595
200, 1884995.00, 8995906.00, 8535222.00,26, 20700
201, 1884832.00, 8996099.00, 8535437.00,26, 20805
202, 1884792.00, 8996178.00, 8535537.00,26, 20909
203, 1884782.00, 8996293.00, 8535310.00,26, 21014
204, 1884824.00, 8996356.00, 8535422.00,26, 21118
205, 1884877.00, 8996293.00, 8535404.00,26, 21223
206, 1884930.00, 8996120.00, 8535332.00,26, 21327
207, 1884919.00, 8995989.00, 8535260.00,26, 21432
208, 1884914.00, 8995945.00, 8535409.00,26, 21536
209, 1884877.00, 8995885.00, 8535543.00,26, 21641
210, 1884929.00, 8995736.00, 8535377.00,26, 21746
211, 1885010.00, 8995564.00, 8535193.00,26, 21850
212, 1885027.00, 8995462.00, 8535320.00,26, 21955
213, 1884992.00, 8995162.00, 8535233.00,26, 22059
214, 1885076.00, 8994925.00, 8535138.00,26, 22164
215, 1885161.00, 8994654.00, 8535215.00,26, 22268
216, 1885280.00, 8994207.00, 8535262.00,26, 22373
217, 1885320.00, 8994086.00, 8535352.00,26, 22477
218, 1885198.00, 8994097.00, 8535509.00,26, 22582
219, 1885221.00, 8994137.00, 8535491.00,26, 22686
220, 1885202.00, 8994150.00, 8535433.00,26, 22791
221, 1885248.00, 8994159.00, 8535395.00,26, 22896
222, 1885208.00, 8994119.00, 8535277.00,26, 23000
223, 1885245.00, 8994043.00, 8535185.00,26, 23105
224, 1885217.00, 8993988.00, 8535024.00,26, 23209
225, 1885174.00, 8994008.00, 8535216.00,26, 23314
226, 1885149.00, 8993945.00, 8535261.00,26, 23418
227, 1885174.00, 8993924.00, 8535557.00,26, 23523
228, 1885218.00, 8993823.00, 8535565.00,26, 23627
229, 1885250.00, 8993650.00, 8535351.00,26, 23732
230, 1885378.00, 8993465.00, 8535414.00,26, 23837
231, 1885395.00, 8993210.00, 8535474.00,26, 23941
232, 1885345.00, 8992805.00, 8535198.00,26, 24046
233, 1885345.00, 8992644.00, 8535175.00,26, 24150
234, 1885345.00, 8992470.00, 8535327.00,26, 24255
235, 1885392.00, 8992393.00, 8535356.00,26, 24359
236, 1885405.00, 8992398.00, 8535289.00,26, 24464
237, 1885352.00, 8992412.00, 8535392.00,26, 24568
238, 1885393.00, 8992498.00, 8535309.00,26, 24673
239, 1885367.00, 8992572.00, 8535399.00,26, 24777
240, 1885352.00, 8992437.00, 8535271.00,26, 24882
241, 1885309.00, 8992487.00, 8535267.00,26, 24987
242, 1885300.00, 8992448.00, 8535214.00,26, 25091
243, 1885296.00, 8992381.00, 8535416.00,26, 25196
244, 1885331.00, 8992351.00, 8535446.00,26, 25300
245, 1885317.00, 8992261.00, 8535255.00,26, 25405
246, 1885290.00, 8992209.00, 8535278.00,26, 25509
247, 1885336.00, 8992150.00, 8535319.00,26, 25614
248, 1885357.00, 8991806.00, 8535136.00,26, 25718
249, 1885410.00, 8991629.00, 8535098.00,26, 25823
250, 1885414.00, 8991449.00, 8535039.00,26, 25927
251, 1885402.00, 8991331.00, 8535098.00,26, 26032
252, 1885347.00, 8991349.00, 8535197.00,26, 26137
253, 1885331.00, 8991403.00, 8535399.00,26, 26241
254, 1885417.00, 8991316.00, 8535373.00,26, 26346
255, 1885558.00, 8991064.00, 8537093.00,26, 26450
256, 1885692.00, 8989864.00, 8537912.00,26, 26555
257, 1885803.00, 8989666.00, 8537591.00,26, 26659
258, 1885938.00, 8989275.00, 8537391.00,26, 26764
259, 1886068.00, 8988947.00, 8536590.00,26, 26868
260, 1886338.00, 8987900.00, 8537452.00,26, 26973
261, 1886454.00, 8986835.00, 8538662.00,26, 27077
262, 1886705.00, 8986436.00, 8537207.00,26, 27182
263, 1887105.00, 8984881.00, 8540063.00,26, 27287
264, 1887079.00, 8983878.00, 8539321.00,26, 27391
265, 1887113.00, 8983399.00, 8538806.00,26, 27496
266, 1887186.00, 8983257.00, 8538662.00,26, 27600
267, 1888277.00, 8980446.00, 8540068.00,26, 27705
268, 1891072.00, 8968103.00, 8549231.00,26, 27809
269, 1891726.00, 8962771.00, 8545248.00,26, 27914
270, 1898239.00, 8956930.00, 8560324.00,26, 28018
271, 1915637.00, 8875061.00, 8577646.00,26, 28123
272, 1919758.00, 8756603.00, 8576488.00,26, 28228
273, 1918802.00, 8758482.00, 8577867.00,26, 28332
274, 1918296.00, 8759581.00, 8577166.00,26, 28437
275, 1919353.00, 8752255.00, 8578338.00,26, 28541
276, 1919595.00, 8747056.00, 8579397.00,26, 28646
277, 1919083.00, 8747661.00, 8579423.00,26, 28750
278, 1918674.00, 8748526.00, 8579254.00,26, 28855
279, 1918410.00, 8749173.00, 8579235.00,26, 28959
280, 1918228.00, 8749676.00, 8579189.00,26, 29064
281, 1918110.00, 8749570.00, 8579165.00,26, 29169
282, 1917944.00, 8749506.00, 8579162.00,26, 29273
283, 1917883.00, 8749290.00, 8579116.00,26, 29378
284, 1917865.00, 8749128.00, 8579074.00,26, 29482
285, 1917779.00, 8749081.00, 8579204.00,26, 29587
286, 1917658.00, 8749089.00, 8579220.00,26, 29691
287, 1917567.00, 8749164.00, 8579391.00,26, 29796
288, 1917425.00, 8749645.00, 8579502.00,26, 29900
289, 1917343.00, 8749764.00, 8579512.00,26, 30005
290, 1917214.00, 8749902.00, 8579344.00,26, 30110
291, 1917049.00, 8750300.00, 8579248.00,26, 30214
292, 1916938.00, 8750591.00, 8579185.00,26, 30319
293, 1916866.00, 8750763.00, 8579256.00,26, 30423
294, 1916765.00, 8751138.00, 8579394.00,26, 30528
295, 1916659.00, 8751499.00, 8579334.00,26, 30632
296, 1916598.00, 8751962.00, 8579370.00,26, 30737
297, 1916528.00, 8751904.00, 8579314.00,26, 30841
298, 1916547.00, 8751449.00, 8579312.00,26, 30946
299, 1916628.00, 8751195.00, 8579124.00,26, 31051
300, 1916759.00, 8750905.00, 8579267.00,26, 31155
301, 1916812.00, 8750397.00, 8579195.00,26, 31260
302, 1916797.00, 8750017.00, 8578974.00,26, 31364
303, 1916738.00, 8749834.00, 8578994.00,26, 31469
304, 1916746.00, 8749774.00, 8579323.00,26, 31573
305, 1916738.00, 8749772.00, 8579210.00,26, 31678
306, 1916651.00, 8749930.00, 8579011.00,26, 31782
307, 1916575.00, 8750046.00, 8578882.00,26, 31887
308, 1916566.00, 8750116.00, 8579079.00,26, 31991
309, 1916553.00, 8750233.00, 8579343.00,26, 32096
310, 1916446.00, 8750461.00, 8579418.00,26, 32201
311, 1916393.00, 8750651.00, 8579396.00,26, 32305
312, 1916336.00, 8750973.00, 8579446.00,26, 32410
313, 1916295.00, 8750963.00, 8579343.00,26, 32514
314, 1916279.00, 8750833.00, 8579198.00,26, 32619
315, 1916263.00, 8750752.00, 8579155.00,26, 32723
316, 1916275.00, 8750488.00, 8579101.00,26, 32828
317, 1916396.00, 8750145.00, 8579027.00,26, 32932
318, 1916496.00, 8749695.00, 8579217.00,26, 33037
319, 1916540.00, 8749286.00, 8579106.00,26, 33141
320, 1916525.00, 8748799.00, 8579233.00,26, 33246
321, 1916493.00, 8748953.00, 8579507.00,26, 33351
322, 1916402.00, 8749146.00, 8579378.00,26, 33455
323, 1916311.00, 8749249.00, 8579256.00,26, 33560
324, 1916265.00, 8749282.00, 8579132.00,26, 33664
325, 1916247.00, 8749184.00, 8579170.00,26, 33769
326, 1916249.00, 8749137.00, 8579261.00,26, 33873
327, 1916271.00, 8749175.00, 8579421.00,26, 33978
328, 1916252.00, 8749081.00, 8579473.00,26, 34082
329, 1916151.00, 8749113.00, 8579368.00,26, 34187
330, 1916088.00, 8749217.00, 8579569.00,26, 34292
331, 1915977.00, 8749432.00, 8579430.00,26, 34396
332, 1915832.00, 8749906.00, 8579251.00,26, 34501
333, 1915688.00, 8750247.00, 8579381.00,26, 34605
334, 1915704.00, 8750147.00, 8579546.00,26, 34710
335, 1915789.00, 8749887.00, 8579174.00,26, 34814
336, 1915873.00, 8749112.00, 8578932.00,26, 34919
337, 1915957.00, 8748686.00, 8579231.00,26, 35023
338, 1916017.00, 8748416.00, 8579247.00,26, 35128
339, 1916089.00, 8748210.00, 8579535.00,26, 35233
340, 1916167.00, 8747948.00, 8579298.00,26, 35337
341, 1916100.00, 8747810.00, 8579261.00,26, 35442
342, 1916014.00, 8747870.00, 8579463.00,26, 35546
343, 1916016.00, 8747985.00, 8579266.00,26, 35651
344, 1915976.00, 8748082.00, 8579085.00,26, 35755
345, 1915890.00, 8748178.00, 8579179.00,26, 35860
346, 1915823.00, 8748206.00, 8579239.00,26, 35964
347, 1915772.00, 8748377.00, 8579225.00,26, 36069
348, 1915726.00, 8748650.00, 8579176.00,26, 36173
349, 1915666.00, 8748800.00, 8579243.00,26, 36278
350, 1915651.00, 8748730.00, 8579386.00,26, 36383
351, 1915631.00, 8748611.00, 8579340.00,26, 36487
352, 1915694.00, 8748256.00, 8579171.00,26, 36592
353, 1915762.00, 8747957.00, 8579011.00,26, 36696
354, 1915823.00, 8747638.00, 8579258.00,26, 36801
355, 1915855.00, 8747392.00, 8579291.00,26, 36905
356, 1915858.00, 8747297.00, 8579149.00,26, 37010
357, 1915744.00, 8747121.00, 8578962.00,26, 37114
358, 1915805.00, 8747074.00, 8578977.00,26, 37219
359, 1915787.00, 8747007.00, 8579145.00,26, 37324
360, 1915769.00, 8746840.00, 8579178.00,26, 37428
361, 1915759.00, 8746761.00, 8579209.00,26, 37533
362, 1915743.00, 8746768.00, 8579166.00,26, 37637
363, 1915683.00, 8746829.00, 8579151.00,26, 37742
364, 1915578.00, 8747130.00, 8579225.00,26, 37846
365, 1915444.00, 8747470.00, 8579247.00,26, 37951
366, 1915279.00, 8747714.00, 8579185.00,26, 38055
367, 1915270.00, 8747843.00, 8579147.00,26, 38160
368, 1915321.00, 8747679.00, 8579188.00,26, 38264
369, 1915365.00, 8747520.00, 8579181.00,26, 38369
370, 1915379.00, 8747304.00, 8578905.00,26, 38474
371, 1915387.00, 8747037.00, 8578956.00,26, 38578
372, 1915422.00, 8746800.00, 8579222.00,26, 38683
373, 1915439.00, 8746557.00, 8579080.00,26, 38787
374, 1915452.00, 8746457.00, 8579103.00,26, 38892
375, 1915474.00, 8746341.00, 8579244.00,26, 38996
376, 1915444.00, 8745977.00, 8579359.00,26, 39101
377, 1915457.00, 8745888.00, 8579087.00,26, 39205
378, 1915416.00, 8745782.00, 8579002.00,26, 39310
379, 1915436.00, 8745732.00, 8579202.00,26, 39414
380, 1915493.00, 8745688.00, 8579413.00,26, 39519
381, 1915437.00, 8745730.00, 8579259.00,26, 39624
382, 1915360.00, 8745863.00, 8579329.00,26, 39728
383, 1915390.00, 8745823.00, 8579270.00,26, 39833
384, 1915382.00, 8745921.00, 8579255.00,26, 39937
385, 1915300.00, 8745907.00, 8579356.00,26, 40042
386, 1915295.00, 8745769.00, 8579344.00,26, 40146
387, 1915305.00, 8745666.00, 8579241.00,26, 40251
388, 1915317.00, 8745471.00, 8579184.00,26, 40355
389, 1915370.00, 8745300.00, 8579071.00,26, 40460
390, 1915392.00, 8745142.00, 8579078.00,26, 40564
391, 1915361.00, 8744937.00, 8579292.00,26, 40669
392, 1915388.00, 8744733.00, 8579232.00,26, 40774
393, 1915395.00, 8744596.00, 8579138.00,26, 40878
394, 1915349.00, 8744497.00, 8579599.00,26, 40983
395, 1915444.00, 8744374.00, 8579271.00,26, 41087
396, 1915478.00, 8744206.00, 8579423.00,26, 41192
397, 1915450.00, 8744128.00, 8579390.00,26, 41296
398, 1915450.00, 8744112.00, 8579457.00,26, 41401
399, 1915326.00, 8744186.00, 8579461.00,26, 41505
400, 1915299.00, 8744264.00, 8579347.00,26, 41610
401, 1915323.00, 8744304.00, 8579200.00,26, 41714
402, 1915262.00, 8744359.00, 8579348.00,26, 41819
403, 1915242.00, 8744304.00, 8579347.00,26, 41924
404, 1915291.00, 8744255.00, 8579304.00,26, 42028
405, 1915276.00, 8744157.00, 8579255.00,26, 42133
406, 1915215.00, 8743967.00, 8579363.00,26, 42237
407, 1915232.00, 8743781.00, 8579422.00,26, 42342
408, 1915302.00, 8743682.00, 8579247.00,26, 42446
409, 1915294.00, 8743602.00, 8579116.00,26, 42551
410, 1915241.00, 8743520.00, 8579100.00,26, 42655
411, 1915285.00, 8743426.00, 8579257.00,26, 42760
412, 1915357.00, 8743208.00, 8579524.00,26, 42864
413, 1915348.00, 8742991.00, 8579238.00,26, 42969
414, 1915307.00, 8742904.00, 8579079.00,26, 43074
415, 1915289.00, 8742921.00, 8579194.00,26, 43178
416, 1915244.00, 8742913.00, 8579367.00,26, 43283
417, 1915251.00, 8742944.00, 8579188.00,26, 43387
418, 1915196.00, 8743021.00, 8579157.00,26, 43492
419, 1915164.00, 8743070.00, 8579319.00,26, 43596
420, 1915184.00, 8743047.00, 8579830.00,26, 43701
421, 1915161.00, 8743002.00, 8580005.00,26, 43805
422, 1915189.00, 8742980.00, 8579982.00,26, 43910
423, 1915184.00, 8742926.00, 8579984.00,26, 44015
424, 1915149.00, 8742725.00, 8580820.00,26, 44119
425, 1915270.00, 8742444.00, 8581428.00,26, 44224
426, 1915426.00, 8741905.00, 8582147.00,26, 44328
427, 1915492.00, 8741346.00, 8582984.00,26, 44433
428, 1915528.00, 8741101.00, 8583352.00,26, 44537
429, 1915605.00, 8740768.00, 8583416.00,26, 44642
430, 1915678.00, 8740399.00, 8584703.00,26, 44746
431, 1915909.00, 8739648.00, 8586280.00,26, 44851
432, 1916123.00, 8737786.00, 8587201.00,26, 44956
433, 1917255.00, 8732136.00, 8594308.00,26, 45060
434, 1919415.00, 8722190.00, 8598760.00,26, 45165
435, 1922684.00, 8696193.00, 8602326.00,26, 45269
436, 1922934.00, 8684656.00, 8601486.00,26, 45374
437, 1922477.00, 8683950.00, 8600782.00,26, 45478
438, 1922196.00, 8683523.00, 8600699.00,26, 45583
439, 1922182.00, 8682248.00, 8600762.00,26, 45688
440, 1922052.00, 8679982.00, 8600907.00,26, 45792
441, 1921872.00, 8679015.00, 8601033.00,26, 45897
442, 1921848.00, 8677689.00, 8600737.00,26, 46001
443, 1921764.00, 8676792.00, 8600493.00,26, 46106
444, 1921636.00, 8676070.00, 8600738.00,26, 46210
445, 1921629.00, 8675256.00, 8600767.00,26, 46315
446, 1921630.00, 8674466.00, 8600861.00,26, 46419
447, 1921598.00, 8673663.00, 8601017.00,26, 46524
448, 1921536.00, 8672411.00, 8600939.00,26, 46629
449, 1921537.00, 8671704.00, 8600892.00,26, 46733
450, 1921493.00, 8671176.00, 8600799.00,26, 46838
451, 1921382.00, 8670784.00, 8600734.00,26, 46942
452, 1921324.00, 8670314.00, 8600706.00,26, 47047
453, 1921329.00, 8669838.00, 8600954.00,26, 47151
454, 1921402.00, 8669267.00, 8600844.00,26, 47256
455, 1921386.00, 8668625.00, 8600740.00,26, 47360
456, 1921449.00, 8667292.00, 8600836.00,26, 47465
457, 1921560.00, 8666324.00, 8600814.00,26, 47570
458, 1921587.00, 8665647.00, 8600488.00,26, 47674
459, 1921581.00, 8665053.00, 8600663.00,26, 47779
460, 1921545.00, 8664384.00, 8600831.00,26, 47883
461, 1921508.00, 8663752.00, 8600663.00,26, 47988
462, 1921504.00, 8663323.00, 8600573.00,26, 48092
463, 1921496.00, 8662888.00, 8600656.00,26, 48197
464, 1921505.00, 8661994.00, 8600625.00,26, 48301
465, 1921466.00, 8661624.00, 8600572.00,26, 48406
466, 1921453.00, 8661200.00, 8600592.00,26, 48511
467, 1921458.00, 8660790.00, 8600506.00,26, 48615
468, 1921384.00, 8660482.00, 8600620.00,26, 48720
469, 1921362.00, 8660240.00, 8600887.00,26, 48824
470, 1921366.00, 8659959.00, 8600562.00,26, 48929
471, 1921331.00, 8659714.00, 8600542.00,26, 49033
472, 1921309.00, 8658936.00, 8600663.00,26, 49138
473, 1921335.00, 8658455.00, 8600610.00,26, 49242
474, 1921365.00, 8657816.00, 8600502.00,26, 49347
475, 1921387.00, 8657242.00, 8600531.00,26, 49452
476, 1921409.00, 8656731.00, 8600391.00,26, 49556
477, 1921401.00, 8656163.00, 8600584.00,26, 49661
478, 1921407.00, 8655692.00, 8600768.00,26, 49765
479, 1921362.00, 8655414.00, 8600560.00,26, 49870
480, 1921335.00, 8654872.00, 8600808.00,26, 49974
481, 1921329.00, 8654537.00, 8600545.00,26, 50079
482, 1921358.00, 8654204.00, 8600685.00,26, 50183
483, 1921344.00, 8653910.00, 8600838.00,26, 50288
484, 1921319.00, 8653583.00, 8600772.00,26, 50393
485, 1921317.00, 8653292.00, 8600762.00,26, 50497
486, 1921269.00, 8653122.00, 8600350.00,26, 50602
487, 1921234.00, 8652945.00, 8600646.00,26, 50706
488, 1921174.00, 8652659.00, 8600790.00,26, 50811
489, 1921109.00, 8652436.00, 8600559.00,26, 50915
490, 1921132.00, 8652139.00, 8600398.00,26, 51020
491, 1921198.00, 8651670.00, 8600443.00,26, 51124
492, 1921235.00, 8651182.00, 8600606.00,26, 51229
493, 1921314.00, 8650685.00, 8600566.00,26, 51334
494, 1921366.00, 8650210.00, 8600584.00,26, 51438
495, 1921380.00, 8649805.00, 8600830.00,26, 51543
496, 1921370.00, 8649241.00, 8600705.00,26, 51647
497, 1921286.00, 8649051.00, 8600583.00,26, 51752
498, 1921260.00, 8648945.00, 8600492.00,26, 51856
499, 1921180.00, 8648801.00, 8600618.00,26, 51961
500, 1921080.00, 8648611.00, 8600723.00,26, 52065
501, 1921046.00, 8648541.00, 8600775.00,26, 52170
502, 1921040.00, 8648423.00, 8600460.00,26, 52275
503, 1921019.00, 8648219.00, 8600427.00,26, 52379
504, 1921029.00, 8647835.00, 8600496.00,26, 52484
505, 1921020.00, 8647745.00, 8600571.00,26, 52588
506, 1921006.00, 8647622.00, 8600809.00,26, 52693
507, 1920970.00, 8647415.00, 8600542.00,26, 52797
508, 1920971.00, 8647169.00, 8600875.00,26, 52902
509, 1921060.00, 8646751.00, 8600727.00,26, 53006
510, 1921103.00, 8646260.00, 8600759.00,26, 53111
511, 1921161.00, 8645857.00, 8600743.00,26, 53215
512, 1921204.00, 8645074.00, 8600477.00,26, 53320
513, 1921272.00, 8644859.00, 8600335.00,26, 53425
514, 1921285.00, 8644796.00, 8600530.00,26, 53529
515, 1921226.00, 8644746.00, 8600374.00,26, 53634
516, 1921167.00, 8644516.00, 8600338.00,26, 53738
517, 1921134.00, 8644323.00, 8600521.00,26, 53843
518, 1921149.00, 8644231.00, 8600632.00,26, 53947
519, 1921134.00, 8644017.00, 8600600.00,26, 54052
520, 1921104.00, 8643806.00, 8600573.00,26, 54156
521, 1921187.00, 8643815.00, 8600674.00,26, 54261
522, 1921199.00, 8643771.00, 8600791.00,26, 54365
523, 1921085.00, 8643612.00, 8600570.00,26, 54470
524, 1920933.00, 8643459.00, 8600515.00,26, 54575
525, 1921004.00, 8643278.00, 8600671.00,26, 54679
526, 1921062.00, 8642995.00, 8600800.00,26, 54784
527, 1921139.00, 8642727.00, 8600820.00,26, 54888
528, 1921224.00, 8641985.00, 8600773.00,26, 54993
529, 1921257.00, 8641575.00, 8600699.00,26, 55097
530, 1921200.00, 8641293.00, 8600780.00,26, 55202
531, 1921156.00, 8641180.00, 8600624.00,26, 55306
532, 1921199.00, 8641142.00, 8600705.00,26, 55411
533, 1921196.00, 8641148.00, 8600870.00,26, 55515
534, 1921168.00, 8641101.00, 8600719.00,26, 55620
535, 1921104.00, 8640930.00, 8600586.00,26, 55725
536, 1921018.00, 8640587.00, 8600441.00,26, 55829
537, 1920993.00, 8640488.00, 8600528.00,26, 55934
538, 1920992.00, 8640409.00, 8600734.00,26, 56038
539, 1920916.00, 8640307.00, 8600758.00,26, 56143
540, 1920913.00, 8640347.00, 8600746.00,26, 56247
541, 1920878.00, 8640318.00, 8600721.00,26, 56352
542, 1920877.00, 8640248.00, 8600849.00,26, 56456
543, 1920886.00, 8640103.00, 8600773.00,26, 56561
544, 1920896.00, 8639735.00, 8600716.00,26, 56665
545, 1920969.00, 8639425.00, 8600717.00,26, 56770
546, 1921070.00, 8639097.00, 8600739.00,26, 56874
547, 1921121.00, 8638752.00, 8600866.00,26, 56979
548, 1921167.00, 8638471.00, 8600713.00,26, 57084
549, 1921112.00, 8638244.00, 8600559.00,26, 57188
550, 1921101.00, 8638142.00, 8600562.00,26, 57293
551, 1921102.00, 8638096.00, 8600684.00,26, 57397
552, 1921106.00, 8637866.00, 8600699.00,26, 57502
553, 1921077.00, 8637789.00, 8600492.00,26, 57606
554, 1921057.00, 8637765.00, 8600393.00,26, 57711
555, 1921029.00, 8637750.00, 8600575.00,26, 57815
556, 1920877.00, 8637707.00, 8600759.00,26, 57920
557, 1920898.00, 8637644.00, 8600801.00,26, 58024
558, 1920946.00, 8637772.00, 8600838.00,26, 58129
559, 1920884.00, 8637704.00, 8600758.00,26, 58233
560, 1920814.00, 8637467.00, 8600706.00,26, 58338
561, 1920778.00, 8637197.00, 8600803.00,26, 58443
562, 1920889.00, 8636850.00, 8600755.00,26, 58547
563, 1920923.00, 8636428.00, 8600543.00,26, 58652
564, 1920833.00, 8636197.00, 8600467.00,26, 58756
565, 1920604.00, 8636459.00, 8600641.00,26, 58861
566, 1920324.00, 8636918.00, 8600803.00,26, 58965
567, 1920170.00, 8637510.00, 8600736.00,26, 59070
568, 1920112.00, 8637515.00, 8600632.00,26, 59174
569, 1920085.00, 8637628.00, 8600655.00,26, 59279
570, 1920210.00, 8637965.00, 8600420.00,26, 59383
571, 1920080.00, 8638732.00, 8600683.00,26, 59488
572, 1919593.00, 8639653.00, 8600699.00,26, 59593
573, 1919353.00, 8640232.00, 8600746.00,26, 59697
574, 1919389.00, 8640136.00, 8600722.00,26, 59802
575, 1919421.00, 8639998.00, 8600747.00,26, 59906
576, 1919420.00, 8639920.00, 8600767.00,26, 60011
577, 1919382.00, 8639790.00, 8600594.00,26, 60115
578, 1919485.00, 8639565.00, 8600625.00,26, 60220
579, 1919638.00, 8639354.00, 8600920.00,26, 60324
580, 1919694.00, 8639106.00, 8600917.00,26, 60429
581, 1919690.00, 8638696.00, 8600545.00,26, 60533
582, 1919647.00, 8638304.00, 8600429.00,26, 60638
583, 1919571.00, 8638016.00, 8600654.00,26, 60743
584, 1919501.00, 8637968.00, 8600480.00,26, 60847
585, 1919456.00, 8637965.00, 8600950.00,26, 60952
586, 1919517.00, 8637980.00, 8601526.00,26, 61056
587, 1919671.00, 8637858.00, 8601750.00,26, 61161
588, 1919674.00, 8637449.00, 8602393.00,26, 61265
589, 1919748.00, 8636571.00, 8603444.00,26, 61370
590, 1919870.00, 8635736.00, 8604462.00,26, 61474
591, 1920086.00, 8633519.00, 8605421.00,26, 61579
592, 1920324.00, 8632794.00, 8606733.00,26, 61683
593, 1920507.00, 8632012.00, 8607673.00,26, 61788
594, 1920712.00, 8630940.00, 8608723.00,26, 61892
595, 1920815.00, 8630116.00, 8608526.00,26, 61997
596, 1920950.00, 8629677.00, 8608396.00,26, 62102
597, 1920984.00, 8629047.00, 8608361.00,26, 62206
598, 1921004.00, 8628713.00, 8607493.00,26, 62311
599, 1921348.00, 8625729.00, 8610249.00,26, 62415
600, 1921631.00, 8624585.00, 8611007.00,26, 62520
601, 1923288.00, 8616123.00, 8618875.00,26, 62624
602, 1926646.00, 8588674.00, 8630982.00,26, 62729
603, 1926767.00, 8550526.00, 8636566.00,26, 62833
604, 1923720.00, 8501409.00, 8646589.00,26, 62938
605, 1921497.00, 8478610.00, 8646935.00,26, 63042
606, 1921551.00, 8474755.00, 8644281.00,26, 63147
607, 1921917.00, 8469304.00, 8644450.00,26, 63252
608, 1922745.00, 8466067.00, 8644735.00,26, 63356
609, 1922990.00, 8463884.00, 8644520.00,26, 63461
610, 1922864.00, 8462595.00, 8644518.00,26, 63565
611, 1922819.00, 8461119.00, 8644437.00,26, 63670
612, 1922673.00, 8459430.00, 8644305.00,26, 63774
613, 1922629.00, 8458097.00, 8644491.00,26, 63879
614, 1922653.00, 8456937.00, 8644464.00,26, 63983
615, 1922738.00, 8454965.00, 8644400.00,26, 64088
616, 1922688.00, 8454890.00, 8644334.00,26, 64192
617, 1922583.00, 8454552.00, 8644510.00,26, 64297
618, 1922534.00, 8453693.00, 8644620.00,26, 64401
619, 1922589.00, 8452784.00, 8644605.00,26, 64506
620, 1922717.00, 8451871.00, 8644469.00,26, 64610
621, 1922812.00, 8451081.00, 8644478.00,26, 64715
622, 1922948.00, 8450212.00, 8644411.00,26, 64820
623, 1923103.00, 8448344.00, 8644408.00,26, 64924
624, 1923255.00, 8447441.00, 8644697.00,26, 65029
625, 1923439.00, 8446469.00, 8644505.00,26, 65133
626, 1923666.00, 8445464.00, 8644270.00,26, 65238
627, 1923919.00, 8444554.00, 8644444.00,26, 65342
628, 1924178.00, 8443660.00, 8644397.00,26, 65447
629, 1924365.00, 8442707.00, 8644454.00,26, 65551
630, 1924558.00, 8441861.00, 8644407.00,26, 65656
631, 1924805.00, 8440260.00, 8644504.00,26, 65760
632, 1924987.00, 8439594.00, 8644577.00,26, 65865
633, 1925188.00, 8439188.00, 8644567.00,26, 65970
634, 1925241.00, 8439409.00, 8644423.00,26, 66074
635, 1925094.00, 8440020.00, 8644424.00,26, 66179
636, 1925101.00, 8439889.00, 8644367.00,26, 66283
637, 1925218.00, 8439394.00, 8644317.00,26, 66388
638, 1925398.00, 8438731.00, 8644424.00,26, 66492
639, 1925563.00, 8437246.00, 8644518.00,26, 66597
640, 1925798.00, 8436355.00, 8644461.00,26, 66701
641, 1926018.00, 8435468.00, 8644403.00,26, 66806
642, 1926229.00, 8434667.00, 8644648.00,26, 66911
643, 1926424.00, 8433884.00, 8644566.00,26, 67015
644, 1926492.00, 8433049.00, 8644375.00,26, 67120
645, 1926608.00, 8432230.00, 8644415.00,26, 67224
646, 1926747.00, 8431470.00, 8644524.00,26, 67329
647, 1926776.00, 8429774.00, 8644425.00,26, 67433
648, 1926961.00, 8429228.00, 8644353.00,26, 67538
649, 1927103.00, 8428574.00, 8644242.00,26, 67642
650, 1927177.00, 8427950.00, 8644453.00,26, 67747
651, 1927245.00, 8427290.00, 8644713.00,26, 67851
652, 1927378.00, 8426750.00, 8644572.00,26, 67956
653, 1927474.00, 8426135.00, 8644436.00,26, 68061
654, 1927557.00, 8425558.00, 8644363.00,26, 68165
655, 1927678.00, 8424361.00, 8644118.00,26, 68270
656, 1927704.00, 8423844.00, 8644257.00,26, 68374
657, 1927783.00, 8423326.00, 8644367.00,26, 68479
658, 1927910.00, 8422827.00, 8644333.00,26, 68583
659, 1928042.00, 8422415.00, 8644447.00,26, 68688
660, 1928067.00, 8422511.00, 8644502.00,26, 68792
661, 1927968.00, 8422804.00, 8644292.00,26, 68897
662, 1927872.00, 8422601.00, 8644347.00,26, 69002
663, 1927913.00, 8421661.00, 8644399.00,26, 69106
664, 1927970.00, 8421018.00, 8644413.00,26, 69211
665, 1928051.00, 8420403.00, 8644329.00,26, 69315
666, 1928134.00, 8419807.00, 8644432.00,26, 69420
667, 1928249.00, 8419237.00, 8644399.00,26, 69524
668, 1928281.00, 8418746.00, 8644406.00,26, 69629
669, 1928362.00, 8418201.00, 8644562.00,26, 69733
670, 1928429.00, 8417634.00, 8644616.00,26, 69838
671, 1928449.00, 8416725.00, 8644519.00,26, 69943
672, 1928544.00, 8416340.00, 8644414.00,26, 70047
673, 1928552.00, 8415930.00, 8644395.00,26, 70152
674, 1928528.00, 8415427.00, 8644407.00,26, 70256
675, 1928644.00, 8414923.00, 8644405.00,26, 70361
676, 1928735.00, 8414532.00, 8644436.00,26, 70465
677, 1928755.00, 8414142.00, 8644411.00,26, 70570
678, 1928807.00, 8413781.00, 8644312.00,26, 70674
679, 1928816.00, 8413005.00, 8644207.00,26, 70779
680, 1928891.00, 8412574.00, 8644312.00,26, 70884
681, 1928923.00, 8412156.00, 8644353.00,26, 70988
682, 1928963.00, 8411693.00, 8644503.00,26, 71093
683, 1929033.00, 8411345.00, 8644559.00,26, 71197
684, 1929098.00, 8410946.00, 8644505.00,26, 71302
685, 1929163.00, 8410522.00, 8644511.00,26, 71406
686, 1929123.00, 8410119.00, 8644491.00,26, 71511
687, 1929211.00, 8409369.00, 8644431.00,26, 71615
688, 1929229.00, 8409030.00, 8644655.00,26, 71720
689, 1929189.00, 8408750.00, 8644536.00,26, 71824
690, 1929237.00, 8408368.00, 8644428.00,26, 71929
691, 1929337.00, 8408052.00, 8644639.00,26, 72034
692, 1929462.00, 8407784.00, 8644713.00,26, 72138
693, 1929491.00, 8407519.00, 8644358.00,26, 72243
694, 1929437.00, 8407276.00, 8644467.00,26, 72347
695, 1929481.00, 8406908.00, 8644414.00,26, 72452
696, 1929565.00, 8407244.00, 8644172.00,26, 72556
697, 1929497.00, 8407876.00, 8644622.00,26, 72661
698, 1929385.00, 8408023.00, 8644496.00,26, 72765
699, 1929294.00, 8407880.00, 8644397.00,26, 72870
700, 1929284.00, 8407692.00, 8644562.00,26, 72974
701, 1929272.00, 8407387.00, 8644368.00,26, 73079
702, 1929241.00, 8407067.00, 8644337.00,26, 73184
703, 1929254.00, 8406414.00, 8644610.00,26, 73288
704, 1929296.00, 8406107.00, 8644439.00,26, 73393
705, 1929280.00, 8405903.00, 8644404.00,26, 73497
706, 1929116.00, 8406041.00, 8644463.00,26, 73602
707, 1928837.00, 8406446.00, 8644464.00,26, 73706
708, 1928738.00, 8406489.00, 8644576.00,26, 73811
709, 1928907.00, 8406119.00, 8644681.00,26, 73915
710, 1929046.00, 8405829.00, 8644570.00,26, 74020
711, 1929255.00, 8405675.00, 8644519.00,26, 74125
712, 1929295.00, 8405674.00, 8644551.00,26, 74229
713, 1929309.00, 8405463.00, 8644608.00,26, 74334
714, 1929316.00, 8405226.00, 8644731.00,26, 74438
715, 1929362.00, 8404928.00, 8644721.00,26, 74543
716, 1929403.00, 8404534.00, 8644531.00,26, 74647
717, 1929418.00, 8404230.00, 8644352.00,26, 74752
718, 1929464.00, 8403988.00, 8644646.00,26, 74856
719, 1929474.00, 8403474.00, 8644561.00,26, 74961
720, 1929505.00, 8403159.00, 8644367.00,26, 75066
721, 1929575.00, 8402856.00, 8644448.00,26, 75170
722, 1929638.00, 8402526.00, 8644515.00,26, 75275
723, 1929626.00, 8402271.00, 8644589.00,26, 75379
724, 1929691.00, 8402001.00, 8644570.00,26, 75484
725, 1929759.00, 8401725.00, 8644149.00,26, 75588
726, 1929796.00, 8401445.00, 8644092.00,26, 75693
727, 1929827.00, 8400994.00, 8644311.00,26, 75797
728, 1929810.00, 8400785.00, 8644527.00,26, 75902
729, 1929828.00, 8400528.00, 8644461.00,26, 76007
730, 1929863.00, 8400261.00, 8644622.00,26, 76111
731, 1929936.00, 8399958.00, 8644440.00,26, 76216
732, 1930000.00, 8399668.00, 8644257.00,26, 76320
733, 1930065.00, 8399477.00, 8644200.00,26, 76425
734, 1930136.00, 8399270.00, 8644230.00,26, 76529
735, 1930209.00, 8398792.00, 8644277.00,26, 76634
736, 1930235.00, 8398550.00, 8644424.00,26, 76738
737, 1930276.00, 8398321.00, 8644272.00,26, 76843
738, 1930246.00, 8398035.00, 8644256.00,26, 76948
739, 1930243.00, 8397813.00, 8644432.00,26, 77052
740, 1930237.00, 8397575.00, 8644613.00,26, 77157
741, 1930290.00, 8397345.00, 8644539.00,26, 77261
742, 1930324.00, 8397162.00, 8644594.00,26, 77366
743, 1930246.00, 8396693.00, 8644741.00,26, 77470
744, 1930299.00, 8396583.00, 8644589.00,26, 77575
745, 1930409.00, 8396349.00, 8644521.00,26, 77679
746, 1930412.00, 8396130.00, 8644248.00,26, 77784
747, 1930466.00, 8396004.00, 8644361.00,26, 77889
748, 1930459.00, 8395807.00, 8644623.00,26, 77993
749, 1930457.00, 8395687.00, 8644699.00,26, 78098
750, 1930518.00, 8395507.00, 8644648.00,26, 78202
751, 1930551.00, 8395089.00, 8644513.00,26, 78307
752, 1930568.00, 8394953.00, 8644367.00,26, 78411
753, 1930601.00, 8394750.00, 8644461.00,26, 78516
754, 1930623.00, 8394572.00, 8644601.00,26, 78621
755, 1930701.00, 8394364.00, 8644490.00,26, 78725
756, 1930749.00, 8394151.00, 8644416.00,26, 78830
757, 1930759.00, 8393969.00, 8644516.00,26, 78934
758, 1930782.00, 8393818.00, 8644670.00,26, 79039
759, 1930807.00, 8393464.00, 8644846.00,26, 79143
760, 1930889.00, 8393301.00, 8644649.00,26, 79248
761, 1930872.00, 8393140.00, 8644468.00,26, 79352
762, 1930893.00, 8393035.00, 8644519.00,26, 79457
763, 1930916.00, 8392972.00, 8644486.00,26, 79562
764, 1930853.00, 8392857.00, 8644393.00,26, 79666
765, 1930932.00, 8392721.00, 8644271.00,26, 79771
766, 1930957.00, 8392576.00, 8644276.00,26, 79875
767, 1930996.00, 8392255.00, 8644762.00,26, 79980
768, 1930998.00, 8392089.00, 8644526.00,26, 80084
769, 1931036.00, 8391897.00, 8644428.00,26, 80189
770, 1931148.00, 8391756.00, 8644417.00,26, 80293
771, 1931143.00, 8391584.00, 8644342.00,26, 80398
772, 1931136.00, 8391402.00, 8644450.00,26, 80502
773, 1931166.00, 8391247.00, 8644405.00,26, 80607
774, 1931226.00, 8391069.00, 8644138.00,26, 80712
775, 1931335.00, 8390154.00, 8645302.00,26, 80816
776, 1931465.00, 8389626.00, 8646303.00,26, 80921
777, 1931405.00, 8389769.00, 8645244.00,26, 81025
778, 1931114.00, 8390741.00, 8642228.00,26, 81130
779, 1930720.00, 8392254.00, 8638116.00,26, 81234
780, 1930481.00, 8393527.00, 8634171.00,26, 81339
781, 1930103.00, 8394643.00, 8627093.00,26, 81443
782, 1929422.00, 8396490.00, 8619935.00,26, 81548
783, 1928952.00, 8400857.00, 8615444.00,26, 81652
784, 1928360.00, 8403498.00, 8611334.00,26, 81757
785, 1927940.00, 8405183.00, 8605954.00,26, 81862
786, 1927765.00, 8406007.00, 8605788.00,26, 81966
787, 1927733.00, 8406707.00, 8603256.00,26, 82071
788, 1927648.00, 8406896.00, 8600638.00,26, 82175
789, 1927771.00, 8407556.00, 8603056.00,26, 82280
790, 1927707.00, 8406709.00, 8602889.00,26, 82384
791, 1927538.00, 8408410.00, 8601026.00,26, 82489
792, 1927514.00, 8408427.00, 8600759.00,26, 82593
793, 1927512.00, 8408549.00, 8600519.00,26, 82698
794, 1927509.00, 8408965.00, 8600540.00,26, 82802
795, 1927460.00, 8409427.00, 8600810.00,26, 82907
796, 1927426.00, 8409681.00, 8600801.00,26, 83012
797, 1927454.00, 8409737.00, 8600884.00,26, 83116
798, 1927499.00, 8409730.00, 8600512.00,26, 83221
799, 1927497.00, 8409948.00, 8600651.00,26, 83325
800, 1927521.00, 8410054.00, 8600602.00,26, 83430
801, 1927479.00, 8410131.00, 8600661.00,26, 83534
802, 1927434.00, 8410162.00, 8600692.00,26, 83639
803, 1927458.00, 8410280.00, 8600935.00,26, 83743
804, 1927531.00, 8410370.00, 8600837.00,26, 83848
805, 1927497.00, 8410469.00, 8600884.00,26, 83952
806, 1927479.00, 8410542.00, 8600755.00,26, 84057
807, 1927476.00, 8410906.00, 8600662.00,26, 84162
808, 1927437.00, 8410988.00, 8600700.00,26, 84266
809, 1927470.00, 8411117.00, 8600760.00,26, 84371
810, 1927550.00, 8411220.00, 8600713.00,26, 84475
811, 1927576.00, 8411259.00, 8600649.00,26, 84580
812, 1927592.00, 8411411.00, 8600746.00,26, 84684
813, 1927630.00, 8411495.00, 8600652.00,26, 84789
814, 1927707.00, 8411502.00, 8600606.00,26, 84893
815, 1927674.00, 8411529.00, 8600670.00,26, 84998
816, 1927688.00, 8411574.00, 8600622.00,26, 85102
817, 1927683.00, 8411588.00, 8600519.00,26, 85207
818, 1927699.00, 8411655.00, 8600564.00,26, 85312
819, 1927699.00, 8411752.00, 8600680.00,26, 85416
820, 1927684.00, 8411795.00, 8600596.00,26, 85521
821, 1927715.00, 8411840.00, 8600543.00,26, 85625
822, 1927717.00, 8411976.00, 8600683.00,26, 85730
823, 1927738.00, 8412282.00, 8600809.00,26, 85834
824, 1927685.00, 8412375.00, 8600595.00,26, 85939
825, 1927621.00, 8412480.00, 8600535.00,26, 86043
826, 1927642.00, 8412590.00, 8600618.00,26, 86148
827, 1927638.00, 8412630.00, 8600562.00,26, 86252
828, 1927652.00, 8412669.00, 8600746.00,26, 86357
829, 1927687.00, 8412710.00, 8600792.00,26, 86462
830, 1927715.00, 8412805.00, 8600474.00,26, 86566
831, 1927761.00, 8412879.00, 8600524.00,26, 86671
832, 1927764.00, 8412974.00, 8600683.00,26, 86775
833, 1927732.00, 8413063.00, 8600565.00,26, 86880
834, 1927721.00, 8413164.00, 8600432.00,26, 86984
835, 1927754.00, 8413202.00, 8600643.00,26, 87089
836, 1927778.00, 8413346.00, 8600520.00,26, 87193
837, 1927709.00, 8413491.00, 8600355.00,26, 87298
838, 1927681.00, 8413565.00, 8600457.00,26, 87402
839, 1927717.00, 8413688.00, 8600552.00,26, 87507
840, 1927744.00, 8413781.00, 8600748.00,26, 87612
841, 1927727.00, 8413832.00, 8600760.00,26, 87716
842, 1927712.00, 8413816.00, 8600550.00,26, 87821
843, 1927745.00, 8413916.00, 8600569.00,26, 87925
844, 1927733.00, 8414016.00, 8600900.00,26, 88030
845, 1927781.00, 8414127.00, 8600692.00,26, 88134
846, 1927747.00, 8414182.00, 8600633.00,26, 88239
847, 1927755.00, 8414174.00, 8600806.00,26, 88343
848, 1927726.00, 8414243.00, 8600895.00,26, 88448
849, 1927707.00, 8414381.00, 8600717.00,26, 88552
850, 1927729.00, 8414402.00, 8600822.00,26, 88657
851, 1927774.00, 8414449.00, 8600763.00,26, 88762
852, 1927772.00, 8414533.00, 8600645.00,26, 88866
853, 1927744.00, 8414623.00, 8600570.00,26, 88971
854, 1927794.00, 8414717.00, 8600596.00,26, 89075
855, 1927828.00, 8414807.00, 8600718.00,26, 89180
856, 1927815.00, 8414892.00, 8600700.00,26, 89284
857, 1927743.00, 8414902.00, 8600928.00,26, 89389
858, 1927691.00, 8414934.00, 8600610.00,26, 89493
859, 1927700.00, 8415014.00, 8600537.00,26, 89598
860, 1927669.00, 8415044.00, 8600601.00,26, 89702
861, 1927713.00, 8415120.00, 8600702.00,26, 89807
862, 1927766.00, 8415164.00, 8600575.00,26, 89912
863, 1927760.00, 8415323.00, 8600753.00,26, 90016
864, 1927771.00, 8415335.00, 8600885.00,26, 90121
865, 1927746.00, 8415348.00, 8600809.00,26, 90225
866, 1927771.00, 8415432.00, 8600893.00,26, 90330
867, 1927817.00, 8415502.00, 8600757.00,26, 90434
868, 1927816.00, 8415590.00, 8600820.00,26, 90539
869, 1927774.00, 8415606.00, 8600869.00,26, 90643
870, 1927686.00, 8415680.00, 8600698.00,26, 90748
871, 1927735.00, 8415808.00, 8600668.00,26, 90852
872, 1927782.00, 8415823.00, 8600700.00,26, 90957
873, 1927754.00, 8415881.00, 8600548.00,26, 91062
874, 1927832.00, 8415928.00, 8600666.00,26, 91166
875, 1927822.00, 8416010.00, 8600801.00,26, 91271
876, 1927706.00, 8416157.00, 8600543.00,26, 91375
877, 1927675.00, 8416301.00, 8600491.00,26, 91480
878, 1927748.00, 8416344.00, 8600746.00,26, 91584
879, 1927651.00, 8416816.00, 8599139.00,26, 91689
880, 1927343.00, 8418218.00, 8594869.00,26, 91793
881, 1927109.00, 8419076.00, 8592639.00,26, 91898
882, 1927014.00, 8419346.00, 8592332.00,26, 92002
883, 1926536.00, 8420602.00, 8589566.00,26, 92107
884, 1926085.00, 8423794.00, 8583187.00,26, 92211
885, 1926302.00, 8423600.00, 8586015.00,26, 92316
886, 1926331.00, 8422695.00, 8586951.00,26, 92421
887, 1925994.00, 8424995.00, 8583174.00,26, 92525
888, 1925578.00, 8426459.00, 8579842.00,26, 92630
889, 1925498.00, 8426899.00, 8579242.00,26, 92734
890, 1925483.00, 8427071.00, 8579312.00,26, 92839
891, 1925427.00, 8427244.00, 8579290.00,26, 92943
892, 1925401.00, 8427506.00, 8579111.00,26, 93048
893, 1925444.00, 8427687.00, 8579363.00,26, 93152
894, 1925405.00, 8427718.00, 8579340.00,26, 93257
895, 1925342.00, 8427744.00, 8579367.00,26, 93362
896, 1925378.00, 8427884.00, 8579259.00,26, 93466
897, 1925368.00, 8427965.00, 8579208.00,26, 93571
898, 1925305.00, 8428034.00, 8579308.00,26, 93675
899, 1925343.00, 8428041.00, 8579229.00,26, 93780
900, 1925334.00, 8428086.00, 8579224.00,26, 93884
901, 1925334.00, 8428141.00, 8579330.00,26, 93989
902, 1925311.00, 8428248.00, 8579319.00,26, 94093
903, 1925288.00, 8428262.00, 8579002.00,26, 94198
904, 1925269.00, 8428372.00, 8579016.00,26, 94302
905, 1925271.00, 8428483.00, 8579102.00,26, 94407
906, 1925246.00, 8428572.00, 8579088.00,26, 94512
907, 1925222.00, 8428585.00, 8579339.00,26, 94616
908, 1925238.00, 8428628.00, 8579235.00,26, 94721
909, 1925263.00, 8428700.00, 8579240.00,26, 94825
910, 1925257.00, 8428702.00, 8579169.00,26, 94930
911, 1925326.00, 8428838.00, 8579454.00,26, 95034
912, 1925330.00, 8428843.00, 8579624.00,26, 95139
913, 1925351.00, 8428847.00, 8579348.00,26, 95243
914, 1925303.00, 8428836.00, 8579154.00,26, 95348
915, 1925269.00, 8428877.00, 8579265.00,26, 95453
916, 1925245.00, 8428993.00, 8579264.00,26, 95557
917, 1925221.00, 8429133.00, 8579241.00,26, 95662
918, 1925198.00, 8429305.00, 8579310.00,26, 95766
919, 1925103.00, 8429458.00, 8579236.00,26, 95871
920, 1925137.00, 8429571.00, 8579171.00,26, 95975
921, 1925136.00, 8429616.00, 8579354.00,26, 96080
922, 1925101.00, 8429654.00, 8579386.00,26, 96184
923, 1925098.00, 8429667.00, 8579395.00,26, 96289
924, 1925055.00, 8429718.00, 8579343.00,26, 96393
925, 1925095.00, 8429745.00, 8579365.00,26, 96498
926, 1925108.00, 8429744.00, 8579124.00,26, 96603
927, 1925140.00, 8429847.00, 8579038.00,26, 96707
928, 1925133.00, 8429889.00, 8579192.00,26, 96812
929, 1925035.00, 8429872.00, 8579176.00,26, 96916
930, 1925044.00, 8429894.00, 8579276.00,26, 97021
931, 1925135.00, 8429885.00, 8579200.00,26, 97125
932, 1925117.00, 8429918.00, 8579082.00,26, 97230
933, 1925138.00, 8429926.00, 8579162.00,26, 97334
934, 1925156.00, 8429900.00, 8579393.00,26, 97439
935, 1925149.00, 8429893.00, 8579613.00,26, 97543
936, 1925107.00, 8429956.00, 8579398.00,26, 97648
937, 1925064.00, 8430047.00, 8579247.00,26, 97753
938, 1925051.00, 8430162.00, 8579198.00,26, 97857
939, 1925078.00, 8430183.00, 8579270.00,26, 97962
940, 1925077.00, 8430202.00, 8579422.00,26, 98066
941, 1925045.00, 8430202.00, 8579294.00,26, 98171
942, 1925055.00, 8430248.00, 8579158.00,26, 98275
943, 1925066.00, 8430254.00, 8579497.00,26, 98380
944, 1925070.00, 8430315.00, 8579286.00,26, 98484
945, 1925124.00, 8430326.00, 8579242.00,26, 98589
946, 1925105.00, 8430303.00, 8579252.00,26, 98693
947, 1925068.00, 8430309.00, 8579259.00,26, 98798
948, 1925069.00, 8430366.00, 8579223.00,26, 98902
949, 1925081.00, 8430382.00, 8579088.00,26, 99007
950, 1925082.00, 8430488.00, 8579319.00,26, 99112
951, 1925080.00, 8430513.00, 8579352.00,26, 99216
952, 1925075.00, 8430554.00, 8579330.00,26, 99321
953, 1925081.00, 8430666.00, 8579201.00,26, 99425
954, 1925086.00, 8430760.00, 8579238.00,26, 99530
955, 1925138.00, 8430725.00, 8579089.00,26, 99634
956, 1925086.00, 8430743.00, 8579300.00,26, 99739
957, 1925090.00, 8430799.00, 8579185.00,26, 99843
958, 1925114.00, 8430874.00, 8579188.00,26, 99948
959, 1925058.00, 8430920.00, 8579251.00,26, 100052
960, 1925084.00, 8430905.00, 8579241.00,26, 100157
961, 1925099.00, 8430978.00, 8579199.00,26, 100261
962, 1925038.00, 8431037.00, 8579302.00,26, 100366
963, 1925064.00, 8431070.00, 8579421.00,26, 100470
964, 1925066.00, 8431125.00, 8579301.00,26, 100575
965, 1925046.00, 8431130.00, 8579305.00,26, 100680
966, 1925068.00, 8431175.00, 8579168.00,26, 100784
967, 1925084.00, 8431269.00, 8579220.00,26, 100889
968, 1925068.00, 8431258.00, 8579107.00,26, 100993
969, 1925083.00, 8431318.00, 8579132.00,26, 101098
970, 1925007.00, 8431350.00, 8579208.00,26, 101202
971, 1925021.00, 8431387.00, 8579247.00,26, 101307
972, 1925023.00, 8431416.00, 8579251.00,26, 101411
973, 1924992.00, 8431447.00, 8579362.00,26, 101516
974, 1925033.00, 8431560.00, 8579326.00,26, 101620
975, 1925049.00, 8431609.00, 8579139.00,26, 101725
976, 1925043.00, 8431592.00, 8579176.00,26, 101830
977, 1925045.00, 8431565.00, 8579243.00,26, 101934
978, 1925020.00, 8431519.00, 8579143.00,26, 102039
979, 1925020.00, 8431602.00, 8579169.00,26, 102143
980, 1925069.00, 8431732.00, 8579269.00,26, 102248
981, 1925050.00, 8431845.00, 8579421.00,26, 102352
982, 1925069.00, 8431897.00, 8579393.00,26, 102457
983, 1925088.00, 8431840.00, 8579184.00,26, 102561
984, 1925058.00, 8431839.00, 8579362.00,26, 102666
985, 1925069.00, 8431882.00, 8579319.00,26, 102770
986, 1925101.00, 8431944.00, 8579537.00,26, 102875
987, 1925082.00, 8431929.00, 8579686.00,26, 102980
988, 1924970.00, 8432190.00, 8578550.00,26, 103084
989, 1924864.00, 8432476.00, 8577828.00,26, 103189
990, 1924744.00, 8433350.00, 8577331.00,26, 103293
991, 1924408.00, 8435113.00, 8575128.00,26, 103398
992, 1923854.00, 8437254.00, 8566074.00,26, 103502
993, 1922929.00, 8440737.00, 8559930.00,26, 103607
994, 1922127.00, 8444124.00, 8555816.00,26, 103711
995, 1921561.00, 8446275.00, 8553276.00,26, 103816
996, 1921167.00, 8448013.00, 8552081.00,26, 103920
997, 1919812.00, 8450306.00, 8548739.00,26, 104025
998, 1917920.00, 8463953.00, 8542888.00,26, 104130
999, 1917109.00, 8466806.00, 8540102.00,26, 104234
1000, 1916597.00, 8469022.00, 8540379.00,26, 104339
1001, 1916316.00, 8470009.00, 8541346.00,26, 104443
1002, 1916103.00, 8470924.00, 8540763.00,26, 104548
1003, 1915659.00, 8472182.00, 8539999.00,26, 104652
1004, 1914845.00, 8474619.00, 8538066.00,26, 104757
1005, 1914111.00, 8478123.00, 8535903.00,26, 104861
1006, 1913701.00, 8481898.00, 8535261.00,26, 104966
1007, 1913425.00, 8482901.00, 8535265.00,26, 105070
1008, 1913185.00, 8483806.00, 8535413.00,26, 105175
1009, 1912888.00, 8485028.00, 8535350.00,26, 105280
1010, 1912489.00, 8486465.00, 8535171.00,26, 105384
1011, 1912264.00, 8487378.00, 8535219.00,26, 105489
1012, 1912182.00, 8487787.00, 8535152.00,26, 105593
1013, 1912072.00, 8488122.00, 8535163.00,26, 105698
1014, 1912007.00, 8488735.00, 8535291.00,26, 105802
1015, 1911905.00, 8489381.00, 8535341.00,26, 105907
1016, 1911607.00, 8490619.00, 8535348.00,26, 106011
1017, 1911289.00, 8491908.00, 8535325.00,26, 106116
1018, 1910946.00, 8493150.00, 8535163.00,26, 106220
1019, 1910626.00, 8494681.00, 8535036.00,26, 106325
1020, 1910366.00, 8495798.00, 8535315.00,26, 106430
1021, 1910221.00, 8496449.00, 8535188.00,26, 106534
1022, 1910111.00, 8497352.00, 8535298.00,26, 106639
1023, 1910032.00, 8497828.00, 8535395.00,26, 106743
1024, 1909845.00, 8498520.00, 8535374.00,26, 106848
1025, 1909621.00, 8499173.00, 8535268.00,26, 106952
1026, 1909494.00, 8499905.00, 8535120.00,26, 107057
1027, 1909301.00, 8500781.00, 8535399.00,26, 107161
1028, 1909071.00, 8501545.00, 8535311.00,26, 107266
1029, 1908962.00, 8502029.00, 8535199.00,26, 107370
1030, 1908984.00, 8502566.00, 8535295.00,26, 107475
1031, 1909000.00, 8502679.00, 8535474.00,26, 107580
1032, 1908917.00, 8502889.00, 8535534.00,26, 107684
1033, 1908785.00, 8503311.00, 8535297.00,26, 107789
1034, 1908597.00, 8503935.00, 8535354.00,26, 107893
1035, 1908329.00, 8504853.00, 8535300.00,26, 107998
1036, 1908066.00, 8505960.00, 8535180.00,26, 108102
1037, 1907822.00, 8506981.00, 8535193.00,26, 108207
1038, 1907736.00, 8507912.00, 8535251.00,26, 108311
1039, 1907728.00, 8508124.00, 8535144.00,26, 108416
1040, 1907657.00, 8508386.00, 8535157.00,26, 108520
1041, 1907543.00, 8508808.00, 8535454.00,26, 108625
1042, 1907372.00, 8509393.00, 8535445.00,26, 108730
1043, 1907218.00, 8510000.00, 8535424.00,26, 108834
1044, 1907079.00, 8510606.00, 8535373.00,26, 108939
1045, 1907006.00, 8511190.00, 8535397.00,26, 109043
1046, 1906872.00, 8511926.00, 8535259.00,26, 109148
1047, 1906869.00, 8512082.00, 8535103.00,26, 109252
1048, 1906855.00, 8512184.00, 8535088.00,26, 109357
1049, 1906795.00, 8512260.00, 8535325.00,26, 109461
1050, 1906754.00, 8512483.00, 8535236.00,26, 109566
1051, 1906651.00, 8512849.00, 8534935.00,26, 109670
1052, 1906460.00, 8513462.00, 8534973.00,26, 109775
1053, 1906254.00, 8514220.00, 8535266.00,26, 109880
1054, 1906089.00, 8515768.00, 8535165.00,26, 109984
1055, 1905951.00, 8516113.00, 8535487.00,26, 110089
1056, 1905908.00, 8516297.00, 8535502.00,26, 110193
1057, 1905886.00, 8516509.00, 8535632.00,26, 110298
1058, 1905808.00, 8516781.00, 8535533.00,26, 110402
1059, 1905649.00, 8517104.00, 8535555.00,26, 110507
1060, 1905549.00, 8517559.00, 8535450.00,26, 110611
1061, 1905386.00, 8518089.00, 8535283.00,26, 110716
1062, 1905264.00, 8519143.00, 8535442.00,26, 110820
1063, 1905181.00, 8519472.00, 8535226.00,26, 110925
1064, 1905216.00, 8519557.00, 8534935.00,26, 111030
1065, 1905204.00, 8519623.00, 8535001.00,26, 111134
1066, 1905166.00, 8519740.00, 8535121.00,26, 111239
1067, 1905104.00, 8519854.00, 8535292.00,26, 111343
1068, 1905111.00, 8520082.00, 8535147.00,26, 111448
1069, 1905048.00, 8520407.00, 8535391.00,26, 111552
1070, 1904908.00, 8521498.00, 8535433.00,26, 111657
1071, 1904758.00, 8522151.00, 8535669.00,26, 111761
1072, 1904641.00, 8522590.00, 8535488.00,26, 111866
1073, 1904548.00, 8522786.00, 8535546.00,26, 111970
1074, 1904525.00, 8522896.00, 8535520.00,26, 112075
1075, 1904574.00, 8523027.00, 8535483.00,26, 112180
1076, 1904518.00, 8523246.00, 8535321.00,26, 112284
1077, 1904400.00, 8523550.00, 8535357.00,26, 112389
1078, 1904323.00, 8524438.00, 8535520.00,26, 112493
1079, 1904167.00, 8524840.00, 8535357.00,26, 112598
1080, 1904127.00, 8525085.00, 8535312.00,26, 112702
1081, 1904172.00, 8525263.00, 8535303.00,26, 112807
1082, 1904146.00, 8525381.00, 8535141.00,26, 112911
1083, 1904110.00, 8525454.00, 8535351.00,26, 113016
1084, 1904117.00, 8525533.00, 8535159.00,26, 113121
1085, 1904100.00, 8525666.00, 8535273.00,26, 113225
1086, 1904050.00, 8526138.00, 8535452.00,26, 113330
1087, 1903943.00, 8526609.00, 8535506.00,26, 113434
1088, 1903803.00, 8527112.00, 8535382.00,26, 113539
1089, 1903688.00, 8527534.00, 8535430.00,26, 113643
1090, 1903608.00, 8527744.00, 8535464.00,26, 113748
1091, 1903602.00, 8527843.00, 8535236.00,26, 113852
1092, 1903579.00, 8527956.00, 8535163.00,26, 113957
1093, 1903576.00, 8528127.00, 8535237.00,26, 114062
1094, 1903522.00, 8528619.00, 8535120.00,26, 114166
1095, 1903414.00, 8528935.00, 8535166.00,26, 114271
1096, 1903324.00, 8529282.00, 8535117.00,26, 114375
1097, 1903294.00, 8529621.00, 8535477.00,26, 114480
1098, 1903272.00, 8529819.00, 8535342.00,26, 114584
1099, 1903229.00, 8529939.00, 8535474.00,26, 114689
1100, 1903154.00, 8529978.00, 8535483.00,26, 114793
1101, 1903166.00, 8530007.00, 8535378.00,26, 114898
1102, 1903163.00, 8530201.00, 8535460.00,26, 115002
1103, 1903162.00, 8530403.00, 8535499.00,26, 115107
1104, 1903085.00, 8530721.00, 8535641.00,26, 115212
1105, 1902972.00, 8531125.00, 8535348.00,26, 115316
1106, 1902908.00, 8531507.00, 8534907.00,26, 115421
1107, 1902809.00, 8531725.00, 8535037.00,26, 115525
1108, 1902790.00, 8531785.00, 8535083.00,26, 115630
1109, 1902834.00, 8531804.00, 8535206.00,26, 115734
1110, 1902853.00, 8532018.00, 8535418.00,26, 115839
1111, 1902789.00, 8532254.00, 8535350.00,26, 115943
1112, 1902738.00, 8532560.00, 8535171.00,26, 116048
1113, 1902701.00, 8532887.00, 8535448.00,26, 116152
1114, 1902646.00, 8533115.00, 8535401.00,26, 116257
1115, 1902580.00, 8533235.00, 8535283.00,26, 116362
1116, 1902573.00, 8533394.00, 8535223.00,26, 116466
1117, 1902561.00, 8533462.00, 8535344.00,26, 116571
1118, 1902634.00, 8533013.00, 8536541.00,26, 116675
1119, 1902707.00, 8533052.00, 8536698.00,26, 116780
1120, 1902598.00, 8533474.00, 8535697.00,26, 116884
1121, 1902181.00, 8534625.00, 8533023.00,26, 116989
1122, 1901075.00, 8538354.00, 8528429.00,26, 117093
1123, 1899817.00, 8543266.00, 8524801.00,26, 117198
1124, 1897265.00, 8548919.00, 8521127.00,26, 117302
1125, 1890570.00, 8566869.00, 8511335.00,26, 117407
1126, 1880492.00, 8661992.00, 8507307.00,26, 117512
1127, 1869530.00, 8725343.00, 8502450.00,26, 117616
1128, 1862694.00, 8774106.00, 8499686.00,26, 117721
1129, 1862095.00, 8791316.00, 8500237.00,26, 117825
1130, 1862476.00, 8794857.00, 8499643.00,26, 117930
1131, 1860838.00, 8802430.00, 8497941.00,26, 118034
1132, 1857624.00, 8827637.00, 8494511.00,26, 118139
1133, 1857616.00, 8859753.00, 8492488.00,26, 118243
1134, 1858485.00, 8873568.00, 8492653.00,26, 118348
1135, 1858815.00, 8876009.00, 8492612.00,26, 118452
1136, 1858950.00, 8878300.00, 8492514.00,26, 118557
1137, 1859025.00, 8880441.00, 8492349.00,26, 118662
1138, 1859080.00, 8882391.00, 8492307.00,26, 118766
1139, 1859155.00, 8884005.00, 8492510.00,26, 118871
1140, 1859156.00, 8885391.00, 8492455.00,26, 118975
1141, 1859119.00, 8886662.00, 8492376.00,26, 119080
1142, 1859123.00, 8889313.00, 8492456.00,26, 119184
1143, 1859120.00, 8890674.00, 8492304.00,26, 119289
1144, 1859087.00, 8891846.00, 8492299.00,26, 119393
1145, 1859066.00, 8892882.00, 8492462.00,26, 119498
1146, 1859062.00, 8893965.00, 8492623.00,26, 119602
1147, 1859030.00, 8895164.00, 8492615.00,26, 119707
1148, 1858965.00, 8896289.00, 8492583.00,26, 119811
1149, 1858948.00, 8897264.00, 8492621.00,26, 119916
1150, 1858921.00, 8899205.00, 8492698.00,26, 120021
1151, 1858896.00, 8900169.00, 8492671.00,26, 120125
1152, 1858881.00, 8901082.00, 8492511.00,26, 120230
1153, 1858876.00, 8901897.00, 8492459.00,26, 120334
1154, 1858935.00, 8902499.00, 8492615.00,26, 120439
1155, 1859040.00, 8903085.00, 8492405.00,26, 120543
1156, 1859067.00, 8903746.00, 8492215.00,26, 120648
1157, 1859042.00, 8904552.00, 8492454.00,26, 120752
1158, 1859016.00, 8905887.00, 8492434.00,26, 120857
1159, 1858996.00, 8906501.00, 8492565.00,26, 120961
1160, 1858995.00, 8907154.00, 8492503.00,26, 121066
1161, 1858973.00, 8907864.00, 8492800.00,26, 121170
1162, 1858954.00, 8908445.00, 8492609.00,26, 121275
1163, 1858886.00, 8909063.00, 8492519.00,26, 121380
1164, 1858845.00, 8909771.00, 8492577.00,26, 121484
1165, 1858796.00, 8910478.00, 8492593.00,26, 121589
1166, 1858705.00, 8911915.00, 8492507.00,26, 121693
1167, 1858702.00, 8912558.00, 8492692.00,26, 121798
1168, 1858699.00, 8913172.00, 8492662.00,26, 121902
1169, 1858743.00, 8913810.00, 8492554.00,26, 122007
1170, 1858690.00, 8914394.00, 8492524.00,26, 122111
1171, 1858673.00, 8914893.00, 8492505.00,26, 122216
1172, 1858700.00, 8915390.00, 8492710.00,26, 122320
1173, 1858708.00, 8915910.00, 8492698.00,26, 122425
1174, 1858723.00, 8916758.00, 8492494.00,26, 122529
1175, 1858702.00, 8917152.00, 8492540.00,26, 122634
1176, 1858706.00, 8917545.00, 8492708.00,26, 122738
1177, 1858758.00, 8917879.00, 8492588.00,26, 122843
1178, 1858774.00, 8918298.00, 8492462.00,26, 122948
1179, 1858743.00, 8918804.00, 8492448.00,26, 123052
1180, 1858690.00, 8919212.00, 8492440.00,26, 123157
1181, 1858688.00, 8919605.00, 8492390.00,26, 123261
1182, 1858654.00, 8920576.00, 8492541.00,26, 123366
1183, 1858613.00, 8921135.00, 8492515.00,26, 123470
1184, 1858561.00, 8921612.00, 8492472.00,26, 123575
1185, 1858577.00, 8922020.00, 8492497.00,26, 123679
1186, 1858647.00, 8922453.00, 8492572.00,26, 123784
1187, 1858636.00, 8922876.00, 8492655.00,26, 123888
1188, 1858546.00, 8923285.00, 8492587.00,26, 123993
1189, 1858526.00, 8923642.00, 8492488.00,26, 124097
1190, 1858536.00, 8924286.00, 8492472.00,26, 124202
1191, 1858662.00, 8924567.00, 8492545.00,26, 124307
1192, 1858701.00, 8924868.00, 8492514.00,26, 124411
1193, 1858670.00, 8925147.00, 8492586.00,26, 124516
1194, 1858684.00, 8925394.00, 8492561.00,26, 124620
1195, 1858679.00, 8925694.00, 8492467.00,26, 124725
1196, 1858614.00, 8926037.00, 8492687.00,26, 124829
1197, 1858567.00, 8926344.00, 8492615.00,26, 124934
1198, 1858559.00, 8927072.00, 8492492.00,26, 125038
1199, 1858540.00, 8927516.00, 8492489.00,26, 125143
1200, 1858556.00, 8927843.00, 8492515.00,26, 125247
1201, 1858566.00, 8928190.00, 8492537.00,26, 125352
1202, 1858535.00, 8928530.00, 8492589.00,26, 125456
1203, 1858478.00, 8928852.00, 8492557.00,26, 125561
1204, 1858506.00, 8929152.00, 8492786.00,26, 125666
1205, 1858569.00, 8929398.00, 8492712.00,26, 125770
1206, 1858568.00, 8929928.00, 8492569.00,26, 125875
1207, 1858520.00, 8930168.00, 8492640.00,26, 125979
1208, 1858555.00, 8930345.00, 8492687.00,26, 126084
1209, 1858583.00, 8930487.00, 8492522.00,26, 126188
1210, 1858581.00, 8930712.00, 8492785.00,26, 126293
1211, 1858545.00, 8930946.00, 8492714.00,26, 126397
1212, 1858559.00, 8931197.00, 8492618.00,26, 126502
1213, 1858545.00, 8931463.00, 8492746.00,26, 126606
1214, 1858506.00, 8932027.00, 8492542.00,26, 126711
1215, 1858537.00, 8932336.00, 8492592.00,26, 126815
1216, 1858546.00, 8932672.00, 8492442.00,26, 126920
1217, 1858581.00, 8932936.00, 8492432.00,26, 127025
1218, 1858635.00, 8933285.00, 8492366.00,26, 127129
1219, 1858633.00, 8933595.00, 8492402.00,26, 127234
1220, 1858638.00, 8933863.00, 8492340.00,26, 127338
1221, 1858610.00, 8934130.00, 8492318.00,26, 127443
1222, 1858613.00, 8934553.00, 8492658.00,26, 127547
1223, 1858666.00, 8934815.00, 8492778.00,26, 127652
1224, 1858622.00, 8934931.00, 8492603.00,26, 127756
1225, 1858629.00, 8935032.00, 8492735.00,26, 127861
1226, 1858719.00, 8935154.00, 8492457.00,26, 127965
1227, 1858814.00, 8935285.00, 8492241.00,26, 128070
1228, 1858771.00, 8935467.00, 8492399.00,26, 128174
1229, 1858683.00, 8935674.00, 8492451.00,26, 128279
1230, 1858660.00, 8936196.00, 8492554.00,26, 128384
1231, 1858710.00, 8936576.00, 8492572.00,26, 128488
1232, 1858703.00, 8936850.00, 8492429.00,26, 128593
1233, 1858733.00, 8937045.00, 8492504.00,26, 128697
1234, 1858712.00, 8937270.00, 8492545.00,26, 128802
1235, 1858689.00, 8937512.00, 8492590.00,26, 128906
1236, 1858568.00, 8937748.00, 8492436.00,26, 129011
1237, 1858526.00, 8938057.00, 8492387.00,26, 129115
1238, 1858585.00, 8938368.00, 8492439.00,26, 129220
1239, 1858681.00, 8938581.00, 8492416.00,26, 129324