Date: 20.2.2020 , In use by: Mena
Daytime: 11:49:15, Temperature: 25°C
ID, strain4A, strain4B, loadcell x, temp [°C], runtime [ms]
BASELINE Time: 11:49:23
1, 1816697.00, 9719685.00, 8492612.00,25, 0
2, 1816366.00, 9719432.00, 8492656.00,25, 0
3, 1815963.00, 9719341.00, 8492518.00,25, 104
4, 1815735.00, 9719169.00, 8492407.00,25, 209
5, 1815612.00, 9718967.00, 8492244.00,25, 313
6, 1815431.00, 9718735.00, 8492384.00,25, 418
7, 1815120.00, 9718554.00, 8492243.00,25, 522
8, 1814848.00, 9718343.00, 8492432.00,25, 627
9, 1814617.00, 9718100.00, 8492604.00,25, 731
10, 1814319.00, 9717593.00, 8492471.00,25, 836
11, 1814083.00, 9717386.00, 8492408.00,25, 940
12, 1813857.00, 9717180.00, 8492338.00,25, 1045
13, 1813543.00, 9717015.00, 8492587.00,25, 1149
14, 1813264.00, 9716773.00, 8492523.00,25, 1254
15, 1813043.00, 9716574.00, 8492670.00,25, 1359
16, 1812887.00, 9716472.00, 8492616.00,25, 1463
17, 1812609.00, 9716307.00, 8492424.00,25, 1568
18, 1812373.00, 9715875.00, 8492598.00,25, 1672
19, 1812074.00, 9715653.00, 8492512.00,25, 1777
20, 1811863.00, 9715487.00, 8492446.00,25, 1881
21, 1811692.00, 9715386.00, 8492536.00,25, 1986
22, 1811523.00, 9715179.00, 8492435.00,25, 2090
23, 1811283.00, 9714990.00, 8492499.00,25, 2195
24, 1811068.00, 9714808.00, 8492554.00,25, 2299
25, 1810814.00, 9714648.00, 8492653.00,25, 2404
26, 1810612.00, 9714373.00, 8492751.00,25, 2508
27, 1810383.00, 9714144.00, 8492928.00,25, 2613
28, 1810138.00, 9714008.00, 8492885.00,25, 2717
29, 1810031.00, 9713888.00, 8492758.00,25, 2822
30, 1809818.00, 9713759.00, 8492317.00,25, 2927
31, 1809616.00, 9713590.00, 8492187.00,25, 3031
32, 1809425.00, 9713490.00, 8492486.00,25, 3136
33, 1809189.00, 9713287.00, 8492681.00,25, 3240
34, 1808999.00, 9712981.00, 8492526.00,25, 3345
35, 1808772.00, 9712831.00, 8492689.00,25, 3449
36, 1808523.00, 9712654.00, 8492740.00,25, 3554
37, 1808353.00, 9712541.00, 8492521.00,25, 3658
38, 1808182.00, 9712438.00, 8492504.00,25, 3763
39, 1808016.00, 9712248.00, 8492582.00,25, 3867
40, 1807838.00, 9712097.00, 8492570.00,25, 3972
41, 1807648.00, 9711998.00, 8492465.00,25, 4076
42, 1807393.00, 9711652.00, 8492417.00,25, 4181
43, 1807223.00, 9711493.00, 8492549.00,25, 4286
44, 1807030.00, 9711403.00, 8492591.00,25, 4390
45, 1806867.00, 9711208.00, 8492559.00,25, 4495
46, 1806716.00, 9711066.00, 8492783.00,25, 4599
47, 1806514.00, 9711003.00, 8492829.00,25, 4704
48, 1806324.00, 9710840.00, 8492704.00,25, 4808
49, 1806140.00, 9710697.00, 8492505.00,25, 4913
50, 1805981.00, 9710471.00, 8492692.00,25, 5017
51, 1805824.00, 9710350.00, 8492544.00,25, 5122
52, 1805630.00, 9710208.00, 8492485.00,25, 5226
53, 1805441.00, 9710032.00, 8492857.00,25, 5331
54, 1805292.00, 9709905.00, 8492728.00,25, 5435
55, 1805131.00, 9709755.00, 8492751.00,25, 5540
56, 1804930.00, 9709636.00, 8492849.00,25, 5644
57, 1804719.00, 9709460.00, 8492750.00,25, 5749
58, 1804568.00, 9709215.00, 8492757.00,25, 5854
59, 1804460.00, 9709101.00, 8492540.00,25, 5958
60, 1804280.00, 9708972.00, 8492395.00,25, 6063
61, 1804090.00, 9708812.00, 8492375.00,25, 6167
62, 1803931.00, 9708668.00, 8492459.00,25, 6272
63, 1803765.00, 9708533.00, 8492579.00,25, 6376
64, 1803607.00, 9708448.00, 8492746.00,25, 6481
65, 1803396.00, 9708320.00, 8492594.00,25, 6585
66, 1803254.00, 9708129.00, 8492745.00,25, 6690
67, 1803103.00, 9707994.00, 8492620.00,25, 6794
68, 1802948.00, 9707851.00, 8492511.00,25, 6899
69, 1802743.00, 9707742.00, 8492517.00,25, 7004
70, 1802611.00, 9707617.00, 8492579.00,25, 7108
71, 1802450.00, 9707465.00, 8492826.00,25, 7213
72, 1802290.00, 9707309.00, 8492672.00,25, 7317
73, 1802071.00, 9707225.00, 8492929.00,25, 7422
74, 1801922.00, 9706981.00, 8492977.00,25, 7526
75, 1801804.00, 9706854.00, 8492768.00,25, 7631
76, 1801674.00, 9706741.00, 8492751.00,25, 7735
77, 1801519.00, 9706668.00, 8492566.00,25, 7840
78, 1801336.00, 9706453.00, 8492729.00,25, 7944
79, 1801166.00, 9706439.00, 8492707.00,25, 8049
80, 1801075.00, 9706402.00, 8492693.00,25, 8154
81, 1800944.00, 9706137.00, 8492644.00,25, 8258
82, 1800726.00, 9705947.00, 8492561.00,25, 8363
83, 1800538.00, 9705818.00, 8492655.00,25, 8467
84, 1800416.00, 9705689.00, 8492589.00,25, 8572
85, 1800296.00, 9705570.00, 8492534.00,25, 8676
86, 1800139.00, 9705464.00, 8492477.00,25, 8781
87, 1799965.00, 9705346.00, 8492608.00,25, 8885
88, 1799838.00, 9705217.00, 8492698.00,25, 8990
89, 1799747.00, 9705129.00, 8492580.00,25, 9094
90, 1799628.00, 9705005.00, 8492609.00,25, 9199
91, 1799455.00, 9704825.00, 8492348.00,25, 9304
92, 1799342.00, 9704680.00, 8492252.00,25, 9408
93, 1799206.00, 9704519.00, 8492533.00,25, 9513
94, 1799015.00, 9704330.00, 8492538.00,25, 9617
95, 1798864.00, 9704262.00, 8492581.00,25, 9722
96, 1798705.00, 9704084.00, 8492530.00,25, 9826
97, 1798524.00, 9703990.00, 8492640.00,25, 9931
98, 1798344.00, 9703825.00, 8492596.00,25, 10035
99, 1798271.00, 9703750.00, 8492653.00,25, 10140
100, 1798229.00, 9703578.00, 8492577.00,25, 10245
101, 1798064.00, 9703529.00, 8492388.00,25, 10349
102, 1797908.00, 9703417.00, 8492654.00,25, 10454
103, 1797792.00, 9703309.00, 8492391.00,25, 10558
104, 1797588.00, 9703182.00, 8492304.00,25, 10663
105, 1797438.00, 9703080.00, 8492569.00,25, 10767
106, 1797350.00, 9702913.00, 8492618.00,25, 10872
107, 1797276.00, 9702780.00, 8492490.00,25, 10976
108, 1797130.00, 9702695.00, 8492536.00,25, 11081
109, 1796997.00, 9702548.00, 8492381.00,25, 11186
110, 1796875.00, 9702432.00, 8492569.00,25, 11290
111, 1796748.00, 9702383.00, 8492725.00,25, 11395
112, 1796617.00, 9702306.00, 8492511.00,25, 11499
113, 1796470.00, 9702214.00, 8492446.00,25, 11604
114, 1796413.00, 9702102.00, 8492494.00,25, 11708
115, 1796301.00, 9701962.00, 8492731.00,25, 11813
116, 1796097.00, 9701863.00, 8492655.00,25, 11917
117, 1795961.00, 9701804.00, 8492342.00,25, 12022
118, 1795874.00, 9701745.00, 8492346.00,25, 12127
119, 1795802.00, 9701699.00, 8492514.00,25, 12231
120, 1795662.00, 9701621.00, 8492518.00,25, 12336
121, 1795551.00, 9701582.00, 8492427.00,25, 12440
122, 1795411.00, 9701426.00, 8492337.00,25, 12545
123, 1795294.00, 9701364.00, 8492432.00,25, 12649
124, 1795179.00, 9701305.00, 8492405.00,25, 12754
125, 1794990.00, 9701189.00, 8492449.00,25, 12858
126, 1794844.00, 9701115.00, 8492454.00,25, 12963
127, 1794771.00, 9701062.00, 8492539.00,25, 13068
128, 1794636.00, 9700976.00, 8492642.00,25, 13172
129, 1794504.00, 9700888.00, 8492475.00,25, 13277
130, 1794414.00, 9700789.00, 8492444.00,25, 13381
131, 1794201.00, 9700677.00, 8492276.00,25, 13486
132, 1794053.00, 9700532.00, 8492408.00,25, 13590
133, 1793999.00, 9700526.00, 8492637.00,25, 13695
134, 1793614.00, 9700373.00, 8492729.00,25, 13799
135, 1793376.00, 9699898.00, 8492816.00,25, 13904
136, 1793534.00, 9700168.00, 8492654.00,25, 14008
BASELINE Time: 11:49:37
RECORDING Time: 11:49:47
1, 1783077.00, 9692246.00, 8492423.00,25, 0
2, 1782951.00, 9692227.00, 8492556.00,25, 0
3, 1782544.00, 9692310.00, 8492593.00,25, 104
4, 1782443.00, 9692093.00, 8492520.00,25, 209
5, 1782506.00, 9691941.00, 8492549.00,25, 314
6, 1782426.00, 9691823.00, 8492710.00,25, 418
7, 1782295.00, 9691665.00, 8492726.00,25, 523
8, 1782146.00, 9691542.00, 8492762.00,25, 627
9, 1782029.00, 9691269.00, 8492664.00,25, 732
10, 1781863.00, 9691273.00, 8492479.00,25, 837
11, 1781755.00, 9691160.00, 8492833.00,25, 941
12, 1781660.00, 9691066.00, 8492942.00,25, 1046
13, 1781593.00, 9691075.00, 8492634.00,25, 1150
14, 1781523.00, 9690967.00, 8492530.00,25, 1255
15, 1781385.00, 9690806.00, 8492349.00,25, 1360
16, 1781305.00, 9690699.00, 8492422.00,25, 1464
17, 1781215.00, 9690601.00, 8492627.00,25, 1569
18, 1781085.00, 9690523.00, 8492595.00,25, 1673
19, 1780998.00, 9690411.00, 8492729.00,25, 1778
20, 1780921.00, 9690426.00, 8492676.00,25, 1883
21, 1780909.00, 9690301.00, 8492417.00,25, 1987
22, 1780802.00, 9690230.00, 8492708.00,25, 2092
23, 1780759.00, 9690153.00, 8492677.00,25, 2196
24, 1780730.00, 9690107.00, 8492572.00,25, 2301
25, 1780776.00, 9690166.00, 8492668.00,25, 2405
26, 1780935.00, 9690246.00, 8492714.00,25, 2510
27, 1780749.00, 9690014.00, 8492646.00,25, 2615
28, 1780502.00, 9689886.00, 8492667.00,25, 2719
29, 1780397.00, 9689861.00, 8492506.00,25, 2824
30, 1780305.00, 9689807.00, 8492428.00,25, 2928
31, 1780185.00, 9689648.00, 8492599.00,25, 3033
32, 1780149.00, 9689532.00, 8492653.00,25, 3138
33, 1780055.00, 9689399.00, 8492414.00,25, 3242
34, 1780023.00, 9689163.00, 8492300.00,25, 3347
35, 1779991.00, 9689266.00, 8492434.00,25, 3451
36, 1780113.00, 9688878.00, 8492565.00,25, 3556
37, 1780186.00, 9689115.00, 8492638.00,25, 3660
38, 1780046.00, 9688895.00, 8492568.00,25, 3765
39, 1780020.00, 9688723.00, 8492600.00,25, 3870
40, 1779938.00, 9688786.00, 8492489.00,25, 3974
41, 1779787.00, 9688395.00, 8492539.00,25, 4079
42, 1779637.00, 9688374.00, 8492516.00,25, 4183
43, 1779519.00, 9688591.00, 8492871.00,25, 4288
44, 1779384.00, 9688316.00, 8492545.00,25, 4393
45, 1779349.00, 9688367.00, 8492518.00,25, 4497
46, 1779299.00, 9688310.00, 8492465.00,25, 4602
47, 1779297.00, 9688040.00, 8492403.00,25, 4706
48, 1779265.00, 9688020.00, 8492517.00,25, 4811
49, 1779130.00, 9688037.00, 8492277.00,25, 4916
50, 1779064.00, 9687903.00, 8492585.00,25, 5020
51, 1779032.00, 9687844.00, 8492765.00,25, 5125
52, 1778965.00, 9687819.00, 8492816.00,25, 5229
53, 1778924.00, 9687640.00, 8492727.00,25, 5334
54, 1778887.00, 9687690.00, 8492910.00,25, 5438
55, 1778850.00, 9687590.00, 8492704.00,25, 5543
56, 1778679.00, 9687620.00, 8492593.00,25, 5648
57, 1778631.00, 9687524.00, 8492874.00,25, 5752
58, 1778636.00, 9687455.00, 8492823.00,25, 5857
59, 1778601.00, 9687370.00, 8492554.00,25, 5961
60, 1778448.00, 9687331.00, 8492518.00,25, 6066
61, 1778393.00, 9687288.00, 8492642.00,25, 6171
62, 1778425.00, 9687161.00, 8492677.00,25, 6275
63, 1778357.00, 9687123.00, 8492758.00,25, 6380
64, 1778275.00, 9687085.00, 8492621.00,25, 6484
65, 1778196.00, 9686957.00, 8492407.00,25, 6589
66, 1778174.00, 9686926.00, 8492544.00,25, 6694
67, 1778106.00, 9686927.00, 8492656.00,25, 6798
68, 1778000.00, 9686865.00, 8492424.00,25, 6903
69, 1777962.00, 9686775.00, 8492539.00,25, 7007
70, 1777965.00, 9686758.00, 8492812.00,25, 7112
71, 1777872.00, 9686689.00, 8492498.00,25, 7217
72, 1777796.00, 9686632.00, 8492474.00,25, 7321
73, 1777696.00, 9686481.00, 8492472.00,25, 7426
74, 1777623.00, 9686377.00, 8492597.00,25, 7530
75, 1777578.00, 9686365.00, 8492761.00,25, 7635
76, 1777472.00, 9686354.00, 8492909.00,25, 7740
77, 1777390.00, 9686266.00, 8492498.00,25, 7844
78, 1777339.00, 9686167.00, 8492557.00,25, 7949
79, 1777277.00, 9686161.00, 8492486.00,25, 8053
80, 1777290.00, 9686080.00, 8492770.00,25, 8158
81, 1777176.00, 9685948.00, 8492781.00,25, 8263
82, 1777040.00, 9685866.00, 8492782.00,25, 8367
83, 1776968.00, 9685844.00, 8492972.00,25, 8472
84, 1776935.00, 9685778.00, 8492548.00,25, 8576
85, 1776875.00, 9685641.00, 8492587.00,25, 8681
86, 1776802.00, 9685638.00, 8492635.00,25, 8786
87, 1776727.00, 9685582.00, 8492886.00,25, 8890
88, 1776722.00, 9685504.00, 8493001.00,25, 8995
89, 1776670.00, 9685418.00, 8492930.00,25, 9099
90, 1776544.00, 9685403.00, 8492896.00,25, 9204
91, 1776436.00, 9685328.00, 8493051.00,25, 9309
92, 1776354.00, 9685256.00, 8493245.00,25, 9413
93, 1776253.00, 9685160.00, 8493421.00,25, 9518
94, 1775990.00, 9685343.00, 8494376.00,25, 9622
95, 1775682.00, 9685539.00, 8495275.00,25, 9727
96, 1775484.00, 9685686.00, 8495991.00,25, 9832
97, 1775509.00, 9685580.00, 8495986.00,25, 9936
98, 1775459.00, 9685553.00, 8495649.00,25, 10041
99, 1775436.00, 9685474.00, 8495384.00,25, 10145
100, 1775424.00, 9685378.00, 8495502.00,25, 10250
101, 1775393.00, 9685199.00, 8495209.00,25, 10355
102, 1775319.00, 9685067.00, 8494927.00,25, 10459
103, 1775354.00, 9685044.00, 8494790.00,25, 10564
104, 1775189.00, 9684740.00, 8494665.00,25, 10668
105, 1774006.00, 9686585.00, 8501351.00,25, 10773
106, 1773183.00, 9686670.00, 8502916.00,25, 10878
107, 1770068.00, 9688473.00, 8509912.00,25, 10982
108, 1761933.00, 9694218.00, 8521314.00,25, 11087
109, 1754019.00, 9699268.00, 8526406.00,25, 11191
110, 1741822.00, 9707008.00, 8533875.00,25, 11296
111, 1737103.00, 9713536.00, 8536842.00,25, 11401
112, 1736917.00, 9713500.00, 8536609.00,25, 11505
113, 1736973.00, 9713649.00, 8536593.00,25, 11610
114, 1737011.00, 9713494.00, 8536557.00,25, 11714
115, 1736847.00, 9713120.00, 8536435.00,25, 11819
116, 1736622.00, 9713159.00, 8536316.00,25, 11924
117, 1736473.00, 9713353.00, 8536380.00,25, 12028
118, 1736293.00, 9713333.00, 8536258.00,25, 12133
119, 1736150.00, 9713263.00, 8536647.00,25, 12237
120, 1735906.00, 9713144.00, 8536556.00,25, 12342
121, 1735813.00, 9713142.00, 8536577.00,25, 12447
122, 1735661.00, 9713134.00, 8536511.00,25, 12551
123, 1735529.00, 9713025.00, 8536427.00,25, 12656
124, 1735504.00, 9712840.00, 8536464.00,25, 12760
125, 1735447.00, 9712746.00, 8536360.00,25, 12865
126, 1735402.00, 9712695.00, 8536281.00,25, 12969
127, 1735321.00, 9712569.00, 8536357.00,25, 13074
128, 1735336.00, 9712350.00, 8536341.00,25, 13179
129, 1735375.00, 9712220.00, 8536365.00,25, 13283
130, 1735316.00, 9712192.00, 8536595.00,25, 13388
131, 1735306.00, 9712058.00, 8536493.00,25, 13492
132, 1735270.00, 9711959.00, 8536382.00,25, 13597
133, 1735164.00, 9712030.00, 8536192.00,25, 13702
134, 1735076.00, 9712030.00, 8536323.00,25, 13806
135, 1735017.00, 9711976.00, 8536509.00,25, 13911
136, 1734868.00, 9711881.00, 8536552.00,25, 14015
137, 1734659.00, 9712055.00, 8536527.00,25, 14120
138, 1734574.00, 9711921.00, 8536523.00,25, 14225
139, 1734455.00, 9711856.00, 8536716.00,25, 14329
140, 1734283.00, 9711885.00, 8536452.00,25, 14434
141, 1734129.00, 9711816.00, 8536568.00,25, 14538
142, 1734008.00, 9711761.00, 8536254.00,25, 14643
143, 1733948.00, 9711705.00, 8536338.00,25, 14748
144, 1733943.00, 9711508.00, 8536259.00,25, 14852
145, 1733912.00, 9711373.00, 8536108.00,25, 14957
146, 1733831.00, 9711456.00, 8536422.00,25, 15061
147, 1733765.00, 9711370.00, 8536493.00,25, 15166
148, 1733719.00, 9711280.00, 8536329.00,25, 15271
149, 1733740.00, 9711296.00, 8536349.00,25, 15375
150, 1733699.00, 9711281.00, 8536580.00,25, 15480
151, 1733641.00, 9711214.00, 8536418.00,25, 15584
152, 1733548.00, 9711209.00, 8536109.00,25, 15689
153, 1733491.00, 9711160.00, 8536164.00,25, 15794
154, 1733405.00, 9711199.00, 8536382.00,25, 15898
155, 1733261.00, 9711208.00, 8536489.00,25, 16003
156, 1733097.00, 9711181.00, 8536685.00,25, 16107
157, 1732946.00, 9711105.00, 8536495.00,25, 16212
158, 1732833.00, 9711082.00, 8536307.00,25, 16317
159, 1732740.00, 9711042.00, 8536232.00,25, 16421
160, 1732640.00, 9710913.00, 8536488.00,25, 16526
161, 1732555.00, 9710794.00, 8536545.00,25, 16630
162, 1732529.00, 9710719.00, 8536551.00,25, 16735
163, 1732509.00, 9710650.00, 8536342.00,25, 16840
164, 1732544.00, 9710595.00, 8536600.00,25, 16944
165, 1732513.00, 9710536.00, 8536611.00,25, 17049
166, 1732449.00, 9710521.00, 8536420.00,25, 17153
167, 1732460.00, 9710532.00, 8536614.00,25, 17258
168, 1732485.00, 9710445.00, 8536264.00,25, 17363
169, 1732423.00, 9710436.00, 8536528.00,25, 17467
170, 1732343.00, 9710386.00, 8536456.00,25, 17572
171, 1732277.00, 9710264.00, 8536516.00,25, 17676
172, 1732239.00, 9710237.00, 8536610.00,25, 17781
173, 1732157.00, 9710333.00, 8536716.00,25, 17886
174, 1732037.00, 9710276.00, 8536789.00,25, 17990
175, 1731895.00, 9710163.00, 8536513.00,25, 18095
176, 1731743.00, 9710087.00, 8536463.00,25, 18199
177, 1731736.00, 9710014.00, 8536629.00,25, 18304
178, 1731637.00, 9709897.00, 8536631.00,25, 18409
179, 1731555.00, 9709834.00, 8536556.00,25, 18513
180, 1731509.00, 9709878.00, 8536651.00,25, 18618
181, 1731480.00, 9709847.00, 8536568.00,25, 18722
182, 1731479.00, 9709690.00, 8536335.00,25, 18827
183, 1731438.00, 9709650.00, 8536415.00,25, 18931
184, 1731492.00, 9709679.00, 8536560.00,25, 19036
185, 1731473.00, 9709612.00, 8536463.00,25, 19141
186, 1731404.00, 9709504.00, 8536443.00,25, 19245
187, 1731364.00, 9709488.00, 8536524.00,25, 19350
188, 1731323.00, 9709405.00, 8536548.00,25, 19454
189, 1731244.00, 9709407.00, 8536827.00,25, 19559
190, 1731160.00, 9709417.00, 8536706.00,25, 19664
191, 1731113.00, 9709412.00, 8536739.00,25, 19768
192, 1730998.00, 9709277.00, 8536401.00,25, 19873
193, 1730870.00, 9709179.00, 8536155.00,25, 19977
194, 1730798.00, 9709090.00, 8536276.00,25, 20082
195, 1730666.00, 9709044.00, 8536337.00,25, 20187
196, 1730614.00, 9709069.00, 8536306.00,25, 20291
197, 1730581.00, 9709049.00, 8536387.00,25, 20396
198, 1730535.00, 9709002.00, 8536571.00,25, 20500
199, 1730516.00, 9708964.00, 8536703.00,25, 20605
200, 1730487.00, 9708909.00, 8536391.00,25, 20709
201, 1730454.00, 9708826.00, 8536513.00,25, 20814
202, 1730441.00, 9708820.00, 8536522.00,25, 20919
203, 1730470.00, 9708800.00, 8536241.00,25, 21023
204, 1730458.00, 9708732.00, 8536278.00,25, 21128
205, 1730422.00, 9708636.00, 8536247.00,25, 21232
206, 1730404.00, 9708582.00, 8536304.00,25, 21337
207, 1730382.00, 9708529.00, 8536327.00,25, 21442
208, 1730267.00, 9708498.00, 8536404.00,25, 21546
209, 1730152.00, 9708418.00, 8536325.00,25, 21651
210, 1730122.00, 9708369.00, 8536287.00,25, 21755
211, 1730025.00, 9708312.00, 8536428.00,25, 21860
212, 1729922.00, 9708265.00, 8536486.00,25, 21965
213, 1729803.00, 9708269.00, 8536405.00,25, 22069
214, 1729718.00, 9708256.00, 8536320.00,25, 22174
215, 1729579.00, 9708222.00, 8536374.00,25, 22278
216, 1729521.00, 9708216.00, 8536296.00,25, 22383
217, 1729527.00, 9708146.00, 8536405.00,25, 22488
218, 1729469.00, 9708143.00, 8536508.00,25, 22592
219, 1729476.00, 9708006.00, 8536480.00,25, 22697
220, 1729528.00, 9707939.00, 8536280.00,25, 22801
221, 1729474.00, 9707916.00, 8536390.00,25, 22906
222, 1729483.00, 9707937.00, 8536601.00,25, 23010
223, 1729451.00, 9707896.00, 8536360.00,25, 23115
224, 1729410.00, 9707774.00, 8536468.00,25, 23220
225, 1729401.00, 9707708.00, 8536450.00,25, 23324
226, 1729320.00, 9707592.00, 8536351.00,25, 23429
227, 1729223.00, 9707623.00, 8536505.00,25, 23533
228, 1729135.00, 9707550.00, 8536370.00,25, 23638
229, 1728970.00, 9707460.00, 8536430.00,25, 23743
230, 1728832.00, 9707509.00, 8536534.00,25, 23847
231, 1728745.00, 9707528.00, 8536262.00,25, 23952
232, 1728667.00, 9707364.00, 8536357.00,25, 24056
233, 1728608.00, 9707326.00, 8536456.00,25, 24161
234, 1728534.00, 9707350.00, 8536412.00,25, 24266
235, 1728497.00, 9707414.00, 8536323.00,25, 24370
236, 1728467.00, 9707387.00, 8536090.00,25, 24475
237, 1728364.00, 9707311.00, 8536200.00,25, 24579
238, 1728337.00, 9707216.00, 8536564.00,25, 24684
239, 1728338.00, 9707277.00, 8536374.00,25, 24789
240, 1728331.00, 9707170.00, 8536356.00,25, 24893
241, 1728309.00, 9707121.00, 8536443.00,25, 24998
242, 1728291.00, 9707117.00, 8536445.00,25, 25102
243, 1728314.00, 9706960.00, 8536530.00,25, 25207
244, 1728268.00, 9706834.00, 8536486.00,25, 25311
245, 1728205.00, 9706831.00, 8536391.00,25, 25416
246, 1728066.00, 9706753.00, 8536258.00,25, 25521
247, 1727964.00, 9706599.00, 8536301.00,25, 25625
248, 1727879.00, 9706609.00, 8536305.00,25, 25730
249, 1727803.00, 9706570.00, 8536362.00,25, 25834
250, 1727708.00, 9706574.00, 8536509.00,25, 25939
251, 1727630.00, 9706600.00, 8536468.00,25, 26044
252, 1727502.00, 9706562.00, 8536503.00,25, 26148
253, 1727447.00, 9706569.00, 8536431.00,25, 26253
254, 1727411.00, 9706569.00, 8536251.00,25, 26357
255, 1727368.00, 9706565.00, 8536160.00,25, 26462
256, 1727278.00, 9706415.00, 8536279.00,25, 26567
257, 1727345.00, 9706373.00, 8536094.00,25, 26671
258, 1727422.00, 9706364.00, 8536525.00,25, 26776
259, 1727424.00, 9706301.00, 8536422.00,25, 26880
260, 1727409.00, 9706223.00, 8536367.00,25, 26985
261, 1727330.00, 9706122.00, 8536457.00,25, 27089
262, 1727271.00, 9706104.00, 8536388.00,25, 27194
263, 1727277.00, 9706019.00, 8536310.00,25, 27299
264, 1727177.00, 9706009.00, 8536217.00,25, 27403
265, 1727083.00, 9705983.00, 8536088.00,25, 27508
266, 1726976.00, 9705898.00, 8535909.00,25, 27612
267, 1726883.00, 9705935.00, 8536315.00,25, 27717
268, 1726806.00, 9706002.00, 8536474.00,25, 27822
269, 1726675.00, 9706031.00, 8536432.00,25, 27926
270, 1726591.00, 9706003.00, 8536280.00,25, 28031
271, 1726528.00, 9705952.00, 8536519.00,25, 28135
272, 1726463.00, 9705911.00, 8536403.00,25, 28240
273, 1726382.00, 9705899.00, 8536447.00,25, 28344
274, 1726399.00, 9705750.00, 8536305.00,25, 28449
275, 1726379.00, 9705651.00, 8536344.00,25, 28554
276, 1726352.00, 9705646.00, 8536436.00,25, 28658
277, 1726296.00, 9705582.00, 8536525.00,25, 28763
278, 1726328.00, 9705455.00, 8536629.00,25, 28867
279, 1726321.00, 9705302.00, 8536651.00,25, 28972
280, 1726199.00, 9705408.00, 8536611.00,25, 29077
281, 1725961.00, 9705505.00, 8536454.00,25, 29181
282, 1725840.00, 9705467.00, 8536405.00,25, 29286
283, 1725772.00, 9705504.00, 8536382.00,25, 29390
284, 1725744.00, 9705479.00, 8536327.00,25, 29495
285, 1725664.00, 9705433.00, 8536407.00,25, 29600
286, 1725567.00, 9705438.00, 8536450.00,25, 29704
287, 1725519.00, 9705484.00, 8536654.00,25, 29809
288, 1725378.00, 9705444.00, 8536642.00,25, 29913
289, 1725265.00, 9705399.00, 8536459.00,25, 30018
290, 1725204.00, 9705398.00, 8536584.00,25, 30123
291, 1725166.00, 9705333.00, 8536313.00,25, 30227
292, 1725116.00, 9705313.00, 8536261.00,25, 30332
293, 1725136.00, 9705225.00, 8536625.00,25, 30436
294, 1725143.00, 9705178.00, 8536487.00,25, 30541
295, 1725138.00, 9705098.00, 8536235.00,25, 30646
296, 1725170.00, 9704878.00, 8536418.00,25, 30750
297, 1725127.00, 9704789.00, 8536408.00,25, 30855
298, 1725087.00, 9704752.00, 8536303.00,25, 30959
299, 1725021.00, 9704729.00, 8536390.00,25, 31064
300, 1724985.00, 9704739.00, 8536352.00,25, 31169
301, 1724906.00, 9704753.00, 8536293.00,25, 31273
302, 1724845.00, 9704681.00, 8536406.00,25, 31378
303, 1724782.00, 9704706.00, 8536407.00,25, 31482
304, 1724656.00, 9704724.00, 8536368.00,25, 31587
305, 1724513.00, 9704685.00, 8536474.00,25, 31691
306, 1724474.00, 9704667.00, 8536486.00,25, 31796
307, 1724434.00, 9704679.00, 8536458.00,25, 31901
308, 1724339.00, 9704645.00, 8536400.00,25, 32005
309, 1724262.00, 9704619.00, 8536467.00,25, 32110
310, 1724260.00, 9704554.00, 8536520.00,25, 32214
311, 1724306.00, 9704512.00, 8536354.00,25, 32319
312, 1724294.00, 9704333.00, 8536431.00,25, 32424
313, 1724273.00, 9704321.00, 8536368.00,25, 32528
314, 1724242.00, 9704219.00, 8536622.00,25, 32633
315, 1724279.00, 9704141.00, 8536519.00,25, 32737
316, 1724210.00, 9704103.00, 8536363.00,25, 32842
317, 1724172.00, 9704056.00, 8536341.00,25, 32947
318, 1724135.00, 9704065.00, 8536471.00,25, 33051
319, 1724048.00, 9704061.00, 8536460.00,25, 33156
320, 1723945.00, 9704064.00, 8536312.00,25, 33260
321, 1723901.00, 9704112.00, 8536356.00,25, 33365
322, 1723774.00, 9704179.00, 8536574.00,25, 33470
323, 1723426.00, 9704285.00, 8537407.00,25, 33574
324, 1723114.00, 9704499.00, 8538163.00,25, 33679
325, 1722756.00, 9704711.00, 8538365.00,25, 33783
326, 1722182.00, 9705009.00, 8538764.00,25, 33888
327, 1721537.00, 9705351.00, 8539775.00,25, 33993
328, 1721052.00, 9706044.00, 8541613.00,25, 34097
329, 1720415.00, 9706432.00, 8541190.00,25, 34202
330, 1720149.00, 9706300.00, 8538882.00,25, 34306
331, 1720237.00, 9705972.00, 8538391.00,25, 34411
332, 1720047.00, 9706240.00, 8538594.00,25, 34516
333, 1719823.00, 9706362.00, 8538322.00,25, 34620
334, 1718333.00, 9706661.00, 8540411.00,25, 34725
335, 1715913.00, 9707649.00, 8546023.00,25, 34829
336, 1707428.00, 9717355.00, 8556336.00,25, 34934
337, 1697535.00, 9723119.00, 8560328.00,25, 35039
338, 1692398.00, 9725592.00, 8563769.00,25, 35143
339, 1677811.00, 9735985.00, 8572174.00,25, 35248
340, 1662680.00, 9748192.00, 8576676.00,25, 35352
341, 1652198.00, 9755233.00, 8578465.00,25, 35457
342, 1647956.00, 9760479.00, 8580289.00,25, 35562
343, 1647994.00, 9759839.00, 8580083.00,25, 35666
344, 1647963.00, 9758891.00, 8580259.00,25, 35771
345, 1648066.00, 9758405.00, 8580168.00,25, 35875
346, 1648184.00, 9757995.00, 8580236.00,25, 35980
347, 1648173.00, 9757702.00, 8580457.00,25, 36085
348, 1648191.00, 9757450.00, 8580361.00,25, 36189
349, 1648207.00, 9757105.00, 8580447.00,25, 36294
350, 1648095.00, 9756971.00, 8580232.00,25, 36398
351, 1648072.00, 9756920.00, 8580104.00,25, 36503
352, 1648114.00, 9756651.00, 8580211.00,25, 36608
353, 1648066.00, 9756661.00, 8580070.00,25, 36712
354, 1647968.00, 9756716.00, 8580035.00,25, 36817
355, 1647899.00, 9756628.00, 8580389.00,25, 36921
356, 1647851.00, 9756595.00, 8580273.00,25, 37026
357, 1647788.00, 9756549.00, 8580508.00,25, 37131
358, 1647647.00, 9756545.00, 8580221.00,25, 37235
359, 1647536.00, 9756490.00, 8580242.00,25, 37340
360, 1647417.00, 9756349.00, 8580367.00,25, 37445
361, 1647304.00, 9756234.00, 8580147.00,25, 37549
362, 1647311.00, 9756132.00, 8580160.00,25, 37654
363, 1647312.00, 9755926.00, 8580230.00,25, 37758
364, 1647275.00, 9755820.00, 8580308.00,25, 37863
365, 1647277.00, 9755574.00, 8580314.00,25, 37968
366, 1647292.00, 9755342.00, 8580330.00,25, 38072
367, 1647314.00, 9755177.00, 8580257.00,25, 38177
368, 1647334.00, 9754794.00, 8580019.00,25, 38281
369, 1647351.00, 9754758.00, 8579883.00,25, 38386
370, 1647341.00, 9754691.00, 8580258.00,25, 38491
371, 1647311.00, 9754668.00, 8580017.00,25, 38595
372, 1647268.00, 9754602.00, 8580095.00,25, 38700
373, 1647156.00, 9754604.00, 8580106.00,25, 38804
374, 1647046.00, 9754744.00, 8580085.00,25, 38909
375, 1646943.00, 9754796.00, 8580199.00,25, 39014
376, 1646848.00, 9754984.00, 8580398.00,25, 39118
377, 1646754.00, 9754971.00, 8580447.00,25, 39223
378, 1646640.00, 9754940.00, 8580152.00,25, 39328
379, 1646524.00, 9754947.00, 8580273.00,25, 39432
380, 1646444.00, 9754890.00, 8580197.00,25, 39537
381, 1646359.00, 9754752.00, 8580010.00,25, 39641
382, 1646312.00, 9754612.00, 8580160.00,25, 39746
383, 1646291.00, 9754419.00, 8580210.00,25, 39851
384, 1646302.00, 9754034.00, 8580094.00,25, 39955
385, 1646318.00, 9753961.00, 8580064.00,25, 40060
386, 1646369.00, 9753884.00, 8580403.00,25, 40164
387, 1646346.00, 9753730.00, 8580214.00,25, 40269
388, 1646265.00, 9753690.00, 8580326.00,25, 40374
389, 1646230.00, 9753793.00, 8580434.00,25, 40478
390, 1646212.00, 9753741.00, 8580318.00,25, 40583
391, 1646172.00, 9753706.00, 8580258.00,25, 40687
392, 1646074.00, 9753910.00, 8580273.00,25, 40792
393, 1645986.00, 9753953.00, 8580348.00,25, 40897
394, 1645878.00, 9753955.00, 8580086.00,25, 41001
395, 1645757.00, 9754007.00, 8580376.00,25, 41106
396, 1645687.00, 9754058.00, 8580580.00,25, 41210
397, 1645603.00, 9754074.00, 8580391.00,25, 41315
398, 1645462.00, 9754015.00, 8580102.00,25, 41420
399, 1645370.00, 9753856.00, 8580299.00,25, 41524
400, 1645330.00, 9753665.00, 8580502.00,25, 41629
401, 1645300.00, 9753472.00, 8580161.00,25, 41733
402, 1645285.00, 9753278.00, 8580221.00,25, 41838
403, 1645284.00, 9753087.00, 8580447.00,25, 41943
404, 1645276.00, 9753039.00, 8580311.00,25, 42047
405, 1645267.00, 9752995.00, 8580041.00,25, 42152
406, 1645137.00, 9753032.00, 8580143.00,25, 42257
407, 1645096.00, 9753139.00, 8580086.00,25, 42361
408, 1645074.00, 9753212.00, 8580242.00,25, 42466
409, 1645028.00, 9753195.00, 8580218.00,25, 42570
410, 1644929.00, 9753271.00, 8579994.00,25, 42675
411, 1644861.00, 9753310.00, 8580232.00,25, 42780
412, 1644729.00, 9753330.00, 8580375.00,25, 42884
413, 1644675.00, 9753361.00, 8580228.00,25, 42989
414, 1644564.00, 9753406.00, 8580106.00,25, 43093
415, 1644481.00, 9753385.00, 8580086.00,25, 43198
416, 1644388.00, 9753233.00, 8580103.00,25, 43303
417, 1644259.00, 9753199.00, 8579954.00,25, 43407
418, 1644229.00, 9753040.00, 8580116.00,25, 43512
419, 1644176.00, 9752926.00, 8580137.00,25, 43616
420, 1644145.00, 9752821.00, 8580380.00,25, 43721
421, 1644123.00, 9752665.00, 8580353.00,25, 43826
422, 1644116.00, 9752565.00, 8580207.00,25, 43930
423, 1644159.00, 9752470.00, 8580225.00,25, 44035
424, 1644221.00, 9752449.00, 8580277.00,25, 44139
425, 1644158.00, 9752411.00, 8580192.00,25, 44244
426, 1644080.00, 9752401.00, 8580253.00,25, 44349
427, 1644003.00, 9752412.00, 8580265.00,25, 44453
428, 1644001.00, 9752438.00, 8580207.00,25, 44558
429, 1643947.00, 9752536.00, 8580044.00,25, 44662
430, 1643879.00, 9752608.00, 8579946.00,25, 44767
431, 1643787.00, 9752629.00, 8580168.00,25, 44872
432, 1643687.00, 9752562.00, 8580317.00,25, 44976
433, 1643646.00, 9752639.00, 8580412.00,25, 45081
434, 1643549.00, 9752481.00, 8580315.00,25, 45185
435, 1643447.00, 9752368.00, 8580162.00,25, 45290
436, 1643357.00, 9752313.00, 8580330.00,25, 45395
437, 1643292.00, 9752323.00, 8580493.00,25, 45499
438, 1643271.00, 9752137.00, 8580381.00,25, 45604
439, 1643231.00, 9752008.00, 8580485.00,25, 45708
440, 1643199.00, 9751888.00, 8580233.00,25, 45813
441, 1643238.00, 9751874.00, 8580222.00,25, 45918
442, 1643244.00, 9751838.00, 8580087.00,25, 46022
443, 1643272.00, 9751837.00, 8580635.00,25, 46127
444, 1643275.00, 9751817.00, 8580388.00,25, 46231
445, 1643268.00, 9751858.00, 8580188.00,25, 46336
446, 1643218.00, 9751901.00, 8580158.00,25, 46441
447, 1643124.00, 9752003.00, 8580175.00,25, 46545
448, 1643042.00, 9752016.00, 8580198.00,25, 46650
449, 1642906.00, 9752167.00, 8579880.00,25, 46754
450, 1642836.00, 9751942.00, 8580065.00,25, 46859
451, 1642759.00, 9752077.00, 8580211.00,25, 46963
452, 1642705.00, 9752009.00, 8580135.00,25, 47068
453, 1642624.00, 9751897.00, 8580124.00,25, 47173
454, 1642533.00, 9751910.00, 8580221.00,25, 47277
455, 1642451.00, 9751797.00, 8580078.00,25, 47382
456, 1642402.00, 9751653.00, 8579874.00,25, 47486
457, 1642333.00, 9751500.00, 8579924.00,25, 47591
458, 1642246.00, 9751681.00, 8580056.00,25, 47695
459, 1642172.00, 9751461.00, 8580028.00,25, 47800
460, 1642057.00, 9751512.00, 8580323.00,25, 47905
461, 1641968.00, 9751578.00, 8580322.00,25, 48009
462, 1641968.00, 9751689.00, 8580169.00,25, 48114
463, 1641969.00, 9751709.00, 8580165.00,25, 48218
464, 1641915.00, 9751684.00, 8580146.00,25, 48323
465, 1641865.00, 9751805.00, 8580334.00,25, 48427
466, 1641804.00, 9751828.00, 8580369.00,25, 48532
467, 1641789.00, 9751807.00, 8580486.00,25, 48637
468, 1641699.00, 9751790.00, 8580293.00,25, 48741
469, 1641616.00, 9751770.00, 8580208.00,25, 48846
470, 1641517.00, 9751679.00, 8580156.00,25, 48950
471, 1641409.00, 9751584.00, 8580197.00,25, 49055
472, 1641330.00, 9751405.00, 8580083.00,25, 49159
473, 1641259.00, 9751323.00, 8580154.00,25, 49264
474, 1641212.00, 9751225.00, 8580204.00,25, 49369
475, 1641176.00, 9751195.00, 8580289.00,25, 49473
476, 1641091.00, 9751141.00, 8580389.00,25, 49578
477, 1641092.00, 9751085.00, 8580295.00,25, 49682
478, 1641079.00, 9751117.00, 8580010.00,25, 49787
479, 1641168.00, 9751092.00, 8580224.00,25, 49892
480, 1641189.00, 9751117.00, 8580560.00,25, 49996
481, 1641149.00, 9751105.00, 8580442.00,25, 50101
482, 1641093.00, 9751113.00, 8580133.00,25, 50205
483, 1641111.00, 9751110.00, 8580176.00,25, 50310
484, 1641115.00, 9751116.00, 8579959.00,25, 50414
485, 1641014.00, 9751145.00, 8580127.00,25, 50519
486, 1640918.00, 9751122.00, 8580071.00,25, 50624
487, 1640859.00, 9751004.00, 8580267.00,25, 50728
488, 1640791.00, 9750954.00, 8580437.00,25, 50833
489, 1640742.00, 9750876.00, 8580333.00,25, 50937
490, 1640634.00, 9750734.00, 8580395.00,25, 51042
491, 1640519.00, 9750682.00, 8580460.00,25, 51146
492, 1640481.00, 9750611.00, 8580397.00,25, 51251
493, 1640425.00, 9750542.00, 8580366.00,25, 51355
494, 1640347.00, 9750557.00, 8580644.00,25, 51460
495, 1640238.00, 9750593.00, 8580943.00,25, 51565
496, 1640231.00, 9750535.00, 8580990.00,25, 51669
497, 1640159.00, 9750618.00, 8581421.00,25, 51774
498, 1640026.00, 9750786.00, 8581942.00,25, 51878
499, 1639715.00, 9750971.00, 8582812.00,25, 51983
500, 1639191.00, 9751462.00, 8584217.00,25, 52087
501, 1638568.00, 9751893.00, 8585111.00,25, 52192
502, 1637943.00, 9752425.00, 8586759.00,25, 52297
503, 1637300.00, 9753062.00, 8588810.00,25, 52401
504, 1636612.00, 9753111.00, 8587598.00,25, 52506
505, 1636328.00, 9753019.00, 8586484.00,25, 52610
506, 1635285.00, 9753979.00, 8589219.00,25, 52715
507, 1634117.00, 9754602.00, 8588941.00,25, 52819
508, 1631463.00, 9756168.00, 8590582.00,25, 52924
509, 1629763.00, 9757475.00, 8591688.00,25, 53029
510, 1628225.00, 9758433.00, 8593364.00,25, 53133
511, 1619994.00, 9769639.00, 8601269.00,25, 53238
512, 1611846.00, 9774761.00, 8602630.00,25, 53342
513, 1609987.00, 9775077.00, 8601946.00,25, 53447
514, 1609641.00, 9775060.00, 8601645.00,25, 53551
515, 1609643.00, 9774803.00, 8601368.00,25, 53656
516, 1609440.00, 9774486.00, 8601498.00,25, 53761
517, 1609401.00, 9774237.00, 8601477.00,25, 53865
518, 1609299.00, 9774000.00, 8601425.00,25, 53970
519, 1608719.00, 9774031.00, 8601644.00,25, 54074
520, 1607806.00, 9774569.00, 8601640.00,25, 54179
521, 1606820.00, 9774962.00, 8601712.00,25, 54283
522, 1604918.00, 9776017.00, 8601669.00,25, 54388
523, 1601821.00, 9778232.00, 8601435.00,25, 54493
524, 1599608.00, 9780268.00, 8601667.00,25, 54597
525, 1598823.00, 9781039.00, 8601644.00,25, 54702
526, 1598498.00, 9781259.00, 8601583.00,25, 54806
527, 1598387.00, 9781299.00, 8601739.00,25, 54911
528, 1598433.00, 9781165.00, 8601691.00,25, 55015
529, 1598346.00, 9781138.00, 8601496.00,25, 55120
530, 1598196.00, 9781180.00, 8601572.00,25, 55224
531, 1598163.00, 9781030.00, 8601380.00,25, 55329
532, 1598195.00, 9780899.00, 8601527.00,25, 55434
533, 1598211.00, 9780796.00, 8601698.00,25, 55538
534, 1598266.00, 9780535.00, 8601755.00,25, 55643
535, 1598172.00, 9780242.00, 8601673.00,25, 55747
536, 1597934.00, 9780131.00, 8601576.00,25, 55852
537, 1597345.00, 9780201.00, 8601649.00,25, 55956
538, 1595943.00, 9781082.00, 8601825.00,25, 56061
539, 1594628.00, 9782020.00, 8601723.00,25, 56166
540, 1594123.00, 9782270.00, 8601405.00,25, 56270
541, 1593967.00, 9782247.00, 8601709.00,25, 56375
542, 1593900.00, 9782124.00, 8601797.00,25, 56479
543, 1593835.00, 9782040.00, 8601782.00,25, 56584
544, 1593790.00, 9782034.00, 8601756.00,25, 56688
545, 1593582.00, 9782247.00, 8601509.00,25, 56793
546, 1593365.00, 9782405.00, 8601584.00,25, 56898
547, 1593202.00, 9782466.00, 8601619.00,25, 57002
548, 1593080.00, 9782562.00, 8601645.00,25, 57107
549, 1592989.00, 9782619.00, 8601455.00,25, 57211
550, 1592949.00, 9782572.00, 8601540.00,25, 57316
551, 1592914.00, 9782368.00, 8601645.00,25, 57420
552, 1593005.00, 9782150.00, 8601618.00,25, 57525
553, 1593147.00, 9781897.00, 8601568.00,25, 57630
554, 1593187.00, 9781663.00, 8601541.00,25, 57734
555, 1593027.00, 9781596.00, 8601617.00,25, 57839
556, 1592766.00, 9781551.00, 8601581.00,25, 57943
557, 1592620.00, 9781479.00, 8601515.00,25, 58048
558, 1592625.00, 9781324.00, 8601463.00,25, 58152
559, 1592518.00, 9781253.00, 8601573.00,25, 58257
560, 1592418.00, 9781262.00, 8601802.00,25, 58362
561, 1592297.00, 9781281.00, 8601596.00,25, 58466
562, 1592167.00, 9781249.00, 8601395.00,25, 58571
563, 1591988.00, 9781468.00, 8601390.00,25, 58675
564, 1591798.00, 9781670.00, 8601626.00,25, 58780
565, 1591577.00, 9781845.00, 8601869.00,25, 58884
566, 1591389.00, 9782010.00, 8601665.00,25, 58989
567, 1591233.00, 9782234.00, 8601655.00,25, 59094
568, 1591185.00, 9782106.00, 8601652.00,25, 59198
569, 1591160.00, 9782050.00, 8601489.00,25, 59303
570, 1591186.00, 9781890.00, 8601407.00,25, 59407
571, 1591269.00, 9781612.00, 8601409.00,25, 59512
572, 1591304.00, 9781418.00, 8601614.00,25, 59617
573, 1591300.00, 9781248.00, 8601767.00,25, 59721
574, 1591124.00, 9781160.00, 8601651.00,25, 59826
575, 1591038.00, 9780912.00, 8601626.00,25, 59930
576, 1591006.00, 9780803.00, 8601681.00,25, 60035
577, 1590968.00, 9780689.00, 8601801.00,25, 60139
578, 1590929.00, 9780658.00, 8601869.00,25, 60244
579, 1590954.00, 9780679.00, 8601723.00,25, 60349
580, 1590892.00, 9780725.00, 8601688.00,25, 60453
581, 1590670.00, 9780807.00, 8601612.00,25, 60558
582, 1590410.00, 9780918.00, 8601567.00,25, 60662
583, 1590109.00, 9781391.00, 8601604.00,25, 60767
584, 1589906.00, 9781596.00, 8601578.00,25, 60871
585, 1589704.00, 9781678.00, 8601809.00,25, 60976
586, 1589562.00, 9781754.00, 8601923.00,25, 61081
587, 1589496.00, 9781671.00, 8601854.00,25, 61185
588, 1589503.00, 9781567.00, 8601717.00,25, 61290
589, 1589522.00, 9781433.00, 8601623.00,25, 61394
590, 1589607.00, 9781295.00, 8601376.00,25, 61499
591, 1589690.00, 9780826.00, 8601354.00,25, 61604
592, 1589655.00, 9780744.00, 8601583.00,25, 61708
593, 1589500.00, 9780595.00, 8601696.00,25, 61813
594, 1589442.00, 9780543.00, 8601659.00,25, 61917
595, 1589494.00, 9780475.00, 8601541.00,25, 62022
596, 1589552.00, 9780431.00, 8601671.00,25, 62126
597, 1589510.00, 9780368.00, 8601573.00,25, 62231
598, 1589439.00, 9780390.00, 8601730.00,25, 62336
599, 1589295.00, 9780576.00, 8601726.00,25, 62440
600, 1589117.00, 9780764.00, 8602042.00,25, 62545
601, 1588887.00, 9781017.00, 8601746.00,25, 62649
602, 1588656.00, 9781124.00, 8601628.00,25, 62754
603, 1588504.00, 9781253.00, 8601702.00,25, 62858
604, 1588364.00, 9781325.00, 8601700.00,25, 62963
605, 1588262.00, 9781343.00, 8601655.00,25, 63068
606, 1588190.00, 9781302.00, 8601859.00,25, 63172
607, 1588180.00, 9781012.00, 8601850.00,25, 63277
608, 1588302.00, 9780878.00, 8601863.00,25, 63381
609, 1588384.00, 9780647.00, 8601911.00,25, 63486
610, 1588398.00, 9780548.00, 8601759.00,25, 63590
611, 1588253.00, 9780456.00, 8601853.00,25, 63695
612, 1588154.00, 9780367.00, 8601821.00,25, 63800
613, 1588267.00, 9780292.00, 8601820.00,25, 63904
614, 1588312.00, 9780142.00, 8601851.00,25, 64009
615, 1588243.00, 9780060.00, 8601668.00,25, 64113
616, 1588251.00, 9780147.00, 8601628.00,25, 64218
617, 1588198.00, 9780200.00, 8601735.00,25, 64322
618, 1588051.00, 9780317.00, 8601533.00,25, 64427
619, 1587810.00, 9780510.00, 8601436.00,25, 64532
620, 1587584.00, 9780756.00, 8601398.00,25, 64636
621, 1587349.00, 9780914.00, 8601410.00,25, 64741
622, 1587228.00, 9780961.00, 8601603.00,25, 64845
623, 1587054.00, 9781030.00, 8601559.00,25, 64950
624, 1586974.00, 9780817.00, 8601474.00,25, 65054
625, 1586980.00, 9780609.00, 8601642.00,25, 65159
626, 1587058.00, 9780427.00, 8601803.00,25, 65264
627, 1587136.00, 9780254.00, 8601464.00,25, 65368
628, 1587173.00, 9780155.00, 8601479.00,25, 65473
629, 1587166.00, 9780027.00, 8601513.00,25, 65577
630, 1587113.00, 9779919.00, 8601621.00,25, 65682
631, 1587182.00, 9779816.00, 8601523.00,25, 65786
632, 1587277.00, 9779756.00, 8601242.00,25, 65891
633, 1587292.00, 9779738.00, 8601289.00,25, 65996
634, 1587273.00, 9779761.00, 8601627.00,25, 66100
635, 1587172.00, 9779834.00, 8601735.00,25, 66205
636, 1587100.00, 9779898.00, 8601580.00,25, 66309
637, 1586915.00, 9780042.00, 8601643.00,25, 66414
638, 1586682.00, 9780127.00, 8601547.00,25, 66518
639, 1586457.00, 9780387.00, 8601634.00,25, 66623
640, 1586314.00, 9780330.00, 8601622.00,25, 66728
641, 1586199.00, 9780371.00, 8601597.00,25, 66832
642, 1586135.00, 9780329.00, 8601689.00,25, 66937
643, 1586127.00, 9780272.00, 8601559.00,25, 67041
644, 1586116.00, 9780108.00, 8601595.00,25, 67146
645, 1586172.00, 9780005.00, 8601847.00,25, 67250
646, 1586264.00, 9779892.00, 8601811.00,25, 67355
647, 1586300.00, 9779594.00, 8601946.00,25, 67460
648, 1586273.00, 9779522.00, 8601964.00,25, 67564
649, 1586281.00, 9779489.00, 8601728.00,25, 67669
650, 1586376.00, 9779439.00, 8601454.00,25, 67773
651, 1586415.00, 9779392.00, 8601539.00,25, 67878
652, 1586391.00, 9779383.00, 8601935.00,25, 67983
653, 1586377.00, 9779411.00, 8601630.00,25, 68087
654, 1586269.00, 9779449.00, 8601424.00,25, 68192
655, 1586048.00, 9779708.00, 8601434.00,25, 68296
656, 1585870.00, 9779828.00, 8601450.00,25, 68401
657, 1585735.00, 9779868.00, 8601647.00,25, 68505
658, 1585583.00, 9780026.00, 8601488.00,25, 68610
659, 1585416.00, 9780049.00, 8601538.00,25, 68715
660, 1585329.00, 9779938.00, 8601652.00,25, 68819
661, 1585241.00, 9779878.00, 8601491.00,25, 68924
662, 1585230.00, 9779841.00, 8601706.00,25, 69028
663, 1585246.00, 9779585.00, 8601658.00,25, 69133
664, 1585311.00, 9779471.00, 8602041.00,25, 69238
665, 1585430.00, 9779339.00, 8601824.00,25, 69342
666, 1585418.00, 9779240.00, 8601881.00,25, 69447
667, 1585362.00, 9779300.00, 8602086.00,25, 69551
668, 1585363.00, 9779441.00, 8602414.00,25, 69656
669, 1585303.00, 9779421.00, 8602557.00,25, 69760
670, 1585160.00, 9779374.00, 8602940.00,25, 69865
671, 1585006.00, 9779684.00, 8603560.00,25, 69970
672, 1584975.00, 9779596.00, 8603105.00,25, 70074
673, 1584593.00, 9780125.00, 8603555.00,25, 70179
674, 1584155.00, 9780565.00, 8604918.00,25, 70283
675, 1583916.00, 9780719.00, 8606409.00,25, 70388
676, 1583327.00, 9780556.00, 8606781.00,25, 70492
677, 1580704.00, 9781751.00, 8608686.00,25, 70597
678, 1578888.00, 9783685.00, 8610112.00,25, 70702
679, 1578364.00, 9784223.00, 8609785.00,25, 70806
680, 1576467.00, 9785596.00, 8611375.00,25, 70911
681, 1573650.00, 9788235.00, 8614263.00,25, 71015
682, 1572770.00, 9789072.00, 8615525.00,25, 71120
683, 1571604.00, 9789216.00, 8615141.00,25, 71224
684, 1562346.00, 9793441.00, 8620111.00,25, 71329
685, 1553941.00, 9803126.00, 8629969.00,25, 71434
686, 1545008.00, 9804876.00, 8634535.00,25, 71538
687, 1528648.00, 9822000.00, 8644389.00,25, 71643
688, 1520900.00, 9824304.00, 8647133.00,25, 71747
689, 1520405.00, 9824050.00, 8644544.00,25, 71852
690, 1520099.00, 9824145.00, 8644471.00,25, 71957
691, 1520137.00, 9823887.00, 8644458.00,25, 72061
692, 1520322.00, 9823404.00, 8644463.00,25, 72166
693, 1520350.00, 9823185.00, 8644253.00,25, 72270
694, 1520369.00, 9822907.00, 8644180.00,25, 72375
695, 1520464.00, 9822204.00, 8644356.00,25, 72479
696, 1520483.00, 9821945.00, 8644432.00,25, 72584
697, 1520338.00, 9821607.00, 8644595.00,25, 72689
698, 1520093.00, 9821385.00, 8644555.00,25, 72793
699, 1519696.00, 9821348.00, 8644159.00,25, 72898
700, 1519243.00, 9821270.00, 8644247.00,25, 73002
701, 1518887.00, 9821235.00, 8644281.00,25, 73107
702, 1518616.00, 9821370.00, 8644382.00,25, 73211
703, 1518522.00, 9821401.00, 8644230.00,25, 73316
704, 1518397.00, 9821518.00, 8644293.00,25, 73421
705, 1518239.00, 9821710.00, 8644547.00,25, 73525
706, 1518209.00, 9821706.00, 8644480.00,25, 73630
707, 1518212.00, 9821671.00, 8644399.00,25, 73734
708, 1518199.00, 9821835.00, 8644385.00,25, 73839
709, 1518327.00, 9821839.00, 8644320.00,25, 73943
710, 1518404.00, 9821710.00, 8644218.00,25, 74048
711, 1518463.00, 9821438.00, 8644187.00,25, 74153
712, 1518619.00, 9821174.00, 8644262.00,25, 74257
713, 1518619.00, 9820984.00, 8644137.00,25, 74362
714, 1518647.00, 9820793.00, 8644504.00,25, 74466
715, 1518616.00, 9820545.00, 8644549.00,25, 74571
716, 1518432.00, 9820362.00, 8644662.00,25, 74675
717, 1518126.00, 9820316.00, 8644469.00,25, 74780
718, 1517569.00, 9820246.00, 8644226.00,25, 74885
719, 1517094.00, 9820669.00, 8644225.00,25, 74989
720, 1516948.00, 9820704.00, 8644218.00,25, 75094
721, 1516750.00, 9820653.00, 8644265.00,25, 75198
722, 1516585.00, 9820837.00, 8644123.00,25, 75303
723, 1516489.00, 9820997.00, 8644250.00,25, 75408
724, 1516424.00, 9821037.00, 8644346.00,25, 75512
725, 1516372.00, 9821170.00, 8644381.00,25, 75617
726, 1516396.00, 9821241.00, 8644336.00,25, 75721
727, 1516413.00, 9821374.00, 8644444.00,25, 75826
728, 1516448.00, 9821418.00, 8644399.00,25, 75930
729, 1516567.00, 9821167.00, 8644337.00,25, 76035
730, 1516677.00, 9820940.00, 8644379.00,25, 76140
731, 1516723.00, 9820784.00, 8644654.00,25, 76244
732, 1516802.00, 9820531.00, 8644479.00,25, 76349
733, 1516788.00, 9820220.00, 8644365.00,25, 76453
734, 1516587.00, 9820117.00, 8644477.00,25, 76558
735, 1516325.00, 9819881.00, 8644472.00,25, 76663
736, 1516011.00, 9820036.00, 8644297.00,25, 76767
737, 1515676.00, 9820155.00, 8644314.00,25, 76872
738, 1515373.00, 9820172.00, 8644469.00,25, 76976
739, 1515160.00, 9820351.00, 8644514.00,25, 77081
740, 1515006.00, 9820522.00, 8644631.00,25, 77185
741, 1514928.00, 9820591.00, 8644298.00,25, 77290
742, 1514776.00, 9820861.00, 8644294.00,25, 77395
743, 1514701.00, 9820889.00, 8644316.00,25, 77499
744, 1514720.00, 9820980.00, 8644283.00,25, 77604
745, 1514733.00, 9820972.00, 8644419.00,25, 77708
746, 1514817.00, 9820942.00, 8644223.00,25, 77813
747, 1514966.00, 9820812.00, 8644426.00,25, 77917
748, 1515110.00, 9820663.00, 8644448.00,25, 78022
749, 1515236.00, 9820410.00, 8644215.00,25, 78127
750, 1515327.00, 9819927.00, 8644416.00,25, 78231
751, 1515348.00, 9819755.00, 8644352.00,25, 78336
752, 1515281.00, 9819584.00, 8644387.00,25, 78440
753, 1515109.00, 9819444.00, 8644701.00,25, 78545
754, 1514867.00, 9819428.00, 8644664.00,25, 78649
755, 1514601.00, 9819464.00, 8644596.00,25, 78754
756, 1514296.00, 9819584.00, 8644434.00,25, 78859
757, 1514021.00, 9819802.00, 8644373.00,25, 78963
758, 1513866.00, 9820082.00, 8644467.00,25, 79068
759, 1513690.00, 9820253.00, 8644628.00,25, 79172
760, 1513522.00, 9820354.00, 8644340.00,25, 79277
761, 1513441.00, 9820459.00, 8644515.00,25, 79382
762, 1513355.00, 9820558.00, 8644590.00,25, 79486
763, 1513333.00, 9820580.00, 8644420.00,25, 79591
764, 1513478.00, 9820503.00, 8644382.00,25, 79695
765, 1513571.00, 9820496.00, 8644537.00,25, 79800
766, 1513673.00, 9820195.00, 8644414.00,25, 79904
767, 1513732.00, 9819905.00, 8644234.00,25, 80009
768, 1513853.00, 9819673.00, 8644255.00,25, 80114
769, 1513952.00, 9819467.00, 8644258.00,25, 80218
770, 1513913.00, 9819300.00, 8644411.00,25, 80323
771, 1513793.00, 9819170.00, 8644193.00,25, 80427
772, 1513644.00, 9819062.00, 8644348.00,25, 80532
773, 1513416.00, 9819036.00, 8644599.00,25, 80637
774, 1513136.00, 9819234.00, 8644421.00,25, 80741
775, 1512964.00, 9819376.00, 8644393.00,25, 80846
776, 1512736.00, 9819586.00, 8644434.00,25, 80950
777, 1512560.00, 9819808.00, 8644430.00,25, 81055
778, 1512406.00, 9819981.00, 8644550.00,25, 81159
779, 1512270.00, 9820163.00, 8644567.00,25, 81264
780, 1512235.00, 9820205.00, 8644577.00,25, 81369
781, 1512185.00, 9820223.00, 8644593.00,25, 81473
782, 1512213.00, 9820172.00, 8644218.00,25, 81578
783, 1512341.00, 9820061.00, 8644340.00,25, 81682
784, 1512483.00, 9819835.00, 8644327.00,25, 81787
785, 1512559.00, 9819631.00, 8644368.00,25, 81892
786, 1512698.00, 9819384.00, 8644524.00,25, 81996
787, 1512777.00, 9819107.00, 8644355.00,25, 82101
788, 1512807.00, 9818885.00, 8644287.00,25, 82205
789, 1512732.00, 9818757.00, 8644253.00,25, 82310
790, 1512552.00, 9818691.00, 8644124.00,25, 82414
791, 1512377.00, 9818695.00, 8644197.00,25, 82519
792, 1512163.00, 9818825.00, 8644165.00,25, 82624
793, 1511886.00, 9819045.00, 8644174.00,25, 82728
794, 1511677.00, 9819181.00, 8644253.00,25, 82833
795, 1511478.00, 9819361.00, 8644157.00,25, 82937
796, 1511287.00, 9819560.00, 8644358.00,25, 83042
797, 1511162.00, 9819743.00, 8644467.00,25, 83146
798, 1511087.00, 9819889.00, 8644607.00,25, 83251
799, 1511030.00, 9819965.00, 8644519.00,25, 83356
800, 1511095.00, 9819900.00, 8644056.00,25, 83460
801, 1511059.00, 9819779.00, 8644197.00,25, 83565
802, 1511126.00, 9819659.00, 8644222.00,25, 83669
803, 1511304.00, 9819475.00, 8644291.00,25, 83774
804, 1511490.00, 9819203.00, 8644277.00,25, 83879
805, 1511630.00, 9818918.00, 8644366.00,25, 83983
806, 1511711.00, 9818396.00, 8644235.00,25, 84088
807, 1511672.00, 9818282.00, 8644230.00,25, 84192
808, 1511600.00, 9818297.00, 8644324.00,25, 84297
809, 1511446.00, 9818301.00, 8644361.00,25, 84401
810, 1511202.00, 9818320.00, 8644327.00,25, 84506
811, 1510939.00, 9818504.00, 8644355.00,25, 84611
812, 1510768.00, 9818640.00, 8644384.00,25, 84715
813, 1510610.00, 9818807.00, 8644603.00,25, 84820
814, 1510415.00, 9819238.00, 8644502.00,25, 84924
815, 1510249.00, 9819381.00, 8644478.00,25, 85029
816, 1510141.00, 9819451.00, 8644502.00,25, 85134
817, 1510084.00, 9819436.00, 8644296.00,25, 85238
818, 1510086.00, 9819346.00, 8644153.00,25, 85343
819, 1510174.00, 9819307.00, 8644274.00,25, 85447
820, 1510268.00, 9819180.00, 8644163.00,25, 85552
821, 1510370.00, 9818989.00, 8644070.00,25, 85656
822, 1510447.00, 9818553.00, 8644140.00,25, 85761
823, 1510603.00, 9818228.00, 8644136.00,25, 85866
824, 1510737.00, 9818035.00, 8644458.00,25, 85970
825, 1510760.00, 9817855.00, 8644167.00,25, 86075
826, 1510719.00, 9817714.00, 8644048.00,25, 86179
827, 1510585.00, 9817676.00, 8644272.00,25, 86284
828, 1510430.00, 9817760.00, 8644480.00,25, 86388
829, 1510235.00, 9817834.00, 8644426.00,25, 86493
830, 1510005.00, 9818373.00, 8644591.00,25, 86598
831, 1509854.00, 9818503.00, 8644593.00,25, 86702
832, 1509635.00, 9818689.00, 8644503.00,25, 86807
833, 1509342.00, 9819028.00, 8644155.00,25, 86911
834, 1509273.00, 9819141.00, 8644349.00,25, 87016
835, 1509193.00, 9819174.00, 8644467.00,25, 87120
836, 1509132.00, 9819107.00, 8644474.00,25, 87225
837, 1509187.00, 9819065.00, 8644402.00,25, 87329
838, 1509288.00, 9818868.00, 8644629.00,25, 87434
839, 1509444.00, 9818665.00, 8644459.00,25, 87539
840, 1509579.00, 9818358.00, 8644328.00,25, 87643
841, 1509709.00, 9818053.00, 8644589.00,25, 87748
842, 1509789.00, 9817865.00, 8644632.00,25, 87852
843, 1509831.00, 9817691.00, 8644491.00,25, 87957
844, 1509855.00, 9817568.00, 8644386.00,25, 88062
845, 1509791.00, 9817460.00, 8644350.00,25, 88166
846, 1509622.00, 9817519.00, 8644156.00,25, 88271
847, 1509448.00, 9817725.00, 8644338.00,25, 88375
848, 1509300.00, 9817831.00, 8644313.00,25, 88480
849, 1509152.00, 9818097.00, 8644270.00,25, 88584
850, 1508960.00, 9818223.00, 8644516.00,25, 88689
851, 1508785.00, 9818406.00, 8644497.00,25, 88794
852, 1508586.00, 9818590.00, 8644460.00,25, 88898
853, 1508500.00, 9818635.00, 8644378.00,25, 89003
854, 1508437.00, 9818734.00, 8644426.00,25, 89107
855, 1508419.00, 9818597.00, 8644374.00,25, 89212
856, 1508483.00, 9818367.00, 8644292.00,25, 89316
857, 1508591.00, 9818162.00, 8644420.00,25, 89421
858, 1508772.00, 9817995.00, 8644654.00,25, 89526
859, 1508886.00, 9817771.00, 8644558.00,25, 89630
860, 1509023.00, 9817525.00, 8644292.00,25, 89735
861, 1509069.00, 9817252.00, 8644383.00,25, 89839
862, 1509010.00, 9817086.00, 8644638.00,25, 89944
863, 1508855.00, 9817165.00, 8644732.00,25, 90048
864, 1508840.00, 9817156.00, 8644115.00,25, 90153
865, 1508698.00, 9817195.00, 8643332.00,25, 90257
866, 1508500.00, 9817433.00, 8644634.00,25, 90362
867, 1508598.00, 9817474.00, 8643844.00,25, 90467
868, 1509158.00, 9817149.00, 8640273.00,25, 90571
869, 1509994.00, 9816255.00, 8635333.00,25, 90676
870, 1510677.00, 9815039.00, 8631506.00,25, 90780
871, 1511632.00, 9814041.00, 8628266.00,25, 90885
872, 1512928.00, 9812756.00, 8622735.00,25, 90989
873, 1513641.00, 9811877.00, 8615574.00,25, 91094
874, 1514800.00, 9811317.00, 8608463.00,25, 91199
875, 1515669.00, 9809931.00, 8605899.00,25, 91303
876, 1514871.00, 9810539.00, 8609082.00,25, 91408
877, 1514850.00, 9811284.00, 8609319.00,25, 91512
878, 1515778.00, 9809607.00, 8605120.00,25, 91617
879, 1516318.00, 9809404.00, 8602188.00,25, 91721
880, 1516581.00, 9808976.00, 8601694.00,25, 91826
881, 1516606.00, 9808821.00, 8601658.00,25, 91931
882, 1516713.00, 9808815.00, 8601815.00,25, 92035
883, 1516987.00, 9808528.00, 8601787.00,25, 92140
884, 1517297.00, 9808060.00, 8601717.00,25, 92244
885, 1517493.00, 9807890.00, 8601946.00,25, 92349
886, 1517780.00, 9807493.00, 8601689.00,25, 92453
887, 1518030.00, 9807349.00, 8601648.00,25, 92558
888, 1518046.00, 9807427.00, 8601685.00,25, 92663
889, 1517985.00, 9807406.00, 8601792.00,25, 92767
890, 1517985.00, 9807363.00, 8601768.00,25, 92872
891, 1517803.00, 9807556.00, 8601783.00,25, 92976
892, 1517579.00, 9807757.00, 8601630.00,25, 93081
893, 1517327.00, 9807806.00, 8601817.00,25, 93185
894, 1517034.00, 9808303.00, 8601609.00,25, 93290
895, 1516811.00, 9808346.00, 8601727.00,25, 93395
896, 1516714.00, 9808305.00, 8601556.00,25, 93499
897, 1516579.00, 9808352.00, 8601707.00,25, 93604
898, 1516539.00, 9808343.00, 8601626.00,25, 93708
899, 1516582.00, 9808154.00, 8601593.00,25, 93813
900, 1516628.00, 9808066.00, 8601566.00,25, 93917
901, 1516824.00, 9807956.00, 8601633.00,25, 94022
902, 1517001.00, 9807442.00, 8601596.00,25, 94127
903, 1517227.00, 9807237.00, 8601629.00,25, 94231
904, 1517521.00, 9807136.00, 8601800.00,25, 94336
905, 1517748.00, 9806963.00, 8601728.00,25, 94440
906, 1517808.00, 9806900.00, 8601862.00,25, 94545
907, 1517818.00, 9806929.00, 8601696.00,25, 94649
908, 1517769.00, 9806890.00, 8601375.00,25, 94754
909, 1517672.00, 9806913.00, 8601627.00,25, 94859
910, 1517450.00, 9807334.00, 8601764.00,25, 94963
911, 1517187.00, 9807374.00, 8601861.00,25, 95068
912, 1516960.00, 9807515.00, 8601714.00,25, 95172
913, 1516664.00, 9807690.00, 8601410.00,25, 95277
914, 1516450.00, 9807792.00, 8601592.00,25, 95382
915, 1516307.00, 9807785.00, 8601700.00,25, 95486
916, 1516206.00, 9807788.00, 8601683.00,25, 95591
917, 1516260.00, 9807715.00, 8601455.00,25, 95695
918, 1516321.00, 9807457.00, 8601293.00,25, 95800
919, 1516444.00, 9807316.00, 8601431.00,25, 95904
920, 1516693.00, 9807090.00, 8601664.00,25, 96009
921, 1516868.00, 9806914.00, 8601956.00,25, 96113
922, 1517118.00, 9806789.00, 8601902.00,25, 96218
923, 1517338.00, 9806601.00, 8601742.00,25, 96323
924, 1517546.00, 9806485.00, 8601828.00,25, 96427
925, 1517619.00, 9806441.00, 8601836.00,25, 96532
926, 1517571.00, 9806454.00, 8601768.00,25, 96636
927, 1517454.00, 9806507.00, 8601872.00,25, 96741
928, 1517286.00, 9806673.00, 8601816.00,25, 96845
929, 1517089.00, 9806791.00, 8601526.00,25, 96950
930, 1516871.00, 9806809.00, 8601745.00,25, 97055
931, 1516620.00, 9806965.00, 8601765.00,25, 97159
932, 1516369.00, 9807122.00, 8601845.00,25, 97264
933, 1516237.00, 9807202.00, 8601701.00,25, 97368
934, 1516136.00, 9807140.00, 8601631.00,25, 97473
935, 1516064.00, 9807082.00, 8601665.00,25, 97577
936, 1516114.00, 9806980.00, 8601691.00,25, 97682
937, 1516210.00, 9806817.00, 8601931.00,25, 97787
938, 1516325.00, 9806656.00, 8601998.00,25, 97891
939, 1516504.00, 9806486.00, 8601923.00,25, 97996
940, 1516675.00, 9806361.00, 8601623.00,25, 98100
941, 1516900.00, 9806224.00, 8601909.00,25, 98205
942, 1517107.00, 9806079.00, 8601860.00,25, 98309
943, 1517219.00, 9806010.00, 8601763.00,25, 98414
944, 1517267.00, 9805985.00, 8601908.00,25, 98519
945, 1517287.00, 9805999.00, 8601847.00,25, 98623
946, 1517205.00, 9806068.00, 8601930.00,25, 98728
947, 1516974.00, 9806196.00, 8601860.00,25, 98832
948, 1516745.00, 9806326.00, 8601830.00,25, 98937
949, 1516507.00, 9806471.00, 8602111.00,25, 99041
950, 1516319.00, 9806592.00, 8601758.00,25, 99146
951, 1516129.00, 9806639.00, 8601793.00,25, 99251
952, 1516023.00, 9806614.00, 8601904.00,25, 99355
953, 1515971.00, 9806501.00, 8601745.00,25, 99460
954, 1515944.00, 9806469.00, 8601687.00,25, 99564
955, 1515960.00, 9806376.00, 8601680.00,25, 99669
956, 1516045.00, 9806192.00, 8601558.00,25, 99773
957, 1516165.00, 9806091.00, 8601730.00,25, 99878
958, 1516308.00, 9805961.00, 8601914.00,25, 99983
959, 1516481.00, 9805841.00, 8602045.00,25, 100087
960, 1516578.00, 9805749.00, 8601906.00,25, 100192
961, 1516649.00, 9805702.00, 8601821.00,25, 100296
962, 1516685.00, 9805656.00, 8601653.00,25, 100401
963, 1516767.00, 9805630.00, 8601756.00,25, 100505
964, 1516744.00, 9805701.00, 8601574.00,25, 100610
965, 1516614.00, 9805838.00, 8601590.00,25, 100715
966, 1516455.00, 9805891.00, 8601878.00,25, 100819
967, 1516297.00, 9805919.00, 8601861.00,25, 100924
968, 1516108.00, 9805989.00, 8601724.00,25, 101028
969, 1515926.00, 9806010.00, 8601651.00,25, 101133
970, 1515772.00, 9806028.00, 8601637.00,25, 101237
971, 1515667.00, 9805955.00, 8601682.00,25, 101342
972, 1515603.00, 9805916.00, 8601726.00,25, 101447
973, 1515587.00, 9805903.00, 8601694.00,25, 101551
974, 1515629.00, 9805714.00, 8601854.00,25, 101656
975, 1515744.00, 9805601.00, 8601906.00,25, 101760
976, 1515839.00, 9805570.00, 8601734.00,25, 101865
977, 1515966.00, 9805516.00, 8602001.00,25, 101969
978, 1516259.00, 9805390.00, 8602175.00,25, 102074
979, 1516438.00, 9805079.00, 8602404.00,25, 102179
980, 1516592.00, 9805045.00, 8601590.00,25, 102283
981, 1516769.00, 9804865.00, 8600718.00,25, 102388
982, 1516961.00, 9804566.00, 8600957.00,25, 102492
983, 1517196.00, 9804274.00, 8599748.00,25, 102597
984, 1517693.00, 9803816.00, 8598478.00,25, 102701
985, 1518593.00, 9802762.00, 8590335.00,25, 102806
986, 1519040.00, 9802394.00, 8588952.00,25, 102911
987, 1520737.00, 9801544.00, 8584024.00,25, 103015
988, 1521804.00, 9799947.00, 8585357.00,25, 103120
989, 1521673.00, 9800156.00, 8586626.00,25, 103224
990, 1522118.00, 9799593.00, 8583095.00,25, 103329
991, 1522390.00, 9799391.00, 8580625.00,25, 103434
992, 1522507.00, 9799178.00, 8580625.00,25, 103538
993, 1522350.00, 9799274.00, 8580458.00,25, 103643
994, 1522325.00, 9799379.00, 8580428.00,25, 103747
995, 1522530.00, 9799243.00, 8580325.00,25, 103852
996, 1522705.00, 9799036.00, 8580370.00,25, 103956
997, 1522771.00, 9798972.00, 8580350.00,25, 104061
998, 1522989.00, 9798618.00, 8580432.00,25, 104166
999, 1523285.00, 9798371.00, 8580563.00,25, 104270
1000, 1523361.00, 9798382.00, 8580420.00,25, 104375
1001, 1523411.00, 9798236.00, 8580319.00,25, 104479
1002, 1523572.00, 9798065.00, 8580309.00,25, 104584
1003, 1523569.00, 9798081.00, 8580269.00,25, 104688
1004, 1523502.00, 9798158.00, 8580334.00,25, 104793
1005, 1523399.00, 9798170.00, 8580406.00,25, 104897
1006, 1523125.00, 9798378.00, 8580192.00,25, 105002
1007, 1522873.00, 9798543.00, 8580220.00,25, 105107
1008, 1522706.00, 9798693.00, 8580549.00,25, 105211
1009, 1522514.00, 9798808.00, 8580487.00,25, 105316
1010, 1522406.00, 9798874.00, 8580305.00,25, 105420
1011, 1522339.00, 9798917.00, 8580442.00,25, 105525
1012, 1522319.00, 9798902.00, 8580455.00,25, 105629
1013, 1522333.00, 9798838.00, 8580565.00,25, 105734
1014, 1522377.00, 9798682.00, 8580379.00,25, 105839
1015, 1522586.00, 9798543.00, 8580400.00,25, 105943
1016, 1522793.00, 9798366.00, 8580473.00,25, 106048
1017, 1522975.00, 9798163.00, 8580363.00,25, 106152
1018, 1523109.00, 9797995.00, 8580563.00,25, 106257
1019, 1523251.00, 9797893.00, 8580472.00,25, 106361
1020, 1523322.00, 9797762.00, 8580160.00,25, 106466
1021, 1523298.00, 9797667.00, 8579874.00,25, 106571
1022, 1523252.00, 9797724.00, 8580267.00,25, 106675
1023, 1523137.00, 9797736.00, 8580505.00,25, 106780
1024, 1523001.00, 9797862.00, 8580271.00,25, 106884
1025, 1522784.00, 9798010.00, 8580456.00,25, 106989
1026, 1522587.00, 9798149.00, 8580669.00,25, 107094
1027, 1522367.00, 9798254.00, 8580572.00,25, 107198
1028, 1522205.00, 9798354.00, 8580337.00,25, 107303
1029, 1522086.00, 9798414.00, 8580174.00,25, 107407
1030, 1521972.00, 9798423.00, 8580233.00,25, 107512
1031, 1521995.00, 9798307.00, 8580545.00,25, 107616
1032, 1522091.00, 9798212.00, 8580592.00,25, 107721
1033, 1522149.00, 9798125.00, 8580511.00,25, 107826
1034, 1522296.00, 9797929.00, 8580407.00,25, 107930
1035, 1522487.00, 9797820.00, 8580371.00,25, 108035
1036, 1522641.00, 9797717.00, 8580451.00,25, 108139
1037, 1522828.00, 9797554.00, 8580245.00,25, 108244
1038, 1522921.00, 9797317.00, 8580126.00,25, 108348
1039, 1522937.00, 9797231.00, 8580357.00,25, 108453
1040, 1522931.00, 9797273.00, 8580151.00,25, 108558
1041, 1522855.00, 9797281.00, 8580116.00,25, 108662
1042, 1522715.00, 9797327.00, 8580470.00,25, 108767
1043, 1522550.00, 9797513.00, 8580597.00,25, 108871
1044, 1522329.00, 9797667.00, 8580689.00,25, 108976
1045, 1522143.00, 9797773.00, 8580463.00,25, 109080
1046, 1522000.00, 9797935.00, 8580413.00,25, 109185
1047, 1521872.00, 9797954.00, 8580524.00,25, 109290
1048, 1521811.00, 9797954.00, 8580234.00,25, 109394
1049, 1521734.00, 9797948.00, 8580521.00,25, 109499
1050, 1521803.00, 9797836.00, 8580511.00,25, 109603
1051, 1521901.00, 9797748.00, 8580269.00,25, 109708
1052, 1522013.00, 9797649.00, 8580229.00,25, 109813
1053, 1522205.00, 9797318.00, 8580293.00,25, 109917
1054, 1522390.00, 9797162.00, 8580338.00,25, 110022
1055, 1522581.00, 9797007.00, 8580339.00,25, 110126
1056, 1522665.00, 9796923.00, 8580299.00,25, 110231
1057, 1522719.00, 9796918.00, 8580254.00,25, 110335
1058, 1522634.00, 9796909.00, 8580435.00,25, 110440
1059, 1522586.00, 9796956.00, 8580165.00,25, 110545
1060, 1522539.00, 9796999.00, 8580213.00,25, 110649
1061, 1522348.00, 9797109.00, 8580402.00,25, 110754
1062, 1522176.00, 9797259.00, 8580589.00,25, 110858
1063, 1522042.00, 9797388.00, 8580554.00,25, 110963
1064, 1521849.00, 9797488.00, 8580137.00,25, 111067
1065, 1521657.00, 9797557.00, 8580251.00,25, 111172
1066, 1521633.00, 9797567.00, 8580532.00,25, 111277
1067, 1521615.00, 9797525.00, 8580396.00,25, 111381
1068, 1521621.00, 9797464.00, 8580427.00,25, 111486
1069, 1521681.00, 9797280.00, 8580428.00,25, 111590
1070, 1521787.00, 9797132.00, 8580441.00,25, 111695
1071, 1521903.00, 9796994.00, 8580606.00,25, 111800
1072, 1522011.00, 9796880.00, 8580502.00,25, 111904
1073, 1522101.00, 9796715.00, 8580478.00,25, 112009
1074, 1522265.00, 9796640.00, 8580496.00,25, 112113
1075, 1522397.00, 9796613.00, 8580459.00,25, 112218
1076, 1522371.00, 9796565.00, 8580574.00,25, 112322
1077, 1522392.00, 9796604.00, 8580564.00,25, 112427
1078, 1522342.00, 9796660.00, 8580568.00,25, 112532
1079, 1522289.00, 9796622.00, 8580256.00,25, 112636
1080, 1522162.00, 9796692.00, 8580446.00,25, 112741
1081, 1522000.00, 9796767.00, 8580647.00,25, 112845
1082, 1521828.00, 9796809.00, 8580739.00,25, 112950
1083, 1521658.00, 9796887.00, 8580406.00,25, 113054
1084, 1521465.00, 9796973.00, 8580666.00,25, 113159
1085, 1521363.00, 9797036.00, 8580738.00,25, 113264
1086, 1521362.00, 9796985.00, 8580580.00,25, 113368
1087, 1521368.00, 9796975.00, 8580462.00,25, 113473
1088, 1521311.00, 9796986.00, 8580572.00,25, 113577
1089, 1521334.00, 9796951.00, 8580397.00,25, 113682
1090, 1521463.00, 9796960.00, 8580629.00,25, 113786
1091, 1521506.00, 9796941.00, 8580646.00,25, 113891
1092, 1521622.00, 9796834.00, 8580577.00,25, 113996
1093, 1521641.00, 9796616.00, 8580600.00,25, 114100
1094, 1521676.00, 9796490.00, 8580575.00,25, 114205
1095, 1521744.00, 9796404.00, 8580401.00,25, 114309
1096, 1521782.00, 9796259.00, 8580328.00,25, 114414
1097, 1521783.00, 9796160.00, 8580274.00,25, 114518
1098, 1521708.00, 9796201.00, 8580225.00,25, 114623
1099, 1521689.00, 9796183.00, 8580519.00,25, 114728
1100, 1521661.00, 9796183.00, 8580167.00,25, 114832
1101, 1521581.00, 9796291.00, 8580310.00,25, 114937
1102, 1521578.00, 9796352.00, 8580591.00,25, 115041
1103, 1521522.00, 9796379.00, 8580757.00,25, 115146
1104, 1521488.00, 9796449.00, 8580662.00,25, 115250
1105, 1521463.00, 9796478.00, 8580453.00,25, 115355
1106, 1521369.00, 9796523.00, 8580451.00,25, 115460
1107, 1521381.00, 9796523.00, 8580680.00,25, 115564
1108, 1521378.00, 9796514.00, 8580565.00,25, 115669
1109, 1521360.00, 9796293.00, 8580239.00,25, 115773
1110, 1521374.00, 9796277.00, 8580189.00,25, 115878
1111, 1521413.00, 9796251.00, 8580671.00,25, 115982
1112, 1521457.00, 9796110.00, 8580837.00,25, 116087
1113, 1521483.00, 9795963.00, 8580896.00,25, 116192
1114, 1521488.00, 9795877.00, 8580625.00,25, 116296
1115, 1521461.00, 9795876.00, 8580633.00,25, 116401
1116, 1521486.00, 9795868.00, 8580796.00,25, 116505
1117, 1521530.00, 9795659.00, 8580160.00,25, 116610
1118, 1521608.00, 9795625.00, 8579972.00,25, 116714
1119, 1521619.00, 9795608.00, 8579684.00,25, 116819
1120, 1521815.00, 9795432.00, 8578776.00,25, 116924
1121, 1521922.00, 9795197.00, 8578215.00,25, 117028
1122, 1522010.00, 9795064.00, 8577843.00,25, 117133
1123, 1522688.00, 9794755.00, 8576275.00,25, 117237
1124, 1525035.00, 9793586.00, 8571391.00,25, 117342
1125, 1527396.00, 9789521.00, 8561405.00,25, 117446
1126, 1529526.00, 9788056.00, 8558104.00,25, 117551
1127, 1533916.00, 9784991.00, 8552192.00,25, 117656
1128, 1536528.00, 9783464.00, 8549841.00,25, 117760
1129, 1539536.00, 9781891.00, 8547450.00,25, 117865
1130, 1542944.00, 9779234.00, 8545582.00,25, 117969
1131, 1543800.00, 9778609.00, 8546204.00,25, 118074
1132, 1548057.00, 9777664.00, 8538943.00,25, 118178
1133, 1554506.00, 9769795.00, 8536604.00,25, 118283
1134, 1556601.00, 9769163.00, 8536531.00,25, 118388
1135, 1557404.00, 9768157.00, 8536841.00,25, 118492
1136, 1557954.00, 9767682.00, 8536750.00,25, 118597
1137, 1558308.00, 9767834.00, 8536560.00,25, 118701
1138, 1558908.00, 9767752.00, 8536583.00,25, 118806
1139, 1559463.00, 9767424.00, 8536478.00,25, 118910
1140, 1559934.00, 9767143.00, 8536612.00,25, 119015
1141, 1560812.00, 9766988.00, 8536630.00,25, 119120
1142, 1561527.00, 9766711.00, 8536318.00,25, 119224
1143, 1561660.00, 9766562.00, 8536406.00,25, 119329
1144, 1561756.00, 9766713.00, 8536545.00,25, 119433
1145, 1562277.00, 9766724.00, 8536732.00,25, 119538
1146, 1562569.00, 9766446.00, 8536598.00,25, 119642
1147, 1562510.00, 9766175.00, 8536697.00,25, 119747
1148, 1562359.00, 9765968.00, 8536581.00,25, 119851
1149, 1562176.00, 9766072.00, 8536482.00,25, 119956
1150, 1562196.00, 9765788.00, 8536477.00,25, 120061
1151, 1562413.00, 9765268.00, 8536505.00,25, 120165
1152, 1562607.00, 9764974.00, 8536337.00,25, 120270
1153, 1562764.00, 9764886.00, 8544351.00,25, 120374
1154, 1562981.00, 9764794.00, 8556205.00,25, 120479
1155, 1563259.00, 9764622.00, 8539629.00,25, 120584
1156, 1563487.00, 9764587.00, 8536649.00,25, 120688
1157, 1563652.00, 9764703.00, 8536578.00,25, 120793
1158, 1563859.00, 9764645.00, 8536655.00,25, 120897
1159, 1564020.00, 9764594.00, 8536299.00,25, 121002
1160, 1564369.00, 9764477.00, 8536145.00,25, 121106
1161, 1564835.00, 9764365.00, 8536477.00,25, 121211
1162, 1564962.00, 9764291.00, 8536618.00,25, 121316
1163, 1564778.00, 9764349.00, 8536712.00,25, 121420
1164, 1564638.00, 9764496.00, 8536667.00,25, 121525
1165, 1564530.00, 9764574.00, 8536495.00,25, 121629
1166, 1564411.00, 9764418.00, 8536617.00,25, 121734
1167, 1564330.00, 9764424.00, 8536387.00,25, 121838
1168, 1564273.00, 9764419.00, 8536559.00,25, 121943
1169, 1564243.00, 9764349.00, 8536496.00,25, 122048
1170, 1564403.00, 9763989.00, 8536479.00,25, 122152
1171, 1564560.00, 9763655.00, 8536398.00,25, 122257
1172, 1564671.00, 9763562.00, 8536509.00,25, 122361
1173, 1564819.00, 9763359.00, 8536464.00,25, 122466
1174, 1565007.00, 9763312.00, 8536935.00,25, 122570
1175, 1565198.00, 9763364.00, 8537026.00,25, 122675
1176, 1565357.00, 9763347.00, 8536749.00,25, 122780
1177, 1565561.00, 9763388.00, 8536505.00,25, 122884
1178, 1565698.00, 9763361.00, 8536550.00,25, 122989
1179, 1565915.00, 9763351.00, 8536722.00,25, 123093
1180, 1566242.00, 9763206.00, 8536501.00,25, 123198
1181, 1566275.00, 9763079.00, 8536629.00,25, 123302
1182, 1566106.00, 9763122.00, 8536965.00,25, 123407
1183, 1565913.00, 9763311.00, 8536862.00,25, 123512
1184, 1565725.00, 9763279.00, 8536901.00,25, 123616
1185, 1565548.00, 9763113.00, 8536936.00,25, 123721
1186, 1565378.00, 9763010.00, 8536944.00,25, 123825
1187, 1565327.00, 9762990.00, 8536805.00,25, 123930
1188, 1565385.00, 9762853.00, 8536594.00,25, 124035
1189, 1565489.00, 9762464.00, 8536675.00,25, 124139
1190, 1565633.00, 9762436.00, 8536575.00,25, 124244
1191, 1565790.00, 9762489.00, 8536601.00,25, 124348
1192, 1565916.00, 9762510.00, 8536641.00,25, 124453
1193, 1566126.00, 9762434.00, 8536688.00,25, 124557
1194, 1566308.00, 9762379.00, 8536836.00,25, 124662
1195, 1566464.00, 9762324.00, 8536861.00,25, 124767
1196, 1566592.00, 9762351.00, 8536664.00,25, 124871
1197, 1566662.00, 9762389.00, 8536579.00,25, 124976
1198, 1566841.00, 9762279.00, 8536761.00,25, 125080
1199, 1566934.00, 9762175.00, 8536766.00,25, 125185
1200, 1566854.00, 9762165.00, 8536621.00,25, 125289
1201, 1566704.00, 9762195.00, 8536773.00,25, 125394
1202, 1566526.00, 9762253.00, 8536860.00,25, 125499
1203, 1566369.00, 9762228.00, 8536742.00,25, 125603
1204, 1566212.00, 9762137.00, 8536689.00,25, 125708
1205, 1566077.00, 9762036.00, 8536733.00,25, 125812
1206, 1566032.00, 9761940.00, 8536623.00,25, 125917
1207, 1566088.00, 9761899.00, 8536453.00,25, 126022
1208, 1566233.00, 9761843.00, 8536714.00,25, 126126
1209, 1566324.00, 9761830.00, 8536583.00,25, 126231
1210, 1566442.00, 9761907.00, 8536894.00,25, 126335
1211, 1566601.00, 9761925.00, 8536764.00,25, 126440
1212, 1566786.00, 9761890.00, 8536630.00,25, 126544
1213, 1566957.00, 9761824.00, 8536384.00,25, 126649
1214, 1567065.00, 9761805.00, 8536346.00,25, 126754
1215, 1567168.00, 9761738.00, 8536568.00,25, 126858
1216, 1567242.00, 9761716.00, 8536354.00,25, 126963
1217, 1567221.00, 9761732.00, 8536416.00,25, 127067
1218, 1567139.00, 9761729.00, 8536350.00,25, 127172
1219, 1567020.00, 9761705.00, 8536230.00,25, 127276
1220, 1566817.00, 9761721.00, 8536572.00,25, 127381
1221, 1566614.00, 9761707.00, 8536668.00,25, 127486
1222, 1566382.00, 9761676.00, 8536563.00,25, 127590
1223, 1566270.00, 9761629.00, 8536486.00,25, 127695
1224, 1566196.00, 9761519.00, 8536642.00,25, 127799
1225, 1566160.00, 9761489.00, 8536530.00,25, 127904
1226, 1566221.00, 9761482.00, 8536360.00,25, 128009
1227, 1566282.00, 9761510.00, 8536335.00,25, 128113
1228, 1566367.00, 9761576.00, 8536423.00,25, 128218
1229, 1566493.00, 9761622.00, 8536605.00,25, 128322
1230, 1566655.00, 9761641.00, 8536211.00,25, 128427
1231, 1566848.00, 9761573.00, 8536575.00,25, 128531
1232, 1567015.00, 9761491.00, 8536674.00,25, 128636
1233, 1567140.00, 9761419.00, 8536714.00,25, 128741
1234, 1567212.00, 9761409.00, 8536602.00,25, 128845
1235, 1567202.00, 9761385.00, 8536492.00,25, 128950
1236, 1567108.00, 9761358.00, 8536136.00,25, 129054
1237, 1567007.00, 9761270.00, 8536218.00,25, 129159
1238, 1566858.00, 9761315.00, 8536819.00,25, 129263
1239, 1566686.00, 9761380.00, 8536706.00,25, 129368
1240, 1566524.00, 9761404.00, 8536591.00,25, 129473
1241, 1566339.00, 9761527.00, 8536544.00,25, 129577
1242, 1566306.00, 9761525.00, 8536658.00,25, 129682
1243, 1566280.00, 9761433.00, 8536517.00,25, 129786
1244, 1566197.00, 9761431.00, 8536277.00,25, 129891
1245, 1566169.00, 9761699.00, 8536416.00,25, 129996
1246, 1566184.00, 9761675.00, 8536445.00,25, 130100
1247, 1566314.00, 9761531.00, 8536514.00,25, 130205
1248, 1566476.00, 9761415.00, 8536412.00,25, 130309
1249, 1566566.00, 9761332.00, 8536390.00,25, 130414
1250, 1566667.00, 9761322.00, 8536175.00,25, 130518
1251, 1566763.00, 9761235.00, 8536211.00,25, 130623
1252, 1566847.00, 9761035.00, 8536609.00,25, 130728
1253, 1566812.00, 9760868.00, 8536355.00,25, 130832
1254, 1566810.00, 9760810.00, 8536188.00,25, 130937
1255, 1566763.00, 9760767.00, 8536506.00,25, 131041
1256, 1566914.00, 9760621.00, 8536391.00,25, 131146
1257, 1567522.00, 9760417.00, 8535182.00,25, 131250
1258, 1573054.00, 9758820.00, 8532441.00,25, 131355
1259, 1597178.00, 9749146.00, 8518217.00,25, 131460
1260, 1627016.00, 9724467.00, 8510198.00,25, 131564
1261, 1638029.00, 9703439.00, 8507842.00,25, 131669
1262, 1658778.00, 9687596.00, 8502353.00,25, 131773
1263, 1676891.00, 9677267.00, 8496551.00,25, 131878
1264, 1678707.00, 9678008.00, 8495720.00,25, 131982
1265, 1679646.00, 9678393.00, 8496712.00,25, 132087
1266, 1681761.00, 9678286.00, 8495835.00,25, 132192
1267, 1688127.00, 9675347.00, 8493341.00,25, 132296
1268, 1692301.00, 9670603.00, 8492375.00,25, 132401
1269, 1693465.00, 9670080.00, 8492658.00,25, 132505
1270, 1694170.00, 9670118.00, 8492504.00,25, 132610
1271, 1694916.00, 9669966.00, 8492463.00,25, 132714
1272, 1695647.00, 9669817.00, 8492665.00,25, 132819
1273, 1696037.00, 9669859.00, 8492557.00,25, 132924
1274, 1696314.00, 9670071.00, 8492648.00,25, 133028
1275, 1696853.00, 9670238.00, 8492808.00,25, 133133
1276, 1697778.00, 9670263.00, 8492722.00,25, 133237
1277, 1699843.00, 9668326.00, 8492645.00,25, 133342
1278, 1701974.00, 9667025.00, 8492538.00,25, 133446
1279, 1702961.00, 9666687.00, 8492495.00,25, 133551
1280, 1704427.00, 9665870.00, 8492692.00,25, 133656
1281, 1705767.00, 9664786.00, 8492500.00,25, 133760
1282, 1706280.00, 9664378.00, 8492652.00,25, 133865
1283, 1706579.00, 9664160.00, 8492738.00,25, 133969
1284, 1706999.00, 9663859.00, 8492926.00,25, 134074
1285, 1707188.00, 9663846.00, 8492736.00,25, 134178
1286, 1707352.00, 9663861.00, 8492493.00,25, 134283
1287, 1707689.00, 9663733.00, 8492482.00,25, 134388
1288, 1707800.00, 9663743.00, 8492808.00,25, 134492
1289, 1707771.00, 9664080.00, 8492773.00,25, 134597
1290, 1707725.00, 9664345.00, 8492652.00,25, 134701
1291, 1707878.00, 9664576.00, 8492585.00,25, 134806
1292, 1708019.00, 9664729.00, 8492767.00,25, 134910
1293, 1708280.00, 9665004.00, 8492775.00,25, 135015
1294, 1708757.00, 9664857.00, 8492923.00,25, 135120
1295, 1709206.00, 9664735.00, 8492816.00,25, 135224
1296, 1709533.00, 9664714.00, 8492809.00,25, 135329
1297, 1709600.00, 9664640.00, 8492922.00,25, 135433
1298, 1709549.00, 9664525.00, 8492851.00,25, 135538
1299, 1709553.00, 9664469.00, 8492866.00,25, 135643
1300, 1709674.00, 9664413.00, 8492676.00,25, 135747
1301, 1709900.00, 9663846.00, 8492689.00,25, 135852
1302, 1710160.00, 9663546.00, 8492833.00,25, 135956
1303, 1710499.00, 9663294.00, 8492724.00,25, 136061
1304, 1710677.00, 9663256.00, 8492790.00,25, 136165
1305, 1710655.00, 9663406.00, 8492764.00,25, 136270
1306, 1710666.00, 9663518.00, 8492667.00,25, 136375
1307, 1710657.00, 9663629.00, 8492513.00,25, 136479
1308, 1710586.00, 9663733.00, 8492731.00,25, 136584
1309, 1710916.00, 9663827.00, 8492811.00,25, 136688
1310, 1711434.00, 9663732.00, 8492799.00,25, 136793
1311, 1711828.00, 9663638.00, 8492795.00,25, 136897
1312, 1711939.00, 9663772.00, 8492815.00,25, 137002
1313, 1711913.00, 9663817.00, 8492687.00,25, 137107
1314, 1711803.00, 9663832.00, 8492827.00,25, 137211
1315, 1711660.00, 9663971.00, 8492832.00,25, 137316
1316, 1711663.00, 9663880.00, 8492817.00,25, 137420
1317, 1711873.00, 9663339.00, 8492556.00,25, 137525
1318, 1712079.00, 9662981.00, 8492589.00,25, 137629
1319, 1712229.00, 9662742.00, 8493005.00,25, 137734
1320, 1712296.00, 9662777.00, 8492973.00,25, 137839
1321, 1712299.00, 9662725.00, 8492927.00,25, 137943
1322, 1712352.00, 9662845.00, 8492891.00,25, 138048
1323, 1712381.00, 9662961.00, 8493003.00,25, 138152
1324, 1712375.00, 9663034.00, 8492984.00,25, 138257
1325, 1712540.00, 9663170.00, 8493039.00,25, 138362
1326, 1712982.00, 9663043.00, 8493019.00,25, 138466
1327, 1713228.00, 9663013.00, 8492859.00,25, 138571
1328, 1713343.00, 9663061.00, 8492803.00,25, 138675
1329, 1713389.00, 9663024.00, 8492760.00,25, 138780
1330, 1713383.00, 9663070.00, 8492541.00,25, 138884
1331, 1713345.00, 9663036.00, 8492622.00,25, 138989
1332, 1713252.00, 9663109.00, 8492690.00,25, 139094
1333, 1713260.00, 9662791.00, 8492734.00,25, 139198
1334, 1713443.00, 9662506.00, 8492609.00,25, 139303
1335, 1713586.00, 9662327.00, 8492674.00,25, 139407
1336, 1713692.00, 9662168.00, 8492829.00,25, 139512
1337, 1713671.00, 9662104.00, 8493078.00,25, 139616
1338, 1713619.00, 9662218.00, 8492944.00,25, 139721
1339, 1713652.00, 9662387.00, 8492635.00,25, 139826
1340, 1713716.00, 9662437.00, 8492945.00,25, 139930
1341, 1713796.00, 9662598.00, 8492865.00,25, 140035
1342, 1714093.00, 9662560.00, 8492672.00,25, 140139
1343, 1714453.00, 9662441.00, 8492692.00,25, 140244
1344, 1714626.00, 9662381.00, 8492623.00,25, 140349
1345, 1714713.00, 9662422.00, 8492706.00,25, 140453
1346, 1714731.00, 9662435.00, 8492997.00,25, 140558
1347, 1714679.00, 9662475.00, 8492791.00,25, 140662
1348, 1714612.00, 9662450.00, 8492666.00,25, 140767
1349, 1714498.00, 9662363.00, 8492631.00,25, 140871
1350, 1714540.00, 9662101.00, 8492654.00,25, 140976
1351, 1714659.00, 9661870.00, 8492789.00,25, 141081
1352, 1714738.00, 9661706.00, 8492722.00,25, 141185
1353, 1714788.00, 9661638.00, 8492726.00,25, 141290
1354, 1714858.00, 9661596.00, 8492567.00,25, 141394
1355, 1714860.00, 9661641.00, 8492865.00,25, 141499
1356, 1714802.00, 9661711.00, 8492946.00,25, 141604
1357, 1714835.00, 9661949.00, 8492651.00,25, 141708
1358, 1715065.00, 9661941.00, 8492660.00,25, 141813
1359, 1715388.00, 9661913.00, 8492908.00,25, 141917
1360, 1715662.00, 9661877.00, 8492843.00,25, 142022
1361, 1715745.00, 9661837.00, 8492817.00,25, 142126
1362, 1715659.00, 9661920.00, 8492779.00,25, 142231
1363, 1715601.00, 9661889.00, 8492661.00,25, 142336
1364, 1715556.00, 9661881.00, 8492647.00,25, 142440
1365, 1715542.00, 9661799.00, 8492457.00,25, 142545
1366, 1715495.00, 9661704.00, 8492578.00,25, 142649
1367, 1715521.00, 9661522.00, 8492783.00,25, 142754
1368, 1715574.00, 9661344.00, 8492681.00,25, 142859
1369, 1715653.00, 9661160.00, 8492592.00,25, 142963
1370, 1715678.00, 9661214.00, 8492432.00,25, 143068
1371, 1715644.00, 9661276.00, 8492441.00,25, 143172
1372, 1715597.00, 9661492.00, 8492543.00,25, 143277
1373, 1715602.00, 9661588.00, 8492592.00,25, 143382
1374, 1715698.00, 9661674.00, 8492836.00,25, 143486
1375, 1715980.00, 9661694.00, 8492798.00,25, 143591
1376, 1716367.00, 9661548.00, 8492643.00,25, 143695
1377, 1716554.00, 9661459.00, 8492459.00,25, 143800
1378, 1716617.00, 9661423.00, 8492755.00,25, 143904
1379, 1716518.00, 9661463.00, 8492657.00,25, 144009
1380, 1716453.00, 9661551.00, 8492692.00,25, 144114
1381, 1716394.00, 9661494.00, 8492787.00,25, 144218
1382, 1716317.00, 9661334.00, 8492608.00,25, 144323
1383, 1716312.00, 9661023.00, 8492735.00,25, 144427
1384, 1716256.00, 9661082.00, 8492875.00,25, 144532
1385, 1716209.00, 9661103.00, 8492672.00,25, 144636
1386, 1716242.00, 9661092.00, 8492623.00,25, 144741
1387, 1716191.00, 9661141.00, 8492639.00,25, 144846
1388, 1716139.00, 9661357.00, 8492614.00,25, 144950
RECORDING Time: 11:52:12
BASELINE Time: 11:52:22
1, 1716302.00, 9661428.00, 8492808.00,25, 0
2, 1716042.00, 9661456.00, 8493022.00,25, 0
3, 1715907.00, 9661558.00, 8492832.00,25, 104
4, 1715655.00, 9661648.00, 8492762.00,25, 209
5, 1715732.00, 9661681.00, 8492756.00,25, 313
6, 1715784.00, 9661798.00, 8492613.00,25, 418
7, 1715761.00, 9661874.00, 8492490.00,25, 522
8, 1715743.00, 9661831.00, 8492481.00,25, 627
9, 1715797.00, 9661647.00, 8492464.00,25, 732
10, 1715894.00, 9661564.00, 8492609.00,25, 836
11, 1715929.00, 9661444.00, 8492944.00,25, 941
12, 1715888.00, 9661210.00, 8492871.00,25, 1045
13, 1715852.00, 9661040.00, 8492855.00,25, 1150
14, 1715824.00, 9661022.00, 8493027.00,25, 1254
15, 1715838.00, 9660955.00, 8492565.00,25, 1359
16, 1715788.00, 9660916.00, 8492501.00,25, 1464
17, 1715675.00, 9661000.00, 8492587.00,25, 1568
18, 1715569.00, 9661020.00, 8492644.00,25, 1673
19, 1715497.00, 9661072.00, 8492730.00,25, 1777
20, 1715468.00, 9661141.00, 8492716.00,25, 1882
21, 1715428.00, 9661197.00, 8492722.00,25, 1987
22, 1715334.00, 9661211.00, 8492512.00,25, 2091
23, 1715338.00, 9661180.00, 8492578.00,25, 2196
24, 1715350.00, 9661136.00, 8492810.00,25, 2300
25, 1715429.00, 9661038.00, 8492916.00,25, 2405
26, 1715504.00, 9661026.00, 8492802.00,25, 2509
27, 1715492.00, 9660908.00, 8492765.00,25, 2614
28, 1715599.00, 9660806.00, 8492758.00,25, 2719
29, 1715691.00, 9660798.00, 8492798.00,25, 2823
30, 1715761.00, 9660848.00, 8492811.00,25, 2928
31, 1715780.00, 9660697.00, 8492795.00,25, 3032
32, 1715745.00, 9660772.00, 8492607.00,25, 3137
33, 1715727.00, 9660918.00, 8492568.00,25, 3241
34, 1715637.00, 9660952.00, 8492764.00,25, 3346
35, 1715504.00, 9660958.00, 8492858.00,25, 3451
36, 1715446.00, 9661005.00, 8492897.00,25, 3555
37, 1715452.00, 9661049.00, 8492760.00,25, 3660
38, 1715428.00, 9661098.00, 8492831.00,25, 3764
39, 1715427.00, 9661131.00, 8492809.00,25, 3869
40, 1715393.00, 9661113.00, 8492647.00,25, 3974
41, 1715361.00, 9660956.00, 8492485.00,25, 4078
42, 1715409.00, 9660943.00, 8492612.00,25, 4183
43, 1715445.00, 9660826.00, 8492809.00,25, 4287
44, 1715562.00, 9660742.00, 8492658.00,25, 4392
45, 1715609.00, 9660770.00, 8492587.00,25, 4496
46, 1715627.00, 9660704.00, 8492712.00,25, 4601
47, 1715679.00, 9660618.00, 8492783.00,25, 4706
48, 1715766.00, 9660725.00, 8492846.00,25, 4810
49, 1715793.00, 9660767.00, 8492791.00,25, 4915
50, 1715690.00, 9660846.00, 8492809.00,25, 5019
51, 1715664.00, 9660794.00, 8492596.00,25, 5124
52, 1715597.00, 9660876.00, 8492567.00,25, 5228
53, 1715534.00, 9660975.00, 8492697.00,25, 5333
54, 1715438.00, 9661016.00, 8492617.00,25, 5438
55, 1715424.00, 9660944.00, 8492635.00,25, 5542
56, 1715429.00, 9660973.00, 8492789.00,25, 5647
57, 1715442.00, 9660857.00, 8492770.00,25, 5751
58, 1715449.00, 9660849.00, 8492895.00,25, 5856
59, 1715494.00, 9660913.00, 8492849.00,25, 5960
60, 1715603.00, 9660731.00, 8492887.00,25, 6065
61, 1715665.00, 9660709.00, 8492885.00,25, 6170
62, 1715717.00, 9660712.00, 8492929.00,25, 6274
63, 1715766.00, 9660704.00, 8492567.00,25, 6379
64, 1715770.00, 9660601.00, 8492607.00,25, 6483
65, 1715756.00, 9660682.00, 8492662.00,25, 6588
66, 1715771.00, 9660660.00, 8492639.00,25, 6693
67, 1715768.00, 9660714.00, 8492503.00,25, 6797
68, 1715732.00, 9660778.00, 8492636.00,25, 6902
69, 1715678.00, 9660889.00, 8492940.00,25, 7006
70, 1715674.00, 9660882.00, 8492735.00,25, 7111
71, 1715618.00, 9660865.00, 8492824.00,25, 7215
72, 1715594.00, 9660880.00, 8492717.00,25, 7320
73, 1715510.00, 9660840.00, 8492378.00,25, 7425
74, 1715502.00, 9660785.00, 8492642.00,25, 7529
75, 1715550.00, 9660621.00, 8492870.00,25, 7634
76, 1715574.00, 9660614.00, 8492772.00,25, 7738
77, 1715635.00, 9660614.00, 8492464.00,25, 7843
78, 1715683.00, 9660595.00, 8492837.00,25, 7947
79, 1715725.00, 9660665.00, 8492741.00,25, 8052
80, 1715826.00, 9660528.00, 8492675.00,25, 8157
81, 1715795.00, 9660575.00, 8492741.00,25, 8261
82, 1715822.00, 9660535.00, 8492854.00,25, 8366
83, 1715753.00, 9660564.00, 8492775.00,25, 8470
84, 1715742.00, 9660554.00, 8492521.00,25, 8575
85, 1715721.00, 9660674.00, 8492577.00,25, 8679
86, 1715717.00, 9660580.00, 8492701.00,25, 8784
87, 1715710.00, 9660610.00, 8492896.00,25, 8889
88, 1715648.00, 9660637.00, 8493026.00,25, 8993
89, 1715657.00, 9660595.00, 8492691.00,25, 9098
90, 1715617.00, 9660603.00, 8492633.00,25, 9202
91, 1715544.00, 9660616.00, 8492992.00,25, 9307
92, 1715611.00, 9660503.00, 8492686.00,25, 9411
93, 1715663.00, 9660513.00, 8492680.00,25, 9516
94, 1715662.00, 9660605.00, 8492851.00,25, 9620
95, 1715669.00, 9660491.00, 8493077.00,25, 9725
96, 1715650.00, 9660455.00, 8492897.00,25, 9830
97, 1715716.00, 9660539.00, 8492437.00,25, 9934
98, 1715817.00, 9660526.00, 8492602.00,25, 10039
99, 1715835.00, 9660616.00, 8492700.00,25, 10143
100, 1715867.00, 9660573.00, 8492657.00,25, 10248
101, 1715801.00, 9660643.00, 8492883.00,25, 10352
102, 1715730.00, 9660630.00, 8492755.00,25, 10457
103, 1715701.00, 9660553.00, 8492599.00,25, 10562
104, 1715690.00, 9660598.00, 8492608.00,25, 10666
105, 1715546.00, 9660597.00, 8492620.00,25, 10771
106, 1715462.00, 9660540.00, 8492471.00,25, 10875
107, 1715433.00, 9660506.00, 8492677.00,25, 10980
108, 1715411.00, 9660474.00, 8493034.00,25, 11085
109, 1715467.00, 9660480.00, 8492979.00,25, 11189
110, 1715514.00, 9660495.00, 8493061.00,25, 11294
111, 1715517.00, 9660539.00, 8492752.00,25, 11398
112, 1715535.00, 9660538.00, 8492941.00,25, 11503
113, 1715547.00, 9660601.00, 8492546.00,25, 11607
114, 1715644.00, 9660598.00, 8492524.00,25, 11712
115, 1715692.00, 9660563.00, 8492651.00,25, 11817
116, 1715708.00, 9660586.00, 8492806.00,25, 11921
117, 1715696.00, 9660632.00, 8492832.00,25, 12026
118, 1715748.00, 9660752.00, 8492900.00,25, 12130
119, 1715768.00, 9660838.00, 8492823.00,25, 12235
120, 1715741.00, 9660861.00, 8492899.00,25, 12339
121, 1715706.00, 9660988.00, 8493098.00,25, 12444
122, 1715639.00, 9661004.00, 8492781.00,25, 12549
123, 1715541.00, 9660979.00, 8492723.00,25, 12653
124, 1715562.00, 9661026.00, 8492659.00,25, 12758
125, 1715540.00, 9661041.00, 8492702.00,25, 12862
126, 1715462.00, 9661003.00, 8492558.00,25, 12967
127, 1715497.00, 9661005.00, 8492435.00,25, 13071
128, 1715554.00, 9661040.00, 8492505.00,25, 13176
129, 1715599.00, 9661101.00, 8492662.00,25, 13281
130, 1715544.00, 9661179.00, 8492663.00,25, 13385
131, 1715529.00, 9661200.00, 8492546.00,25, 13490
132, 1715566.00, 9661143.00, 8492671.00,25, 13594
133, 1715462.00, 9661113.00, 8492829.00,25, 13699
134, 1715041.00, 9661132.00, 8492808.00,25, 13803
135, 1714955.00, 9661154.00, 8492755.00,25, 13908
136, 1715001.00, 9661074.00, 8492814.00,25, 14013
137, 1715017.00, 9661120.00, 8492939.00,25, 14117
138, 1714956.00, 9661066.00, 8492904.00,25, 14222
139, 1714866.00, 9661051.00, 8492659.00,25, 14326
140, 1714816.00, 9661168.00, 8492934.00,25, 14431
141, 1714771.00, 9661116.00, 8492923.00,25, 14535
142, 1714736.00, 9661110.00, 8492865.00,25, 14640
BASELINE Time: 11:52:37
