Date: 27.3.2020 , In use by: Mena
Daytime: 10:54:31, Temperature: 25°C
ID, strain1, strain2, strain3, temp [°C], runtime [ms]
BASELINE Time: 10:55:6
1, 6060229.00, 6050873.00, 4791976.00, 24, 0
2, 6061468.00, 6052778.00, 4754806.00, 24, 0
3, 6063238.00, 6048298.00, 4771457.00, 24, 103
4, 6062615.00, 6046890.00, 4786111.00, 24, 206
5, 6061712.00, 6046793.00, 4793764.00, 24, 309
6, 6063369.00, 6048257.00, 4793802.00, 24, 412
7, 6067353.00, 6048229.00, 4794912.00, 24, 514
8, 6068122.00, 6049025.00, 4757923.00, 24, 617
9, 6067941.00, 6052424.00, 4749716.00, 24, 720
10, 6066219.00, 6053692.00, 4764100.00, 24, 823
11, 6063997.00, 6051057.00, 4775761.00, 24, 926
12, 6066964.00, 6047145.00, 4783925.00, 24, 1029
13, 6067662.00, 6047709.00, 4785829.00, 24, 1132
14, 6065100.00, 6054231.00, 4782479.00, 24, 1235
15, 6063313.00, 6059640.00, 4784785.00, 24, 1338
16, 6066260.00, 6060847.00, 4789248.00, 24, 1441
17, 6071792.00, 6048338.00, 4811959.00, 24, 1544
18, 6066555.00, 6060077.00, 4823437.00, 24, 1647
19, 6032399.00, 6111962.00, 4765147.00, 24, 1750
20, 6001295.00, 6097085.00, 4744306.00, 24, 1853
21, 6021720.00, 6034142.00, 4907021.00, 24, 1955
22, 6042850.00, 5993802.00, 5257458.00, 24, 2058
23, 6044272.00, 5983254.00, 5231556.00, 24, 2161
24, 6025849.00, 6011939.00, 5110894.00, 24, 2264
25, 5988535.00, 6028348.00, 5010260.00, 24, 2367
26, 5951311.00, 6031150.00, 4899906.00, 24, 2470
27, 5929334.00, 6040158.00, 4808914.00, 24, 2573
28, 5934740.00, 6043025.00, 4739584.00, 24, 2676
29, 5986280.00, 6083298.00, 4635412.00, 24, 2779
30, 6070931.00, 6096456.00, 4611678.00, 24, 2882
31, 6181020.00, 6029869.00, 4760709.00, 24, 2985
32, 6221563.00, 5991922.00, 4895372.00, 24, 3088
33, 6189425.00, 6038549.00, 4813762.00, 24, 3191
34, 6170334.00, 6146385.00, 4517557.00, 24, 3293
35, 6203189.00, 6205465.00, 4423546.00, 24, 3396
36, 6205756.00, 6152875.00, 4518052.00, 24, 3499
37, 6217394.00, 6087138.00, 4720187.00, 24, 3602
38, 6236873.00, 6049739.00, 4777602.00, 24, 3705
39, 6252340.00, 6067992.00, 4781653.00, 24, 3808
40, 6268638.00, 6087404.00, 4769497.00, 24, 3911
41, 6271674.00, 6120675.00, 4717477.00, 24, 4014
42, 6264631.00, 6163035.00, 4626329.00, 24, 4117
43, 6252607.00, 6147323.00, 4617300.00, 24, 4220
44, 6239397.00, 6082954.00, 4715704.00, 24, 4323
45, 6248807.00, 6063909.00, 4760117.00, 24, 4426
46, 6264499.00, 6079533.00, 4738958.00, 24, 4529
47, 6264792.00, 6088587.00, 4700122.00, 24, 4632
48, 6255881.00, 6086039.00, 4705973.00, 24, 4734
49, 6246445.00, 6079454.00, 4742470.00, 24, 4837
50, 6241059.00, 6069715.00, 4791319.00, 24, 4940
51, 6232768.00, 6072313.00, 4871519.00, 24, 5043
52, 6238017.00, 6059994.00, 4971549.00, 24, 5146
53, 6292635.00, 6019273.00, 5080038.00, 24, 5249
54, 6402353.00, 6002026.00, 5106597.00, 24, 5352
55, 6499977.00, 6023929.00, 5116121.00, 24, 5455
56, 6527885.00, 6035355.00, 5202197.00, 24, 5558
57, 6511027.00, 6016278.00, 5323279.00, 24, 5661
58, 6476135.00, 5975355.00, 5501726.00, 24, 5764
59, 6392850.00, 5934230.00, 5614057.00, 24, 5867
60, 6296919.00, 5878261.00, 5623145.00, 24, 5970
61, 6227465.00, 5832691.00, 5598616.00, 24, 6073
62, 6185036.00, 5797002.00, 5584337.00, 24, 6175
63, 6150877.00, 5769239.00, 5597524.00, 24, 6278
64, 6121522.00, 5747543.00, 5622490.00, 24, 6381
65, 6103715.00, 5746475.00, 5626179.00, 24, 6484
66, 6094023.00, 5736661.00, 5645656.00, 24, 6587
67, 6089266.00, 5735615.00, 5648061.00, 24, 6690
68, 6091917.00, 5738577.00, 5642882.00, 24, 6793
69, 6103213.00, 5723881.00, 5669841.00, 24, 6896
70, 6122638.00, 5695370.00, 5735731.00, 24, 6999
BASELINE Time: 10:55:13
RECORDING Time: 10:55:14
1, 6196538.00, 5767496.00, 5642419.00, 24, 0
2, 6181790.00, 5770199.00, 5619265.00, 24, 0
3, 6175636.00, 5766121.00, 5601721.00, 24, 103
4, 6176593.00, 5768606.00, 5575300.00, 24, 206
5, 6178241.00, 5774303.00, 5556662.00, 24, 309
6, 6181853.00, 5789598.00, 5507764.00, 24, 412
7, 6191830.00, 5804142.00, 5480540.00, 24, 515
8, 6201970.00, 5814568.00, 5453238.00, 24, 617
9, 6209623.00, 5841232.00, 5383869.00, 24, 720
10, 6216847.00, 5834829.00, 5375876.00, 24, 823
11, 6222431.00, 5819362.00, 5399103.00, 24, 926
12, 6229642.00, 5808920.00, 5430224.00, 24, 1029
13, 6258605.00, 5786208.00, 5498900.00, 24, 1132
14, 6296428.00, 5765884.00, 5541965.00, 24, 1235
15, 6314897.00, 5784258.00, 5492226.00, 24, 1338
16, 6336626.00, 5821148.00, 5411419.00, 24, 1441
17, 6368379.00, 5914102.00, 5219923.00, 24, 1544
18, 6386848.00, 6083529.00, 4901078.00, 24, 1647
19, 6350736.00, 6239141.00, 4675008.00, 24, 1750
20, 6272352.00, 6382969.00, 4476510.00, 24, 1853
21, 6245661.00, 6512077.00, 4276514.00, 24, 1955
22, 6243854.00, 6583624.00, 4185391.00, 24, 2058
23, 6224332.00, 6599846.00, 4151883.00, 24, 2161
24, 6216386.00, 6598008.00, 4139087.00, 24, 2264
25, 6201172.00, 6601077.00, 4112482.00, 24, 2367
26, 6179209.00, 6584625.00, 4109984.00, 24, 2470
27, 6169789.00, 6559403.00, 4145373.00, 24, 2573
28, 6195664.00, 6537044.00, 4191690.00, 24, 2676
29, 6222308.00, 6516239.00, 4262612.00, 24, 2779
30, 6237127.00, 6468660.00, 4369818.00, 24, 2882
31, 6246883.00, 6410935.00, 4450591.00, 24, 2985
32, 6252252.00, 6394872.00, 4447447.00, 24, 3088
33, 6214055.00, 6424954.00, 4351098.00, 24, 3191
34, 6135781.00, 6452680.00, 4230280.00, 24, 3294
35, 6058029.00, 6450029.00, 4117046.00, 24, 3396
36, 5943979.00, 6406745.00, 3972106.00, 24, 3499
37, 5819675.00, 6381028.00, 3798534.00, 24, 3602
38, 5748302.00, 6389765.00, 3652074.00, 24, 3705
39, 5722489.00, 6431476.00, 3526415.00, 24, 3808
40, 5699278.00, 6471669.00, 3357160.00, 24, 3911
41, 5695599.00, 6534241.00, 3286364.00, 24, 4014
42, 5695726.00, 6580558.00, 3257403.00, 24, 4117
43, 5711548.00, 6574916.00, 3308589.00, 24, 4220
44, 5721372.00, 6509115.00, 3428833.00, 24, 4323
45, 5726133.00, 6354973.00, 3661984.00, 24, 4426
46, 5710308.00, 6119482.00, 3988725.00, 24, 4529
47, 5696899.00, 5832295.00, 4401435.00, 24, 4632
48, 5703732.00, 5597155.00, 4803919.00, 24, 4735
49, 5716532.00, 5475183.00, 5070186.00, 24, 4838
50, 5713087.00, 5419459.00, 5215974.00, 24, 4941
51, 5699825.00, 5363662.00, 5328265.00, 24, 5043
52, 5702825.00, 5316934.00, 5417512.00, 24, 5146
53, 5710789.00, 5346166.00, 5350257.00, 24, 5249
54, 5699958.00, 5391756.00, 5158909.00, 24, 5352
55, 5683876.00, 5423944.00, 5129980.00, 24, 5455
56, 5685104.00, 5438452.00, 5137079.00, 24, 5558
57, 5705844.00, 5476957.00, 5150365.00, 24, 5661
58, 5740044.00, 5537618.00, 5188166.00, 24, 5764
59, 5753720.00, 5586023.00, 5186957.00, 24, 5867
60, 5756793.00, 5623073.00, 5125106.00, 24, 5970
61, 5762845.00, 5670666.00, 5039114.00, 24, 6073
62, 5764581.00, 5744433.00, 4985393.00, 24, 6176
63, 5768953.00, 5830194.00, 4934918.00, 24, 6279
64, 5776598.00, 6074339.00, 4675251.00, 24, 6382
65, 5771511.00, 6347372.00, 4180261.00, 24, 6485
66, 5771433.00, 6509261.00, 3751473.00, 24, 6588
67, 5792155.00, 6666852.00, 3488739.00, 24, 6691
68, 5809776.00, 6795452.00, 3097697.00, 24, 6793
69, 5870637.00, 6772337.00, 3261616.00, 24, 6896
70, 5922799.00, 6591010.00, 3606537.00, 24, 6999
71, 5904410.00, 6339083.00, 3937679.00, 24, 7102
72, 5884106.00, 6162678.00, 4130268.00, 24, 7205
73, 5889750.00, 6088137.00, 4221959.00, 24, 7308
74, 5883160.00, 6008685.00, 4337641.00, 24, 7411
75, 5869451.00, 5916024.00, 4449429.00, 24, 7514
76, 5831871.00, 5804504.00, 4591443.00, 24, 7617
77, 5789546.00, 5676526.00, 4745376.00, 24, 7720
78, 5771450.00, 5623914.00, 4793655.00, 24, 7823
79, 5761821.00, 5624182.00, 4787219.00, 24, 7926
80, 5749373.00, 5642149.00, 4765171.00, 24, 8029
81, 5740521.00, 5667049.00, 4734773.00, 24, 8132
82, 5734147.00, 5692298.00, 4667755.00, 24, 8235
83, 5731641.00, 5711976.00, 4646622.00, 24, 8337
84, 5732487.00, 5723504.00, 4644443.00, 24, 8440
85, 5740740.00, 5724960.00, 4654046.00, 24, 8543
86, 5759048.00, 5713376.00, 4694975.00, 24, 8646
87, 5760436.00, 5700373.00, 4687200.00, 24, 8749
88, 5752880.00, 5743581.00, 4634827.00, 24, 8852
89, 5747607.00, 5758737.00, 4594039.00, 24, 8955
90, 5745913.00, 5764552.00, 4572359.00, 24, 9058
91, 5739970.00, 5774726.00, 4550629.00, 24, 9161
92, 5738419.00, 5797569.00, 4502922.00, 24, 9264
93, 5744616.00, 5804052.00, 4461415.00, 24, 9367
94, 5747119.00, 5799012.00, 4468490.00, 24, 9470
95, 5746339.00, 5804445.00, 4473096.00, 24, 9573
96, 5745975.00, 5815583.00, 4443336.00, 24, 9676
97, 5745392.00, 5828524.00, 4421501.00, 24, 9778
98, 5748301.00, 5837453.00, 4406262.00, 24, 9881
99, 5751210.00, 5846624.00, 4387927.00, 24, 9984
100, 5748643.00, 5848372.00, 4385671.00, 24, 10087
101, 5746003.00, 5828156.00, 4415137.00, 24, 10190
102, 5748254.00, 5789321.00, 4466963.00, 24, 10293
103, 5750419.00, 5771231.00, 4483456.00, 24, 10396
104, 5751657.00, 5785638.00, 4454186.00, 24, 10499
105, 5762231.00, 5816579.00, 4402170.00, 24, 10602
106, 5781049.00, 5848293.00, 4350254.00, 24, 10705
107, 5811837.00, 5892519.00, 4286134.00, 24, 10808
108, 5856897.00, 5991681.00, 4193558.00, 24, 10911
109, 5875617.00, 6115595.00, 4106292.00, 24, 11014
110, 5893461.00, 6136539.00, 4116391.00, 24, 11116
111, 5923328.00, 6144558.00, 4069977.00, 24, 11219
112, 5946514.00, 6180060.00, 4034286.00, 24, 11322
113, 5961976.00, 6198535.00, 4054192.00, 24, 11425
114, 5993932.00, 6191064.00, 4103223.00, 24, 11528
115, 6019545.00, 6191656.00, 4161804.00, 24, 11631
116, 6036738.00, 6175822.00, 4229980.00, 24, 11734
117, 6042524.00, 6134253.00, 4329281.00, 24, 11837
118, 6031475.00, 6089998.00, 4414190.00, 24, 11940
119, 6026804.00, 6043066.00, 4481271.00, 24, 12043
120, 6048312.00, 5967284.00, 4583373.00, 24, 12146
121, 6062702.00, 5909380.00, 4706887.00, 24, 12249
122, 6064628.00, 5890325.00, 4769353.00, 24, 12352
123, 6103320.00, 5856272.00, 4791543.00, 24, 12455
124, 6240428.00, 5818057.00, 5139050.00, 24, 12557
125, 6392617.00, 5833389.00, 5344919.00, 24, 12660
126, 6439045.00, 5959203.00, 5364803.00, 24, 12763
127, 6431199.00, 6159211.00, 5307131.00, 24, 12866
128, 6406996.00, 6237345.00, 5243785.00, 24, 12969
129, 6381815.00, 6200228.00, 5188901.00, 24, 13072
130, 6368332.00, 6120105.00, 5163867.00, 24, 13175
131, 6350256.00, 6057568.00, 5062287.00, 24, 13278
132, 6333237.00, 6071727.00, 4937686.00, 24, 13381
133, 6311905.00, 6085934.00, 4874508.00, 24, 13484
134, 6302825.00, 6089277.00, 4853778.00, 24, 13587
135, 6299614.00, 6111549.00, 4795345.00, 24, 13690
136, 6291494.00, 6147767.00, 4692992.00, 24, 13793
RECORDING Time: 10:55:28
BASELINE Time: 10:55:30
1, 6106407.00, 6177657.00, 4157918.00, 24, 0
2, 6107426.00, 6181464.00, 4159165.00, 24, 0
3, 6110632.00, 6195013.00, 4149183.00, 24, 103
4, 6114754.00, 6215408.00, 4123355.00, 24, 206
5, 6118747.00, 6219734.00, 4118340.00, 24, 309
6, 6124168.00, 6214923.00, 4110375.00, 24, 412
7, 6130634.00, 6209089.00, 4095160.00, 24, 515
8, 6136802.00, 6199858.00, 4146427.00, 24, 618
9, 6143149.00, 6185878.00, 4208540.00, 24, 720
10, 6151100.00, 6183168.00, 4226416.00, 24, 823
11, 6164561.00, 6198995.00, 4234293.00, 24, 926
12, 6180647.00, 6222727.00, 4209240.00, 24, 1029
13, 6192062.00, 6257442.00, 4155596.00, 24, 1132
14, 6194442.00, 6265199.00, 4135475.00, 24, 1235
15, 6200240.00, 6243619.00, 4170699.00, 24, 1338
16, 6213873.00, 6239668.00, 4188118.00, 24, 1441
17, 6218561.00, 6226054.00, 4231110.00, 24, 1544
18, 6204645.00, 6197226.00, 4326426.00, 24, 1647
19, 6188073.00, 6160204.00, 4436077.00, 24, 1750
20, 6173010.00, 6105925.00, 4585001.00, 24, 1853
21, 6154305.00, 6088646.00, 4675923.00, 24, 1956
22, 6131499.00, 6103272.00, 4711319.00, 24, 2059
23, 6117396.00, 6118151.00, 4780572.00, 24, 2162
24, 6114197.00, 6133645.00, 4860512.00, 24, 2264
25, 6119551.00, 6136477.00, 4977039.00, 24, 2367
26, 6126643.00, 6128882.00, 4994242.00, 24, 2470
27, 6128303.00, 6120583.00, 4984552.00, 24, 2573
28, 6124970.00, 6113805.00, 4964025.00, 24, 2676
29, 6119839.00, 6112116.00, 4934905.00, 24, 2779
30, 6117080.00, 6125806.00, 4902080.00, 24, 2882
31, 6134550.00, 6137928.00, 4930849.00, 24, 2985
32, 6163063.00, 6124365.00, 5024970.00, 24, 3088
33, 6181118.00, 6084557.00, 5096636.00, 24, 3191
34, 6200073.00, 6048289.00, 5119386.00, 24, 3294
35, 6232226.00, 6024021.00, 5152644.00, 24, 3397
36, 6260451.00, 6017873.00, 5187478.00, 24, 3500
37, 6270785.00, 6040793.00, 5206401.00, 24, 3603
38, 6258264.00, 6071936.00, 5213396.00, 24, 3706
39, 6241815.00, 6057317.00, 5160575.00, 24, 3808
40, 6230419.00, 6012548.00, 5073891.00, 24, 3911
41, 6241659.00, 6040305.00, 4908327.00, 24, 4014
42, 6259183.00, 6144160.00, 4669781.00, 24, 4117
43, 6240135.00, 6244440.00, 4461275.00, 24, 4220
44, 6191820.00, 6298669.00, 4340286.00, 24, 4323
45, 6163222.00, 6367282.00, 4219941.00, 24, 4426
46, 6103595.00, 6383730.00, 4191239.00, 24, 4529
47, 6061133.00, 6369007.00, 4231805.00, 24, 4632
48, 6052442.00, 6374449.00, 4246305.00, 24, 4735
49, 6052181.00, 6366779.00, 4252461.00, 24, 4838
50, 6052416.00, 6343870.00, 4275341.00, 24, 4941
51, 6062053.00, 6324068.00, 4295796.00, 24, 5044
52, 6061109.00, 6313648.00, 4313708.00, 24, 5146
53, 6055232.00, 6314399.00, 4300016.00, 24, 5249
54, 6046376.00, 6333352.00, 4266435.00, 24, 5352
55, 6031578.00, 6345211.00, 4254839.00, 24, 5455
56, 6010018.00, 6341411.00, 4255930.00, 24, 5558
57, 6000881.00, 6331794.00, 4265897.00, 24, 5661
58, 5994825.00, 6319407.00, 4295641.00, 24, 5764
59, 5985849.00, 6301221.00, 4325225.00, 24, 5867
60, 5978022.00, 6287753.00, 4345147.00, 24, 5970
61, 5974058.00, 6265765.00, 4375550.00, 24, 6073
62, 5972259.00, 6242976.00, 4395013.00, 24, 6176
63, 5975338.00, 6233723.00, 4398311.00, 24, 6279
64, 5982067.00, 6226803.00, 4402694.00, 24, 6382
65, 5982519.00, 6216625.00, 4429278.00, 24, 6484
66, 5987957.00, 6211243.00, 4444154.00, 24, 6587
67, 5999122.00, 6209901.00, 4452045.00, 24, 6690
68, 6003067.00, 6211663.00, 4449764.00, 24, 6793
69, 5995745.00, 6206136.00, 4455803.00, 24, 6896
70, 5986895.00, 6197006.00, 4466157.00, 24, 6999
71, 5979615.00, 6184420.00, 4483642.00, 24, 7102
72, 5968248.00, 6168444.00, 4504159.00, 24, 7205
73, 5956178.00, 6160196.00, 4504771.00, 24, 7308
74, 5959182.00, 6163614.00, 4491183.00, 24, 7411
75, 5967385.00, 6169210.00, 4484332.00, 24, 7514
76, 5966520.00, 6182941.00, 4461950.00, 24, 7617
77, 5961776.00, 6197431.00, 4431347.00, 24, 7719
78, 5956170.00, 6204072.00, 4411748.00, 24, 7822
79, 5959324.00, 6206929.00, 4400182.00, 24, 7925
80, 5963577.00, 6210091.00, 4392076.00, 24, 8028
81, 5962796.00, 6203561.00, 4397995.00, 24, 8131
82, 5963507.00, 6197993.00, 4405627.00, 24, 8234
83, 5966888.00, 6192673.00, 4445058.00, 24, 8337
84, 5972514.00, 6181755.00, 4471591.00, 24, 8440
85, 5979512.00, 6188645.00, 4484629.00, 24, 8543
86, 5986148.00, 6185389.00, 4512222.00, 24, 8646
87, 6006064.00, 6158939.00, 4565105.00, 24, 8749
88, 6072867.00, 6099055.00, 4696183.00, 24, 8852
89, 6147967.00, 6022454.00, 4858231.00, 24, 8954
90, 6151845.00, 5921652.00, 4975081.00, 24, 9057
91, 6101984.00, 5926085.00, 4990606.00, 24, 9160
92, 6033687.00, 5966681.00, 4836206.00, 24, 9263
93, 5990065.00, 5945653.00, 4643523.00, 24, 9366
94, 5994270.00, 5865497.00, 4625681.00, 24, 9469
95, 6014956.00, 5811265.00, 4753672.00, 24, 9572
96, 5988869.00, 5800069.00, 4695238.00, 24, 9675
97, 5949826.00, 5813043.00, 4638574.00, 24, 9778
98, 5951793.00, 5839522.00, 4648278.00, 24, 9881
99, 6028893.00, 5859847.00, 4749356.00, 24, 9984
100, 6137891.00, 5881873.00, 4842258.00, 24, 10087
101, 6235295.00, 5915667.00, 4924795.00, 24, 10189
102, 6270202.00, 5961793.00, 4936314.00, 24, 10292
103, 6237982.00, 5985451.00, 4894163.00, 24, 10395
104, 6151552.00, 5984666.00, 4827163.00, 24, 10498
105, 6065667.00, 5983343.00, 4728430.00, 24, 10601
106, 6076859.00, 5987047.00, 4694184.00, 24, 10704
107, 6226272.00, 6037763.00, 4777865.00, 24, 10807
108, 6308327.00, 6115881.00, 4888988.00, 24, 10910
109, 6277337.00, 6156432.00, 4790781.00, 24, 11013
110, 6200746.00, 6150293.00, 4758852.00, 24, 11116
111, 6112831.00, 6120213.00, 4725431.00, 24, 11219
112, 6084216.00, 6080577.00, 4713877.00, 24, 11322
113, 6161315.00, 6051788.00, 4781117.00, 24, 11425
114, 6263464.00, 6059397.00, 4871946.00, 24, 11527
115, 6308976.00, 6093975.00, 4921280.00, 24, 11630
116, 6239802.00, 6153128.00, 4895405.00, 24, 11733
117, 6104937.00, 6163208.00, 4895086.00, 24, 11836
118, 6060952.00, 6204197.00, 4964341.00, 24, 11939
119, 6174125.00, 6301009.00, 5000977.00, 24, 12042
120, 6265993.00, 6333005.00, 4794307.00, 24, 12145
121, 6228585.00, 6218518.00, 4662798.00, 24, 12248
122, 6127492.00, 6153875.00, 4562428.00, 24, 12351
123, 6008395.00, 6099728.00, 4548402.00, 24, 12454
124, 5930592.00, 6043910.00, 4569102.00, 24, 12557
125, 5941413.00, 6036082.00, 4569618.00, 24, 12660
126, 5989416.00, 6065345.00, 4612776.00, 24, 12762
127, 6020719.00, 6069493.00, 4707935.00, 24, 12865
128, 6057650.00, 6092056.00, 4663822.00, 24, 12968
129, 6095387.00, 6134956.00, 4569477.00, 24, 13071
130, 6101513.00, 6113468.00, 4610473.00, 24, 13174
131, 6094830.00, 6068504.00, 4663300.00, 24, 13277
132, 6070564.00, 6057032.00, 4626826.00, 24, 13380
133, 6041033.00, 6062345.00, 4557526.00, 24, 13483
134, 6044427.00, 6065833.00, 4506011.00, 24, 13586
135, 6106002.00, 6085192.00, 4519514.00, 24, 13689
136, 6167338.00, 6123773.00, 4585233.00, 24, 13792
137, 6182426.00, 6156656.00, 4662816.00, 24, 13895
138, 6180944.00, 6168714.00, 4693108.00, 24, 13998
139, 6177565.00, 6170674.00, 4698058.00, 24, 14100
140, 6162973.00, 6169124.00, 4661866.00, 24, 14203
141, 6139005.00, 6142262.00, 4588660.00, 24, 14306
142, 6127384.00, 6110439.00, 4531517.00, 24, 14409
143, 6135579.00, 6109799.00, 4524133.00, 24, 14512
144, 6153592.00, 6115116.00, 4538364.00, 24, 14615
145, 6162334.00, 6099021.00, 4557518.00, 24, 14718
146, 6144017.00, 6047147.00, 4597643.00, 24, 14821
147, 6121818.00, 6002825.00, 4668052.00, 24, 14924
148, 6102205.00, 5985454.00, 4724221.00, 24, 15027
149, 6075310.00, 5975213.00, 4729203.00, 24, 15130
150, 6051580.00, 5969298.00, 4712822.00, 24, 15233
151, 6032089.00, 5974897.00, 4623252.00, 24, 15336
152, 6026387.00, 5987843.00, 4567437.00, 24, 15438
153, 6027036.00, 6001644.00, 4530662.00, 24, 15541
BASELINE Time: 10:55:40
RECORDING Time: 10:55:48
1, 6096424.00, 5993152.00, 4734968.00, 24, 0
2, 6094563.00, 6000598.00, 4726423.00, 24, 0
3, 6086449.00, 6007039.00, 4696172.00, 24, 103
4, 6084963.00, 6010080.00, 4688990.00, 24, 206
5, 6082988.00, 6005254.00, 4686761.00, 24, 309
6, 6074918.00, 5980926.00, 4700281.00, 24, 412
7, 6062233.00, 5956972.00, 4732978.00, 24, 515
8, 6066772.00, 5954684.00, 4747840.00, 24, 618
9, 6087718.00, 5960648.00, 4763907.00, 24, 721
10, 6114670.00, 5988682.00, 4739418.00, 24, 824
11, 6132614.00, 6038338.00, 4667865.00, 24, 926
12, 6135956.00, 6085577.00, 4599161.00, 24, 1029
13, 6129723.00, 6107153.00, 4583593.00, 24, 1132
14, 6130390.00, 6136542.00, 4537824.00, 24, 1235
15, 6122815.00, 6226790.00, 4395196.00, 24, 1338
16, 6079035.00, 6365671.00, 4196805.00, 24, 1441
17, 6037541.00, 6478727.00, 4071573.00, 24, 1544
18, 5979911.00, 6517345.00, 4029049.00, 24, 1647
19, 5900903.00, 6500447.00, 4001345.00, 24, 1750
20, 5847285.00, 6459288.00, 3970381.00, 24, 1853
21, 5818545.00, 6425695.00, 3961555.00, 24, 1956
22, 5791475.00, 6414429.00, 3929894.00, 24, 2059
23, 5769932.00, 6414430.00, 3814227.00, 24, 2161
24, 5742972.00, 6410345.00, 3789192.00, 24, 2264
25, 5710899.00, 6402299.00, 3785410.00, 24, 2367
26, 5676319.00, 6383126.00, 3793543.00, 24, 2470
27, 5649078.00, 6357302.00, 3813932.00, 24, 2573
28, 5607740.00, 6328874.00, 3824128.00, 24, 2676
29, 5550082.00, 6296651.00, 3810861.00, 24, 2779
30, 5516659.00, 6271987.00, 3805461.00, 24, 2882
31, 5534253.00, 6276265.00, 3797661.00, 24, 2985
32, 5579151.00, 6316605.00, 3739014.00, 24, 3088
33, 5577467.00, 6329275.00, 3658366.00, 24, 3191
34, 5570709.00, 6354071.00, 3586815.00, 24, 3294
35, 5537147.00, 6363569.00, 3528956.00, 24, 3397
36, 5504525.00, 6364619.00, 3459106.00, 24, 3500
37, 5495611.00, 6389516.00, 3273042.00, 24, 3602
38, 5534112.00, 6450105.00, 3263098.00, 24, 3705
39, 5589440.00, 6401686.00, 3510777.00, 24, 3808
40, 5614116.00, 6187680.00, 3838881.00, 24, 3911
41, 5611789.00, 6006394.00, 4047924.00, 24, 4014
42, 5575235.00, 5884536.00, 4188308.00, 24, 4117
43, 5536162.00, 5787775.00, 4272474.00, 24, 4220
44, 5506455.00, 5736296.00, 4315328.00, 24, 4323
45, 5494382.00, 5720985.00, 4332279.00, 24, 4426
46, 5496611.00, 5731766.00, 4344115.00, 24, 4529
47, 5501400.00, 5735366.00, 4380137.00, 24, 4632
48, 5506845.00, 5738045.00, 4411221.00, 24, 4735
49, 5514444.00, 5744666.00, 4437416.00, 24, 4838
50, 5520384.00, 5742408.00, 4453262.00, 24, 4941
51, 5531663.00, 5728800.00, 4487446.00, 24, 5044
52, 5537740.00, 5713171.00, 4519225.00, 24, 5146
53, 5539074.00, 5668906.00, 4578276.00, 24, 5249
54, 5541116.00, 5614485.00, 4635827.00, 24, 5352
55, 5539012.00, 5609600.00, 4612343.00, 24, 5455
56, 5540543.00, 5603757.00, 4598648.00, 24, 5558
57, 5549064.00, 5551268.00, 4686184.00, 24, 5661
58, 5549215.00, 5519782.00, 4764084.00, 24, 5764
59, 5541504.00, 5521263.00, 4774348.00, 24, 5867
60, 5538895.00, 5528510.00, 4770298.00, 24, 5970
61, 5540878.00, 5532009.00, 4782157.00, 24, 6073
62, 5544788.00, 5529226.00, 4800328.00, 24, 6176
63, 5551959.00, 5517963.00, 4829752.00, 24, 6279
64, 5562240.00, 5502534.00, 4875777.00, 24, 6382
65, 5576309.00, 5486643.00, 4978827.00, 24, 6485
66, 5583957.00, 5480493.00, 4984958.00, 24, 6588
67, 5585894.00, 5485415.00, 4983279.00, 24, 6690
68, 5587415.00, 5483219.00, 5003121.00, 24, 6793
69, 5587383.00, 5473646.00, 5024147.00, 24, 6896
70, 5585145.00, 5471455.00, 5022457.00, 24, 6999
71, 5584211.00, 5475644.00, 5019449.00, 24, 7102
72, 5583117.00, 5475005.00, 5022993.00, 24, 7205
73, 5578008.00, 5474485.00, 5015248.00, 24, 7308
74, 5564393.00, 5482067.00, 4983725.00, 24, 7411
75, 5551503.00, 5495382.00, 4939731.00, 24, 7514
76, 5547739.00, 5503310.00, 4923331.00, 24, 7617
77, 5548084.00, 5507033.00, 4917387.00, 24, 7720
78, 5550954.00, 5507417.00, 4913519.00, 24, 7823
79, 5555916.00, 5505034.00, 4927731.00, 24, 7926
80, 5565920.00, 5498765.00, 4946267.00, 24, 8029
81, 5575016.00, 5499237.00, 4945819.00, 24, 8131
82, 5578703.00, 5507916.00, 4929974.00, 24, 8234
83, 5579795.00, 5516363.00, 4914056.00, 24, 8337
84, 5579826.00, 5521264.00, 4902922.00, 24, 8440
85, 5580750.00, 5520289.00, 4902907.00, 24, 8543
86, 5581542.00, 5518130.00, 4905512.00, 24, 8646
87, 5581000.00, 5520398.00, 4899026.00, 24, 8749
88, 5580817.00, 5524257.00, 4889162.00, 24, 8852
89, 5581248.00, 5526203.00, 4884782.00, 24, 8955
90, 5581551.00, 5526272.00, 4885193.00, 24, 9058
91, 5581053.00, 5526034.00, 4886721.00, 24, 9161
92, 5580994.00, 5524507.00, 4888872.00, 24, 9264
93, 5581830.00, 5519750.00, 4906607.00, 24, 9367
94, 5582121.00, 5514962.00, 4912290.00, 24, 9470
95, 5579312.00, 5513717.00, 4902244.00, 24, 9572
96, 5575043.00, 5520256.00, 4885583.00, 24, 9675
97, 5573939.00, 5523707.00, 4894393.00, 24, 9778
98, 5574618.00, 5513829.00, 4916568.00, 24, 9881
99, 5581660.00, 5500961.00, 4948350.00, 24, 9984
100, 5583040.00, 5484372.00, 4960791.00, 24, 10087
101, 5588414.00, 5491918.00, 4919759.00, 24, 10190
102, 5608641.00, 5511980.00, 4899986.00, 24, 10293
103, 5618045.00, 5582775.00, 4855852.00, 24, 10396
104, 5632165.00, 5660825.00, 4696327.00, 24, 10499
105, 5659295.00, 5742688.00, 4561827.00, 24, 10602
106, 5643572.00, 5835686.00, 4396811.00, 24, 10705
107, 5642653.00, 5873047.00, 4192599.00, 24, 10808
108, 5669771.00, 5873318.00, 4226429.00, 24, 10910
109, 5684959.00, 5916751.00, 4145378.00, 24, 11013
110, 5678883.00, 6018495.00, 4020043.00, 24, 11116
111, 5692140.00, 6117755.00, 3980203.00, 24, 11219
112, 5684235.00, 6146076.00, 3973868.00, 24, 11322
113, 5686109.00, 6151098.00, 3938055.00, 24, 11425
114, 5753041.00, 6179078.00, 3902738.00, 24, 11528
115, 5833849.00, 6214691.00, 3907741.00, 24, 11631
116, 5881021.00, 6216744.00, 3961604.00, 24, 11734
117, 5906155.00, 6199898.00, 4038814.00, 24, 11837
118, 5903069.00, 6187056.00, 4090961.00, 24, 11940
119, 5885635.00, 6167358.00, 4106054.00, 24, 12043
120, 5854016.00, 6142331.00, 4116019.00, 24, 12146
121, 5829280.00, 6140252.00, 4055089.00, 24, 12249
122, 5799036.00, 6152660.00, 3988886.00, 24, 12351
123, 5769688.00, 6174094.00, 3965651.00, 24, 12454
124, 5746724.00, 6148681.00, 3963437.00, 24, 12557
125, 5714391.00, 6129964.00, 3877335.00, 24, 12660
126, 5689778.00, 6143611.00, 3766772.00, 24, 12763
127, 5700582.00, 6161259.00, 3742542.00, 24, 12866
128, 5734312.00, 6155252.00, 3802637.00, 24, 12969
129, 5753784.00, 6124683.00, 3848512.00, 24, 13072
130, 5757952.00, 6111506.00, 3861083.00, 24, 13175
131, 5779274.00, 6088066.00, 3889979.00, 24, 13278
132, 5827039.00, 6060087.00, 3957575.00, 24, 13381
133, 5852061.00, 6036900.00, 4048742.00, 24, 13484
134, 5833294.00, 6034631.00, 4091413.00, 24, 13587
135, 5814817.00, 6042694.00, 4026254.00, 24, 13689
136, 5800313.00, 6062556.00, 3958094.00, 24, 13792
137, 5783217.00, 6088756.00, 3896210.00, 24, 13895
138, 5766714.00, 6100041.00, 3868388.00, 24, 13998
139, 5754628.00, 6088665.00, 3885070.00, 24, 14101
140, 5748989.00, 6062565.00, 3935686.00, 24, 14204
141, 5758035.00, 6043845.00, 3966576.00, 24, 14307
142, 5786319.00, 6049244.00, 3970692.00, 24, 14410
143, 5799395.00, 6084333.00, 3932894.00, 24, 14513
144, 5807346.00, 6108268.00, 3890729.00, 24, 14616
145, 5814737.00, 6103333.00, 3894764.00, 24, 14719
146, 5801289.00, 6098247.00, 3893862.00, 24, 14822
147, 5796990.00, 6107934.00, 3849619.00, 24, 14925
148, 5818012.00, 6101953.00, 3854975.00, 24, 15028
149, 5820124.00, 6080418.00, 3938163.00, 24, 15131
150, 5804439.00, 6072600.00, 3936002.00, 24, 15233
151, 5812723.00, 6059360.00, 3987362.00, 24, 15336
152, 5829107.00, 6035550.00, 4038551.00, 24, 15439
153, 5836988.00, 6023007.00, 4050831.00, 24, 15542
154, 5843317.00, 6023523.00, 4057033.00, 24, 15645
155, 5835237.00, 6026462.00, 4046735.00, 24, 15748
156, 5808848.00, 6035903.00, 4003010.00, 24, 15851
157, 5792653.00, 6037399.00, 3964108.00, 24, 15954
158, 5791868.00, 6031521.00, 3966099.00, 24, 16057
159, 5806595.00, 6021195.00, 4010770.00, 24, 16160
160, 5827459.00, 6017184.00, 4066104.00, 24, 16263
161, 5843228.00, 6021617.00, 4094574.00, 24, 16366
162, 5850783.00, 6024913.00, 4086536.00, 24, 16469
163, 5860846.00, 6025276.00, 4137988.00, 24, 16571
164, 5881936.00, 6021495.00, 4174168.00, 24, 16674
165, 5910643.00, 6023815.00, 4194213.00, 24, 16777
166, 5933144.00, 6029768.00, 4206335.00, 24, 16880
167, 5934182.00, 6035003.00, 4200753.00, 24, 16983
168, 5920263.00, 6040970.00, 4170635.00, 24, 17086
169, 5910691.00, 6046296.00, 4145934.00, 24, 17189
170, 5906663.00, 6041863.00, 4151615.00, 24, 17292
171, 5896274.00, 6034317.00, 4155571.00, 24, 17395
172, 5887633.00, 6031269.00, 4145274.00, 24, 17498
173, 5886482.00, 6020324.00, 4160559.00, 24, 17601
174, 5880672.00, 6011962.00, 4174081.00, 24, 17703
175, 5870750.00, 6018518.00, 4149662.00, 24, 17806
176, 5862744.00, 6023208.00, 4116682.00, 24, 17909
177, 5855861.00, 6023699.00, 4071721.00, 24, 18012
178, 5847794.00, 6026173.00, 4070363.00, 24, 18115
179, 5835166.00, 6023272.00, 4070728.00, 24, 18218
180, 5830750.00, 6019926.00, 4078897.00, 24, 18321
181, 5829065.00, 6010075.00, 4092743.00, 24, 18424
182, 5820472.00, 6007490.00, 4091699.00, 24, 18527
183, 5816374.00, 6002129.00, 4085219.00, 25, 18630
184, 5814764.00, 6002340.00, 4078319.00, 25, 18733
185, 5811441.00, 6005494.00, 4072907.00, 25, 18836
186, 5805767.00, 6010611.00, 4065585.00, 25, 18938
187, 5798785.00, 6016641.00, 4031343.00, 25, 19041
188, 5800975.00, 6015808.00, 4002393.00, 25, 19144
189, 5811907.00, 6008407.00, 4023194.00, 25, 19247
190, 5811735.00, 6005872.00, 4042881.00, 25, 19350
191, 5795217.00, 6011358.00, 4054504.00, 25, 19453
192, 5778568.00, 6013619.00, 4076674.00, 25, 19556
193, 5760485.00, 6011140.00, 4095449.00, 25, 19659
194, 5761750.00, 6008607.00, 4115513.00, 25, 19762
195, 5762901.00, 6007423.00, 4127148.00, 25, 19865
196, 5768309.00, 6003431.00, 4146170.00, 25, 19968
197, 5770944.00, 6002506.00, 4161098.00, 25, 20071
198, 5765144.00, 6005825.00, 4160139.00, 25, 20174
199, 5756303.00, 6008174.00, 4145865.00, 25, 20276
200, 5746121.00, 6011883.00, 4120730.00, 25, 20379
201, 5738854.00, 6019148.00, 4090130.00, 25, 20482
202, 5731671.00, 6027693.00, 4062288.00, 25, 20585
203, 5726441.00, 6037668.00, 4036294.00, 25, 20688
204, 5723043.00, 6040516.00, 4016719.00, 25, 20791
205, 5722602.00, 6035085.00, 4001783.00, 25, 20894
206, 5728563.00, 6022433.00, 4036414.00, 25, 20997
207, 5740033.00, 6006510.00, 4072635.00, 25, 21100
208, 5750276.00, 6001688.00, 4094075.00, 25, 21203
RECORDING Time: 10:56:9
BASELINE Time: 10:56:15
1, 5728867.00, 5981687.00, 4153472.00, 25, 0
2, 5701353.00, 5984130.00, 4159419.00, 25, 0
3, 5688262.00, 5984358.00, 4167039.00, 25, 103
4, 5685379.00, 5980161.00, 4181878.00, 25, 206
5, 5682769.00, 5977300.00, 4184622.00, 25, 309
6, 5686327.00, 5977754.00, 4185441.00, 25, 412
7, 5699678.00, 5979284.00, 4205325.00, 25, 515
8, 5711584.00, 5981227.00, 4237800.00, 25, 618
9, 5724088.00, 5980326.00, 4259375.00, 25, 721
10, 5733234.00, 5979829.00, 4276660.00, 25, 824
11, 5740297.00, 5988331.00, 4274110.00, 25, 927
12, 5746812.00, 5999747.00, 4273244.00, 25, 1030
13, 5746277.00, 5995794.00, 4278792.00, 25, 1133
14, 5737829.00, 5996351.00, 4267191.00, 25, 1236
15, 5730072.00, 6012271.00, 4231949.00, 25, 1338
16, 5722608.00, 6040859.00, 4172172.00, 25, 1441
17, 5714952.00, 6048081.00, 4141293.00, 25, 1544
18, 5707036.00, 6043099.00, 4144313.00, 25, 1647
19, 5696513.00, 6052180.00, 4124373.00, 25, 1750
20, 5684401.00, 6052304.00, 4114172.00, 25, 1853
21, 5673711.00, 6036950.00, 4127145.00, 25, 1956
22, 5672364.00, 6019040.00, 4144353.00, 25, 2059
23, 5677663.00, 6001130.00, 4171152.00, 25, 2162
24, 5685842.00, 5988726.00, 4200420.00, 25, 2265
25, 5695996.00, 5984337.00, 4221849.00, 25, 2368
26, 5706783.00, 5986830.00, 4241800.00, 25, 2471
27, 5713196.00, 5994501.00, 4231667.00, 25, 2574
28, 5712097.00, 6006264.00, 4209156.00, 25, 2677
29, 5710599.00, 6015851.00, 4195084.00, 25, 2779
30, 5714932.00, 6015190.00, 4212105.00, 25, 2882
31, 5718851.00, 6000351.00, 4249230.00, 25, 2985
32, 5719131.00, 5980226.00, 4281762.00, 25, 3088
33, 5719899.00, 5963122.00, 4301217.00, 25, 3191
34, 5729596.00, 5946268.00, 4322978.00, 25, 3294
35, 5735728.00, 5951756.00, 4288884.00, 25, 3397
36, 5732050.00, 6016929.00, 4176491.00, 25, 3500
37, 5732026.00, 6049555.00, 4175029.00, 25, 3603
38, 5732811.00, 6105942.00, 4173635.00, 25, 3706
39, 5736517.00, 6146385.00, 4109818.00, 25, 3809
40, 5725422.00, 6190385.00, 3946153.00, 25, 3912
41, 5706325.00, 6235524.00, 3848494.00, 25, 4015
42, 5680047.00, 6258434.00, 3773924.00, 25, 4117
43, 5658475.00, 6259888.00, 3731518.00, 25, 4220
44, 5655758.00, 6256008.00, 3719860.00, 25, 4323
45, 5663748.00, 6243051.00, 3733543.00, 25, 4426
46, 5673096.00, 6212701.00, 3775578.00, 25, 4529
47, 5683619.00, 6167274.00, 3839917.00, 25, 4632
48, 5697908.00, 6124854.00, 3912071.00, 25, 4735
49, 5707123.00, 6087270.00, 3981372.00, 25, 4838
50, 5720173.00, 6051208.00, 4055043.00, 25, 4941
51, 5745263.00, 6036980.00, 4120515.00, 25, 5044
52, 5765714.00, 6052150.00, 4154620.00, 25, 5147
53, 5776683.00, 6076879.00, 4165414.00, 25, 5250
54, 5800296.00, 6084812.00, 4236950.00, 25, 5352
55, 5804880.00, 6138012.00, 4149824.00, 25, 5455
56, 5777507.00, 6240951.00, 4067234.00, 25, 5558
57, 5756259.00, 6288281.00, 4067640.00, 25, 5661
58, 5737332.00, 6286460.00, 4062032.00, 25, 5764
59, 5721499.00, 6285951.00, 4045647.00, 25, 5867
60, 5712813.00, 6283906.00, 4039670.00, 25, 5970
61, 5701311.00, 6273269.00, 4077060.00, 25, 6073
62, 5693008.00, 6236702.00, 4121830.00, 25, 6176
63, 5698017.00, 6221648.00, 4114231.00, 25, 6279
64, 5706308.00, 6225194.00, 4089626.00, 25, 6382
65, 5710781.00, 6203893.00, 4100908.00, 25, 6485
66, 5709238.00, 6206981.00, 4120486.00, 25, 6587
67, 5703564.00, 6207034.00, 4125969.00, 25, 6690
68, 5696387.00, 6202550.00, 4138216.00, 25, 6793
69, 5693445.00, 6195632.00, 4148925.00, 25, 6896
70, 5689483.00, 6196575.00, 4147911.00, 25, 6999
71, 5683228.00, 6201212.00, 4139342.00, 25, 7102
72, 5682941.00, 6202081.00, 4146649.00, 25, 7205
73, 5686152.00, 6195045.00, 4162593.00, 25, 7308
74, 5691763.00, 6186511.00, 4173416.00, 25, 7411
75, 5697779.00, 6182258.00, 4175181.00, 25, 7514
76, 5700113.00, 6176232.00, 4176243.00, 25, 7617
77, 5703811.00, 6168462.00, 4179300.00, 25, 7719
78, 5707024.00, 6151110.00, 4190910.00, 25, 7822
79, 5697654.00, 6127821.00, 4215038.00, 25, 7925
80, 5695059.00, 6115579.00, 4238201.00, 25, 8028
81, 5693220.00, 6117477.00, 4242627.00, 25, 8131
82, 5693248.00, 6128669.00, 4214128.00, 25, 8234
83, 5696236.00, 6135304.00, 4199156.00, 25, 8337
84, 5700458.00, 6147124.00, 4180946.00, 25, 8440
85, 5699619.00, 6159655.00, 4158622.00, 25, 8543
86, 5693828.00, 6173904.00, 4143635.00, 25, 8646
87, 5687813.00, 6177692.00, 4143466.00, 25, 8749
88, 5684038.00, 6174399.00, 4148153.00, 25, 8852
89, 5680694.00, 6170430.00, 4156760.00, 25, 8954
90, 5679139.00, 6162371.00, 4174769.00, 25, 9057
91, 5675342.00, 6143328.00, 4188636.00, 25, 9160
92, 5671748.00, 6134955.00, 4202596.00, 25, 9263
93, 5670182.00, 6126459.00, 4213994.00, 25, 9366
94, 5668015.00, 6119272.00, 4228524.00, 25, 9469
95, 5665280.00, 6118006.00, 4235869.00, 25, 9572
96, 5662662.00, 6117044.00, 4236464.00, 25, 9675
97, 5660864.00, 6112095.00, 4247673.00, 25, 9778
98, 5658339.00, 6109407.00, 4250085.00, 25, 9881
99, 5656416.00, 6111761.00, 4244605.00, 25, 9984
100, 5655930.00, 6116563.00, 4235250.00, 25, 10087
101, 5659872.00, 6124727.00, 4225392.00, 25, 10189
102, 5664773.00, 6131264.00, 4219753.00, 25, 10292
103, 5666819.00, 6133971.00, 4219675.00, 25, 10395
104, 5666633.00, 6131905.00, 4224786.00, 25, 10498
105, 5667471.00, 6125081.00, 4236099.00, 25, 10601
106, 5666468.00, 6110607.00, 4257990.00, 25, 10704
107, 5666116.00, 6088724.00, 4290541.00, 25, 10807
108, 5664276.00, 6070849.00, 4316935.00, 25, 10910
109, 5658663.00, 6071923.00, 4314835.00, 25, 11013
110, 5654850.00, 6088880.00, 4287560.00, 25, 11116
111, 5651604.00, 6102223.00, 4243351.00, 25, 11219
112, 5652522.00, 6112972.00, 4230054.00, 25, 11322
113, 5659844.00, 6121455.00, 4218450.00, 25, 11424
114, 5662254.00, 6133332.00, 4208644.00, 25, 11527
115, 5657212.00, 6139503.00, 4202362.00, 25, 11630
116, 5650266.00, 6140650.00, 4196477.00, 25, 11733
117, 5650406.00, 6117315.00, 4215974.00, 25, 11836
118, 5660639.00, 6091204.00, 4265585.00, 25, 11939
119, 5668139.00, 6078559.00, 4298211.00, 25, 12042
120, 5672072.00, 6075815.00, 4306797.00, 25, 12145
121, 5676268.00, 6079793.00, 4307730.00, 25, 12248
122, 5678779.00, 6090880.00, 4301278.00, 25, 12351
123, 5681767.00, 6087981.00, 4298108.00, 25, 12454
124, 5686827.00, 6080342.00, 4314880.00, 25, 12556
125, 5686276.00, 6076310.00, 4341047.00, 25, 12659
126, 5682983.00, 6074031.00, 4372708.00, 25, 12762
127, 5683436.00, 6068229.00, 4429688.00, 25, 12865
128, 5687197.00, 6052650.00, 4481624.00, 25, 12968
129, 5684895.00, 6032642.00, 4513746.00, 25, 13071
130, 5680963.00, 6010794.00, 4542975.00, 25, 13174
131, 5682009.00, 5997061.00, 4572470.00, 25, 13277
132, 5699746.00, 5994098.00, 4599087.00, 25, 13380
133, 5727657.00, 5984360.00, 4648317.00, 25, 13483
134, 5766959.00, 5962667.00, 4733693.00, 25, 13586
135, 5842003.00, 5909294.00, 4912200.00, 25, 13689
136, 5913691.00, 5845922.00, 5112639.00, 25, 13791
137, 5943772.00, 5820099.00, 5176941.00, 25, 13894
138, 5957721.00, 5809752.00, 5151985.00, 25, 13997
139, 5992338.00, 5813987.00, 5144549.00, 25, 14100
140, 6073079.00, 5838082.00, 5253059.00, 25, 14203
141, 6084658.00, 5913487.00, 5256336.00, 25, 14306
142, 6043789.00, 5983516.00, 5211313.00, 25, 14409
143, 5979149.00, 5975713.00, 5032000.00, 25, 14512
144, 5906195.00, 6058915.00, 4786960.00, 25, 14615
145, 5917894.00, 6023737.00, 4739069.00, 25, 14718
146, 5975322.00, 5964787.00, 4863761.00, 25, 14821
147, 6036919.00, 5951822.00, 5009196.00, 25, 14924
148, 6086596.00, 5969054.00, 5105075.00, 25, 15026
149, 6103928.00, 5980616.00, 5150909.00, 25, 15129
BASELINE Time: 10:56:29
RECORDING Time: 10:56:30
1, 6028956.00, 6048442.00, 4878846.00, 25, 0
2, 6020846.00, 6049740.00, 4871620.00, 25, 0
3, 6017033.00, 6045355.00, 4876319.00, 25, 103
4, 6013246.00, 6042664.00, 4874624.00, 25, 206
5, 6008689.00, 6046680.00, 4855865.00, 25, 309
6, 6009971.00, 6011022.00, 4917284.00, 25, 412
7, 6015785.00, 5965436.00, 5013276.00, 25, 514
8, 6017781.00, 5953871.00, 5044631.00, 25, 617
9, 6016349.00, 5965608.00, 5025213.00, 25, 720
10, 6018684.00, 5978460.00, 5004538.00, 25, 823
11, 6025299.00, 5989722.00, 4998326.00, 25, 926
12, 6032617.00, 6017936.00, 4945546.00, 25, 1029
13, 6033821.00, 6060936.00, 4850619.00, 25, 1132
14, 6000147.00, 6125311.00, 4716326.00, 25, 1235
15, 5919241.00, 6226408.00, 4538419.00, 25, 1338
16, 5833415.00, 6314365.00, 4355343.00, 25, 1441
17, 5780345.00, 6350794.00, 4263843.00, 25, 1544
18, 5753885.00, 6369148.00, 4203565.00, 25, 1647
19, 5749084.00, 6353297.00, 4215427.00, 25, 1750
20, 5733945.00, 6349205.00, 4176236.00, 25, 1853
21, 5724048.00, 6376571.00, 4106102.00, 25, 1956
22, 5708325.00, 6399079.00, 4082780.00, 25, 2058
23, 5679935.00, 6391991.00, 4088721.00, 25, 2161
24, 5649556.00, 6385268.00, 4095609.00, 25, 2264
25, 5621836.00, 6372828.00, 4112717.00, 25, 2367
26, 5614237.00, 6350480.00, 4133608.00, 25, 2470
27, 5601157.00, 6352146.00, 4126945.00, 25, 2573
28, 5580745.00, 6362448.00, 4110430.00, 25, 2676
29, 5601013.00, 6358532.00, 4107798.00, 25, 2779
30, 5635641.00, 6346758.00, 4135620.00, 25, 2882
31, 5659921.00, 6330291.00, 4164938.00, 25, 2985
32, 5659603.00, 6325118.00, 4175429.00, 25, 3088
33, 5652640.00, 6334038.00, 4165356.00, 25, 3191
34, 5653061.00, 6333704.00, 4137491.00, 25, 3293
35, 5654730.00, 6334001.00, 4126556.00, 25, 3396
36, 5658198.00, 6331131.00, 4125951.00, 25, 3499
37, 5654809.00, 6312037.00, 4148262.00, 25, 3602
38, 5642481.00, 6277960.00, 4188376.00, 25, 3705
39, 5634772.00, 6247645.00, 4222472.00, 25, 3808
40, 5637450.00, 6247019.00, 4217938.00, 25, 3911
41, 5638231.00, 6247663.00, 4212670.00, 25, 4014
42, 5635711.00, 6240620.00, 4227465.00, 25, 4117
43, 5632587.00, 6239438.00, 4229484.00, 25, 4220
44, 5629294.00, 6241840.00, 4228759.00, 25, 4323
45, 5612383.00, 6255150.00, 4214192.00, 25, 4426
46, 5597168.00, 6280304.00, 4179915.00, 25, 4528
47, 5593379.00, 6322456.00, 4124269.00, 25, 4631
48, 5551705.00, 6359295.00, 4046033.00, 25, 4734
49, 5480880.00, 6341143.00, 4100289.00, 25, 4837
50, 5440379.00, 6284426.00, 4173287.00, 25, 4940
51, 5434874.00, 6244191.00, 4194938.00, 25, 5043
52, 5459346.00, 6239417.00, 4182400.00, 25, 5146
53, 5474813.00, 6234499.00, 4189723.00, 25, 5249
54, 5479013.00, 6230495.00, 4187659.00, 25, 5352
55, 5481375.00, 6233616.00, 4185443.00, 25, 5455
56, 5521267.00, 6244467.00, 4180307.00, 25, 5558
57, 5638471.00, 6274535.00, 4179177.00, 25, 5661
58, 5703141.00, 6285852.00, 4218457.00, 25, 5763
59, 5709398.00, 6143083.00, 4312869.00, 25, 5866
60, 5690509.00, 6149543.00, 4399960.00, 25, 5969
61, 5586391.00, 6213316.00, 4335273.00, 25, 6072
62, 5467044.00, 6243588.00, 3870302.00, 25, 6175
63, 5398477.00, 6269348.00, 3637542.00, 25, 6278
64, 5400293.00, 6400202.00, 3343696.00, 25, 6381
65, 5476938.00, 6562351.00, 3156673.00, 25, 6484
66, 5589245.00, 6535550.00, 3319050.00, 25, 6587
67, 5630370.00, 6332279.00, 3659766.00, 25, 6690
68, 5598997.00, 6132689.00, 3921473.00, 25, 6793
69, 5577173.00, 6020060.00, 4074897.00, 25, 6896
70, 5558677.00, 5950769.00, 4195867.00, 25, 6999
71, 5532733.00, 5890300.00, 4304594.00, 25, 7101
72, 5526361.00, 5868151.00, 4364056.00, 25, 7204
73, 5530371.00, 5879558.00, 4380776.00, 25, 7307
74, 5538039.00, 5894079.00, 4390590.00, 25, 7410
75, 5544565.00, 5897193.00, 4420581.00, 25, 7513
76, 5548000.00, 5901527.00, 4447697.00, 25, 7616
77, 5551154.00, 5895492.00, 4457188.00, 25, 7719
78, 5556045.00, 5881227.00, 4489415.00, 25, 7822
79, 5562000.00, 5838107.00, 4575401.00, 25, 7925
80, 5552163.00, 5797924.00, 4581517.00, 25, 8028
81, 5535638.00, 5807281.00, 4530946.00, 25, 8131
82, 5538085.00, 5820273.00, 4523103.00, 25, 8234
83, 5558083.00, 5805231.00, 4558840.00, 25, 8336
84, 5573171.00, 5778975.00, 4582942.00, 25, 8439
85, 5581257.00, 5776467.00, 4566295.00, 25, 8542
86, 5587295.00, 5779492.00, 4532989.00, 25, 8645
87, 5593569.00, 5774681.00, 4511135.00, 25, 8748
88, 5594539.00, 5782545.00, 4503259.00, 25, 8851
89, 5593546.00, 5800177.00, 4480505.00, 25, 8954
90, 5591576.00, 5803347.00, 4476146.00, 25, 9057
91, 5593683.00, 5782410.00, 4525275.00, 25, 9160
92, 5593233.00, 5763640.00, 4563055.00, 25, 9263
93, 5585929.00, 5763334.00, 4565461.00, 25, 9366
94, 5579768.00, 5768259.00, 4558397.00, 25, 9469
95, 5578094.00, 5782824.00, 4536073.00, 25, 9571
96, 5577106.00, 5805452.00, 4499026.00, 25, 9674
97, 5575077.00, 5827692.00, 4457756.00, 25, 9777
98, 5573458.00, 5840075.00, 4437156.00, 25, 9880
99, 5570275.00, 5842267.00, 4426797.00, 25, 9983
100, 5569594.00, 5827830.00, 4435564.00, 25, 10086
101, 5571719.00, 5807298.00, 4455223.00, 25, 10189
102, 5574772.00, 5797564.00, 4466435.00, 25, 10292
103, 5573955.00, 5795182.00, 4477552.00, 25, 10395
104, 5567682.00, 5812939.00, 4442177.00, 25, 10498
105, 5563007.00, 5827626.00, 4445149.00, 25, 10601
106, 5559082.00, 5826460.00, 4452397.00, 25, 10703
107, 5555820.00, 5818089.00, 4449125.00, 25, 10806
108, 5555190.00, 5818391.00, 4434863.00, 25, 10909
109, 5563689.00, 5820525.00, 4439090.00, 25, 11012
110, 5573926.00, 5814459.00, 4460573.00, 25, 11115
111, 5572701.00, 5812721.00, 4467098.00, 25, 11218
112, 5566512.00, 5817477.00, 4451946.00, 25, 11321
113, 5563062.00, 5821858.00, 4446843.00, 25, 11424
114, 5564302.00, 5836663.00, 4442190.00, 25, 11527
115, 5573907.00, 5847730.00, 4449610.00, 25, 11630
116, 5586789.00, 5845494.00, 4483588.00, 25, 11733
117, 5595376.00, 5839967.00, 4527806.00, 25, 11835
118, 5594055.00, 5844580.00, 4540800.00, 25, 11938
119, 5584889.00, 5852708.00, 4533536.00, 25, 12041
120, 5569187.00, 5851294.00, 4545254.00, 25, 12144
121, 5560597.00, 5840428.00, 4573900.00, 25, 12247
122, 5565318.00, 5813882.00, 4642786.00, 25, 12350
123, 5558595.00, 5777083.00, 4699931.00, 25, 12453
124, 5540296.00, 5767520.00, 4686284.00, 25, 12556
125, 5529848.00, 5803791.00, 4615936.00, 25, 12659
126, 5531031.00, 5837348.00, 4572219.00, 25, 12762
127, 5542943.00, 5850541.00, 4560807.00, 25, 12865
128, 5549453.00, 5846841.00, 4574779.00, 25, 12967
129, 5541189.00, 5847938.00, 4563140.00, 25, 13070
130, 5531014.00, 5854652.00, 4542648.00, 25, 13173
131, 5523585.00, 5861926.00, 4525881.00, 25, 13276
132, 5522834.00, 5857714.00, 4547539.00, 25, 13379
133, 5531166.00, 5840388.00, 4586843.00, 25, 13482
134, 5533503.00, 5823501.00, 4590780.00, 25, 13585
135, 5534313.00, 5820931.00, 4578229.00, 25, 13688
136, 5536341.00, 5823212.00, 4560261.00, 25, 13791
137, 5549703.00, 5827402.00, 4582161.00, 25, 13894
138, 5563671.00, 5790398.00, 4628527.00, 25, 13997
139, 5578326.00, 5773827.00, 4665451.00, 25, 14099
140, 5588605.00, 5780292.00, 4679733.00, 25, 14202
141, 5582547.00, 5812260.00, 4635925.00, 25, 14305
142, 5575388.00, 5835459.00, 4583204.00, 25, 14408
143, 5573914.00, 5841595.00, 4576253.00, 25, 14511
144, 5572574.00, 5841113.00, 4593308.00, 25, 14614
145, 5556674.00, 5852836.00, 4599927.00, 25, 14717
146, 5533626.00, 5875192.00, 4553594.00, 25, 14820
147, 5518273.00, 5877917.00, 4494063.00, 25, 14923
148, 5519205.00, 5872156.00, 4495708.00, 25, 15026
149, 5529487.00, 5875691.00, 4494290.00, 25, 15129
150, 5521612.00, 5888964.00, 4438197.00, 25, 15231
151, 5508260.00, 5925782.00, 4314364.00, 25, 15334
152, 5509236.00, 5984304.00, 4178157.00, 25, 15437
153, 5520198.00, 6032977.00, 4089159.00, 25, 15540
154, 5523607.00, 6073505.00, 4033561.00, 25, 15643
155, 5527573.00, 6137704.00, 3948348.00, 25, 15746
156, 5538873.00, 6203394.00, 3848480.00, 25, 15849
157, 5563022.00, 6275633.00, 3745927.00, 25, 15952
158, 5593296.00, 6297113.00, 3741777.00, 25, 16055
159, 5620300.00, 6260513.00, 3807249.00, 25, 16158
160, 5663288.00, 6208946.00, 3879534.00, 25, 16260
161, 5696430.00, 6181916.00, 3893822.00, 25, 16363
162, 5697375.00, 6206251.00, 3833783.00, 25, 16466
163, 5696033.00, 6246678.00, 3814848.00, 25, 16569
164, 5710570.00, 6262971.00, 3807006.00, 25, 16672
165, 5731880.00, 6260657.00, 3823044.00, 25, 16775
166, 5732760.00, 6249250.00, 3842887.00, 25, 16878
167, 5730858.00, 6210870.00, 3898973.00, 25, 16981
168, 5735914.00, 6177304.00, 3981835.00, 25, 17084
169, 5725398.00, 6164821.00, 4026025.00, 25, 17187
170, 5673637.00, 6111559.00, 4078292.00, 25, 17290
171, 5606949.00, 6045169.00, 4155444.00, 25, 17392
172, 5629162.00, 6077255.00, 4146019.00, 25, 17495
173, 5645396.00, 6107500.00, 4108013.00, 25, 17598
174, 5652980.00, 6106095.00, 4113123.00, 25, 17701
175, 5659991.00, 6108370.00, 4150430.00, 25, 17804
176, 5656738.00, 6112796.00, 4149413.00, 25, 17907
177, 5658493.00, 6111921.00, 4146820.00, 25, 18010
178, 5668571.00, 6109221.00, 4138756.00, 25, 18113
179, 5678853.00, 6114969.00, 4117941.00, 25, 18216
180, 5678431.00, 6126564.00, 4089191.00, 25, 18319
181, 5672967.00, 6141089.00, 4065510.00, 25, 18422
182, 5674155.00, 6157517.00, 4053516.00, 25, 18524
183, 5679744.00, 6163009.00, 4073882.00, 25, 18627
184, 5690203.00, 6136534.00, 4140893.00, 25, 18730
185, 5693778.00, 6102023.00, 4198007.00, 25, 18833
186, 5708353.00, 6062451.00, 4232010.00, 25, 18936
187, 5727169.00, 6017443.00, 4271485.00, 25, 19039
188, 5732158.00, 5975114.00, 4310739.00, 25, 19142
189, 5717930.00, 5944658.00, 4316301.00, 25, 19245
190, 5703441.00, 5941393.00, 4292116.00, 25, 19348
191, 5700062.00, 5941425.00, 4302987.00, 25, 19451
192, 5698231.00, 5933822.00, 4315205.00, 25, 19554
193, 5692418.00, 5918152.00, 4341335.00, 25, 19657
194, 5688963.00, 5909402.00, 4363776.00, 25, 19759
195, 5697456.00, 5906545.00, 4374658.00, 25, 19862
196, 5732219.00, 5906463.00, 4383203.00, 25, 19965
197, 5781171.00, 5924391.00, 4382844.00, 25, 20068
198, 5795061.00, 5962888.00, 4342354.00, 25, 20171
199, 5786503.00, 5999861.00, 4256707.00, 25, 20274
200, 5800387.00, 6002727.00, 4230313.00, 25, 20377
201, 5806907.00, 5989416.00, 4270040.00, 25, 20480
RECORDING Time: 10:56:51
BASELINE Time: 10:56:53
1, 5813023.00, 6009430.00, 4235246.00, 25, 0
2, 5810914.00, 6005922.00, 4214837.00, 25, 0
3, 5806813.00, 6001492.00, 4219226.00, 25, 103
4, 5803743.00, 5997124.00, 4235564.00, 25, 206
5, 5798474.00, 5994843.00, 4237940.00, 25, 309
6, 5789340.00, 5996822.00, 4217517.00, 25, 412
7, 5781354.00, 5999304.00, 4202954.00, 25, 515
8, 5778271.00, 5998341.00, 4197861.00, 25, 618
9, 5780466.00, 5992421.00, 4205734.00, 25, 721
10, 5777430.00, 5990092.00, 4204933.00, 25, 824
11, 5767770.00, 5992724.00, 4181279.00, 25, 926
12, 5757366.00, 5988747.00, 4172505.00, 25, 1029
13, 5747034.00, 5984727.00, 4170910.00, 25, 1132
14, 5742372.00, 5987714.00, 4142850.00, 25, 1235
15, 5739135.00, 5995560.00, 4120676.00, 25, 1338
16, 5734399.00, 6002086.00, 4110868.00, 25, 1441
17, 5729337.00, 6003024.00, 4110781.00, 25, 1544
18, 5728675.00, 5994981.00, 4130092.00, 25, 1647
19, 5737799.00, 5976437.00, 4174792.00, 25, 1750
20, 5743380.00, 5946298.00, 4245218.00, 25, 1853
21, 5736172.00, 5910061.00, 4306326.00, 25, 1956
22, 5729688.00, 5888315.00, 4340906.00, 25, 2059
23, 5735755.00, 5900382.00, 4342083.00, 25, 2161
24, 5751225.00, 5927450.00, 4343930.00, 25, 2264
25, 5750778.00, 5992072.00, 4258433.00, 25, 2367
26, 5743446.00, 6179582.00, 4133563.00, 25, 2470
27, 5752177.00, 6270859.00, 4002571.00, 25, 2573
28, 5773178.00, 6326198.00, 3882290.00, 25, 2676
29, 5790000.00, 6353564.00, 3745054.00, 25, 2779
30, 5799214.00, 6338689.00, 3750949.00, 25, 2882
31, 5800823.00, 6335947.00, 3744381.00, 25, 2985
32, 5790441.00, 6344799.00, 3729238.00, 25, 3088
33, 5777075.00, 6320781.00, 3763644.00, 25, 3191
34, 5765187.00, 6285878.00, 3817968.00, 25, 3294
35, 5751657.00, 6264782.00, 3853230.00, 25, 3396
36, 5743846.00, 6257137.00, 3874128.00, 25, 3499
37, 5723645.00, 6267772.00, 3867175.00, 25, 3602
38, 5706688.00, 6295955.00, 3825189.00, 25, 3705
39, 5696083.00, 6314081.00, 3793951.00, 25, 3808
40, 5688173.00, 6320349.00, 3784569.00, 25, 3911
41, 5686121.00, 6315128.00, 3789269.00, 25, 4014
42, 5686513.00, 6303939.00, 3811145.00, 25, 4117
43, 5693073.00, 6301437.00, 3814320.00, 25, 4220
44, 5700859.00, 6313424.00, 3795770.00, 25, 4323
45, 5701569.00, 6335290.00, 3771686.00, 25, 4426
46, 5701961.00, 6353659.00, 3755230.00, 25, 4529
47, 5704801.00, 6361712.00, 3756207.00, 25, 4631
48, 5706235.00, 6358975.00, 3765386.00, 25, 4734
49, 5709943.00, 6348079.00, 3786491.00, 25, 4837
50, 5706899.00, 6332629.00, 3801456.00, 25, 4940
51, 5701810.00, 6330263.00, 3801521.00, 25, 5043
52, 5699404.00, 6331717.00, 3800369.00, 25, 5146
53, 5701055.00, 6344781.00, 3787770.00, 25, 5249
54, 5697948.00, 6335625.00, 3791081.00, 25, 5352
55, 5689551.00, 6322569.00, 3804257.00, 25, 5455
56, 5685976.00, 6311600.00, 3816873.00, 25, 5558
57, 5685591.00, 6307560.00, 3838252.00, 25, 5661
58, 5688433.00, 6302396.00, 3846852.00, 25, 5763
59, 5685960.00, 6296137.00, 3848105.00, 25, 5866
60, 5679801.00, 6296657.00, 3845934.00, 25, 5969
61, 5674406.00, 6292102.00, 3856477.00, 25, 6072
62, 5667620.00, 6285262.00, 3866145.00, 25, 6175
63, 5661350.00, 6272581.00, 3880789.00, 25, 6278
64, 5661065.00, 6259444.00, 3899831.00, 25, 6381
65, 5664842.00, 6250801.00, 3917458.00, 25, 6484
66, 5662826.00, 6247720.00, 3926988.00, 25, 6587
67, 5659518.00, 6252983.00, 3919064.00, 25, 6690
68, 5659342.00, 6257967.00, 3910479.00, 25, 6793
69, 5659109.00, 6253357.00, 3915899.00, 25, 6896
70, 5660820.00, 6236886.00, 3938261.00, 25, 6998
71, 5658856.00, 6224527.00, 3964936.00, 25, 7101
72, 5655492.00, 6218403.00, 3969720.00, 25, 7204
73, 5654765.00, 6215223.00, 3968025.00, 25, 7307
74, 5651820.00, 6220546.00, 3947044.00, 25, 7410
75, 5646369.00, 6234161.00, 3927580.00, 25, 7513
76, 5645271.00, 6243566.00, 3914963.00, 25, 7616
77, 5649896.00, 6250657.00, 3909652.00, 25, 7719
78, 5651768.00, 6252560.00, 3914738.00, 25, 7822
79, 5651636.00, 6243151.00, 3923018.00, 25, 7925
80, 5650555.00, 6241830.00, 3924284.00, 25, 8028
81, 5649635.00, 6241450.00, 3923635.00, 25, 8131
82, 5646109.00, 6238569.00, 3921369.00, 25, 8233
83, 5643204.00, 6238693.00, 3923277.00, 25, 8336
84, 5642804.00, 6247747.00, 3917586.00, 25, 8439
85, 5642120.00, 6252314.00, 3903417.00, 25, 8542
86, 5642899.00, 6252589.00, 3903281.00, 25, 8645
87, 5645116.00, 6254106.00, 3902502.00, 25, 8748
88, 5647258.00, 6252607.00, 3910186.00, 25, 8851
89, 5647976.00, 6249428.00, 3917858.00, 25, 8954
90, 5650560.00, 6252438.00, 3913814.00, 25, 9057
91, 5655491.00, 6259120.00, 3907666.00, 25, 9160
92, 5660941.00, 6266460.00, 3897505.00, 25, 9263
93, 5668998.00, 6271729.00, 3890587.00, 25, 9365
94, 5679268.00, 6261487.00, 3911529.00, 25, 9468
95, 5681308.00, 6248159.00, 3941811.00, 25, 9571
96, 5679410.00, 6243561.00, 3948078.00, 25, 9674
97, 5674854.00, 6238821.00, 3952299.00, 25, 9777
98, 5668507.00, 6238812.00, 3949936.00, 25, 9880
99, 5662018.00, 6242772.00, 3927424.00, 25, 9983
100, 5658443.00, 6251055.00, 3917266.00, 25, 10086
101, 5655691.00, 6260817.00, 3897373.00, 25, 10189
102, 5652771.00, 6274693.00, 3882821.00, 25, 10292
103, 5652230.00, 6279121.00, 3894056.00, 25, 10394
104, 5651963.00, 6271538.00, 3886673.00, 25, 10497
105, 5651431.00, 6298153.00, 3862522.00, 25, 10600
106, 5649373.00, 6308444.00, 3840235.00, 25, 10703
107, 5644209.00, 6304184.00, 3835796.00, 25, 10806
108, 5635933.00, 6296190.00, 3843580.00, 25, 10909
109, 5637022.00, 6291142.00, 3847606.00, 25, 11012
110, 5642847.00, 6283625.00, 3854484.00, 25, 11115
111, 5652846.00, 6283083.00, 3869232.00, 25, 11218
112, 5652970.00, 6291568.00, 3866378.00, 25, 11321
113, 5649767.00, 6279653.00, 3902211.00, 25, 11423
114, 5650507.00, 6259174.00, 3935537.00, 25, 11526
115, 5653264.00, 6247642.00, 3952341.00, 25, 11629
116, 5651264.00, 6232987.00, 3971349.00, 25, 11732
117, 5655286.00, 6206206.00, 4019188.00, 25, 11835
118, 5665748.00, 6167290.00, 4077947.00, 25, 11938
119, 5659014.00, 6146790.00, 4082971.00, 25, 12041
120, 5607965.00, 6158933.00, 3976753.00, 25, 12144
121, 5565927.00, 6160743.00, 3842648.00, 25, 12247
122, 5603390.00, 6095928.00, 3889588.00, 25, 12350
123, 5652259.00, 6012222.00, 4054366.00, 25, 12453
124, 5668434.00, 5951083.00, 4184216.00, 25, 12555
125, 5652170.00, 5970206.00, 4147173.00, 25, 12658
126, 5650171.00, 6006370.00, 4062043.00, 25, 12761
127, 5662801.00, 5966826.00, 4120615.00, 25, 12864
128, 5663264.00, 5921334.00, 4204847.00, 25, 12967
129, 5657305.00, 5910520.00, 4209833.00, 25, 13070
130, 5648664.00, 5893922.00, 4185436.00, 25, 13173
131, 5639094.00, 5912332.00, 4115323.00, 25, 13276
132, 5630654.00, 5936784.00, 4105728.00, 25, 13379
133, 5612244.00, 5925548.00, 4130431.00, 25, 13482
134, 5597280.00, 5928121.00, 4116340.00, 25, 13584
135, 5600243.00, 5914514.00, 4122503.00, 25, 13687
136, 5608257.00, 5896965.00, 4154017.00, 25, 13790
137, 5616664.00, 5882180.00, 4182529.00, 25, 13893
138, 5621900.00, 5879482.00, 4187591.00, 25, 13996
139, 5623095.00, 5895156.00, 4157975.00, 25, 14099
BASELINE Time: 10:57:7
RECORDING Time: 10:57:9
1, 5632529.00, 5926004.00, 4194009.00, 25, 0
2, 5619276.00, 5926917.00, 4159607.00, 25, 0
3, 5608549.00, 5920690.00, 4108374.00, 25, 103
4, 5606077.00, 5912473.00, 4114995.00, 25, 206
5, 5605866.00, 5907064.00, 4134004.00, 25, 309
6, 5603671.00, 5899670.00, 4143210.00, 25, 412
7, 5607708.00, 5877367.00, 4160464.00, 25, 515
8, 5625811.00, 5847279.00, 4218813.00, 25, 617
9, 5619105.00, 5838181.00, 4248169.00, 25, 720
10, 5622482.00, 5837926.00, 4223678.00, 25, 823
11, 5637846.00, 5827715.00, 4253494.00, 25, 926
12, 5642350.00, 5830483.00, 4283063.00, 25, 1029
13, 5654631.00, 5850670.00, 4276534.00, 25, 1132
14, 5677615.00, 5888609.00, 4261814.00, 25, 1235
15, 5703030.00, 5966880.00, 4161362.00, 25, 1338
16, 5724923.00, 6079914.00, 4050411.00, 25, 1441
17, 5743532.00, 6164753.00, 3947006.00, 25, 1544
18, 5757264.00, 6229566.00, 3891927.00, 25, 1647
19, 5750969.00, 6208597.00, 3957622.00, 25, 1749
20, 5723096.00, 6181688.00, 3984643.00, 25, 1852
21, 5730503.00, 6207998.00, 3949007.00, 25, 1955
22, 5723054.00, 6258864.00, 3881315.00, 25, 2058
23, 5719488.00, 6297676.00, 3820772.00, 25, 2161
24, 5719077.00, 6299278.00, 3833071.00, 25, 2264
25, 5703030.00, 6256289.00, 3912401.00, 25, 2367
26, 5673797.00, 6214523.00, 4005429.00, 25, 2470
27, 5641894.00, 6188849.00, 4017255.00, 25, 2573
28, 5645398.00, 6199416.00, 4044026.00, 25, 2676
29, 5647917.00, 6170913.00, 4122205.00, 25, 2779
30, 5629020.00, 6126732.00, 4217851.00, 25, 2881
31, 5596874.00, 6110870.00, 4267906.00, 25, 2984
32, 5569303.00, 6105780.00, 4270094.00, 25, 3087
33, 5558091.00, 6102447.00, 4258307.00, 25, 3190
34, 5491930.00, 6109303.00, 4193328.00, 25, 3293
35, 5391626.00, 6103525.00, 4147218.00, 25, 3396
36, 5337123.00, 6117224.00, 4122472.00, 25, 3499
37, 5332845.00, 6130391.00, 4115992.00, 25, 3602
38, 5329913.00, 6122023.00, 4128892.00, 25, 3705
39, 5311185.00, 6121480.00, 4116002.00, 25, 3808
40, 5300916.00, 6133402.00, 4055965.00, 25, 3911
41, 5289512.00, 6150654.00, 3904651.00, 25, 4013
42, 5300084.00, 6177300.00, 3795629.00, 25, 4116
43, 5318653.00, 6230923.00, 3706449.00, 25, 4219
44, 5304637.00, 6249947.00, 3672246.00, 25, 4322
45, 5267985.00, 6249709.00, 3645261.00, 25, 4425
46, 5226274.00, 6235968.00, 3608085.00, 25, 4528
47, 5183177.00, 6210672.00, 3573526.00, 25, 4631
48, 5158974.00, 6187844.00, 3567289.00, 25, 4734
49, 5155459.00, 6162347.00, 3597222.00, 25, 4837
50, 5137499.00, 6154825.00, 3583728.00, 25, 4940
51, 5151437.00, 6169576.00, 3504308.00, 25, 5043
52, 5209412.00, 6202733.00, 3405813.00, 25, 5146
53, 5197806.00, 6304984.00, 3290821.00, 25, 5248
54, 5230496.00, 6309478.00, 3201206.00, 25, 5351
55, 5346883.00, 6177845.00, 3617571.00, 25, 5454
56, 5452766.00, 5963886.00, 3979083.00, 25, 5557
57, 5557958.00, 5852873.00, 4184956.00, 25, 5660
58, 5667416.00, 5849525.00, 4298021.00, 25, 5763
59, 5695818.00, 5752739.00, 4521131.00, 25, 5866
60, 5654295.00, 5535749.00, 4875121.00, 25, 5969
61, 5611509.00, 5408621.00, 5053746.00, 25, 6072
62, 5571935.00, 5346580.00, 5129859.00, 25, 6175
63, 5539370.00, 5316840.00, 5184490.00, 25, 6277
64, 5519307.00, 5330358.00, 5165603.00, 25, 6380
65, 5513631.00, 5351427.00, 5114545.00, 25, 6483
66, 5515602.00, 5354350.00, 5091310.00, 25, 6586
67, 5516354.00, 5347049.00, 5095530.00, 25, 6689
68, 5511249.00, 5343720.00, 5090328.00, 25, 6792
69, 5503793.00, 5352747.00, 5004607.00, 25, 6895
70, 5505462.00, 5355693.00, 5002389.00, 25, 6998
71, 5511028.00, 5341278.00, 5017137.00, 25, 7101
72, 5515730.00, 5331997.00, 4987325.00, 25, 7204
73, 5511585.00, 5343664.00, 4913321.00, 25, 7306
74, 5510586.00, 5369019.00, 4868687.00, 25, 7409
75, 5524225.00, 5372630.00, 4906919.00, 25, 7512
76, 5529856.00, 5374173.00, 4895495.00, 25, 7615
77, 5529033.00, 5396067.00, 4861019.00, 25, 7718
78, 5527504.00, 5402891.00, 4862710.00, 25, 7821
79, 5524052.00, 5399087.00, 4877689.00, 25, 7924
80, 5521382.00, 5413621.00, 4858828.00, 25, 8027
81, 5521125.00, 5421913.00, 4845362.00, 25, 8130
82, 5520872.00, 5433449.00, 4835654.00, 25, 8233
83, 5522323.00, 5438527.00, 4831555.00, 25, 8336
84, 5520304.00, 5433025.00, 4846951.00, 25, 8438
85, 5514426.00, 5424813.00, 4851474.00, 25, 8541
86, 5507994.00, 5424416.00, 4838495.00, 25, 8644
87, 5503419.00, 5431328.00, 4817637.00, 25, 8747
88, 5504843.00, 5436308.00, 4813780.00, 25, 8850
89, 5511644.00, 5439808.00, 4830353.00, 25, 8953
90, 5518007.00, 5441611.00, 4852007.00, 25, 9056
91, 5523414.00, 5435338.00, 4882411.00, 25, 9159
92, 5530034.00, 5438232.00, 4885029.00, 25, 9262
93, 5552988.00, 5454310.00, 4855544.00, 25, 9365
94, 5585718.00, 5454472.00, 4859421.00, 25, 9467
95, 5603361.00, 5446549.00, 4891972.00, 25, 9570
96, 5610542.00, 5455220.00, 4882838.00, 25, 9673
97, 5620932.00, 5464338.00, 4812098.00, 25, 9776
98, 5633539.00, 5512215.00, 4733907.00, 25, 9879
99, 5643495.00, 5564494.00, 4730050.00, 25, 9982
100, 5644384.00, 5564798.00, 4757627.00, 25, 10085
101, 5632300.00, 5553610.00, 4756404.00, 25, 10188
102, 5616297.00, 5543753.00, 4770623.00, 25, 10291
103, 5607154.00, 5524573.00, 4791803.00, 25, 10394
104, 5605680.00, 5516649.00, 4805451.00, 25, 10496
105, 5608766.00, 5510334.00, 4844738.00, 25, 10599
106, 5613444.00, 5484495.00, 4899684.00, 25, 10702
107, 5610647.00, 5495438.00, 4902889.00, 25, 10805
108, 5599226.00, 5498197.00, 4868774.00, 25, 10908
109, 5583599.00, 5499327.00, 4849528.00, 25, 11011
110, 5563761.00, 5512161.00, 4810540.00, 25, 11114
111, 5549955.00, 5525803.00, 4703961.00, 25, 11217
112, 5539782.00, 5531431.00, 4681446.00, 25, 11320
113, 5529114.00, 5531159.00, 4672551.00, 25, 11423
114, 5524343.00, 5526820.00, 4678886.00, 25, 11526
115, 5518811.00, 5529394.00, 4666651.00, 25, 11628
116, 5511380.00, 5538327.00, 4634274.00, 25, 11731
117, 5509452.00, 5546047.00, 4615119.00, 25, 11834
118, 5512528.00, 5552981.00, 4605962.00, 25, 11937
119, 5518982.00, 5556345.00, 4607673.00, 25, 12040
120, 5524256.00, 5550638.00, 4631839.00, 25, 12143
121, 5523370.00, 5547753.00, 4641873.00, 25, 12246
122, 5521529.00, 5551148.00, 4633112.00, 25, 12349
123, 5519112.00, 5556795.00, 4619804.00, 25, 12452
124, 5518312.00, 5561724.00, 4608571.00, 25, 12555
125, 5523585.00, 5561330.00, 4607998.00, 25, 12657
126, 5538632.00, 5553323.00, 4668228.00, 25, 12760
127, 5559167.00, 5547536.00, 4689388.00, 25, 12863
128, 5570495.00, 5556144.00, 4663310.00, 25, 12966
129, 5572514.00, 5581209.00, 4624369.00, 25, 13069
130, 5569746.00, 5601592.00, 4605465.00, 25, 13172
131, 5563525.00, 5608021.00, 4586742.00, 25, 13275
132, 5562384.00, 5605944.00, 4585044.00, 25, 13378
133, 5562336.00, 5605368.00, 4589053.00, 25, 13481
134, 5562058.00, 5605067.00, 4574428.00, 25, 13584
135, 5566167.00, 5592909.00, 4562431.00, 25, 13687
136, 5571819.00, 5563770.00, 4595911.00, 25, 13789
137, 5571812.00, 5525478.00, 4658821.00, 25, 13892
138, 5565953.00, 5495800.00, 4726088.00, 25, 13995
139, 5558985.00, 5497015.00, 4765027.00, 25, 14098
140, 5553641.00, 5530897.00, 4638469.00, 25, 14201
141, 5546666.00, 5579008.00, 4540850.00, 25, 14304
142, 5554770.00, 5653319.00, 4442105.00, 25, 14407
143, 5606447.00, 5729485.00, 4426467.00, 25, 14510
144, 5619519.00, 5861373.00, 4265016.00, 25, 14613
145, 5613966.00, 5974038.00, 4077534.00, 25, 14716
146, 5646439.00, 6007912.00, 4050166.00, 25, 14819
147, 5664777.00, 5994156.00, 4103663.00, 25, 14921
148, 5675300.00, 5997910.00, 4088241.00, 25, 15024
149, 5710501.00, 6035043.00, 4022537.00, 25, 15127
150, 5763952.00, 6108546.00, 3948034.00, 25, 15230
151, 5720941.00, 6159780.00, 3918849.00, 25, 15333
152, 5610355.00, 6117560.00, 3956027.00, 25, 15436
153, 5637933.00, 6095238.00, 3951069.00, 25, 15539
154, 5729909.00, 6148834.00, 3986950.00, 25, 15642
155, 5800592.00, 6172942.00, 4103589.00, 25, 15745
156, 5843375.00, 6167392.00, 4231614.00, 25, 15848
157, 5859096.00, 6135466.00, 4348963.00, 25, 15950
158, 5834197.00, 6038537.00, 4428833.00, 25, 16053
159, 5793887.00, 5974306.00, 4478069.00, 25, 16156
160, 5763771.00, 5890463.00, 4545052.00, 25, 16259
161, 5725903.00, 5863867.00, 4539211.00, 25, 16362
162, 5689537.00, 5886345.00, 4406756.00, 25, 16465
163, 5681913.00, 5853656.00, 4350795.00, 25, 16568
164, 5654658.00, 5802123.00, 4393320.00, 25, 16671
165, 5565866.00, 5763293.00, 4354675.00, 25, 16774
166, 5506489.00, 5700777.00, 4311154.00, 25, 16877
167, 5520502.00, 5677371.00, 4328170.00, 25, 16980
168, 5567742.00, 5713525.00, 4302868.00, 25, 17082
169, 5607403.00, 5771040.00, 4290905.00, 25, 17185
170, 5618826.00, 5804177.00, 4264604.00, 25, 17288
171, 5616985.00, 5807445.00, 4260675.00, 25, 17391
172, 5610867.00, 5789967.00, 4280069.00, 25, 17494
173, 5604849.00, 5787173.00, 4255481.00, 25, 17597
174, 5610631.00, 5795923.00, 4237491.00, 25, 17700
175, 5621780.00, 5802239.00, 4236510.00, 25, 17803
176, 5628611.00, 5810190.00, 4229925.00, 25, 17906
RECORDING Time: 10:57:27
BASELINE Time: 10:57:29
1, 5610308.00, 5843812.00, 4255587.00, 25, 0
2, 5629762.00, 5852681.00, 4180789.00, 25, 0
3, 5660718.00, 5853582.00, 4171556.00, 25, 103
4, 5646566.00, 5857884.00, 4177273.00, 25, 206
5, 5620911.00, 5856933.00, 4201728.00, 25, 309
6, 5633387.00, 5845675.00, 4241738.00, 25, 411
7, 5659331.00, 5841794.00, 4240680.00, 25, 514
8, 5660809.00, 5851652.00, 4195871.00, 25, 617
9, 5668145.00, 5863755.00, 4175692.00, 25, 720
10, 5694727.00, 5873294.00, 4188077.00, 25, 823
11, 5719281.00, 5885291.00, 4198754.00, 25, 926
12, 5736957.00, 5906422.00, 4191811.00, 25, 1029
13, 5743544.00, 5922149.00, 4193192.00, 25, 1132
14, 5735389.00, 5937448.00, 4178374.00, 25, 1235
15, 5726031.00, 5958767.00, 4138191.00, 25, 1338
16, 5725870.00, 5988422.00, 4080492.00, 25, 1440
17, 5734934.00, 6051314.00, 3987830.00, 25, 1543
18, 5741244.00, 6061326.00, 3978581.00, 25, 1646
19, 5725109.00, 6059139.00, 3947693.00, 25, 1749
20, 5712977.00, 6060566.00, 3914588.00, 25, 1852
21, 5708356.00, 6061853.00, 3901318.00, 25, 1955
22, 5696359.00, 6057818.00, 3898541.00, 25, 2058
23, 5682251.00, 6051404.00, 3900895.00, 25, 2161
24, 5666669.00, 6048930.00, 3895493.00, 25, 2264
25, 5650865.00, 6049312.00, 3876553.00, 25, 2367
26, 5637329.00, 6046831.00, 3860512.00, 25, 2470
27, 5624971.00, 6043155.00, 3846125.00, 25, 2572
28, 5618802.00, 6042220.00, 3836828.00, 25, 2675
29, 5614447.00, 6049230.00, 3828069.00, 25, 2778
30, 5607223.00, 6058959.00, 3813024.00, 25, 2881
31, 5603241.00, 6067261.00, 3777737.00, 25, 2984
32, 5601069.00, 6075355.00, 3762238.00, 25, 3087
33, 5594735.00, 6082023.00, 3748756.00, 25, 3190
34, 5586721.00, 6084978.00, 3744000.00, 25, 3293
35, 5579138.00, 6081950.00, 3751996.00, 25, 3396
36, 5571862.00, 6079279.00, 3751965.00, 25, 3499
37, 5566932.00, 6079738.00, 3748013.00, 25, 3602
38, 5563491.00, 6077793.00, 3751468.00, 25, 3704
39, 5560100.00, 6074211.00, 3755220.00, 25, 3807
40, 5555253.00, 6076084.00, 3745493.00, 25, 3910
41, 5550767.00, 6082318.00, 3729624.00, 25, 4013
42, 5547471.00, 6079465.00, 3735172.00, 25, 4116
43, 5544279.00, 6060244.00, 3754992.00, 25, 4219
44, 5543905.00, 6062220.00, 3761834.00, 25, 4322
45, 5548687.00, 6065852.00, 3761384.00, 25, 4425
46, 5554622.00, 6062316.00, 3773991.00, 25, 4528
47, 5555781.00, 6055199.00, 3782569.00, 25, 4631
48, 5559410.00, 6050039.00, 3794091.00, 25, 4733
49, 5569797.00, 6056428.00, 3797958.00, 25, 4836
50, 5588865.00, 6072994.00, 3801843.00, 25, 4939
51, 5610651.00, 6082605.00, 3831635.00, 25, 5042
52, 5614874.00, 6074776.00, 3865449.00, 25, 5145
53, 5598583.00, 6057363.00, 3886240.00, 25, 5248
54, 5570629.00, 6046776.00, 3890862.00, 25, 5351
55, 5551602.00, 6032143.00, 3889749.00, 25, 5454
56, 5557422.00, 5990203.00, 3919640.00, 25, 5557
57, 5583927.00, 5962591.00, 3942631.00, 25, 5660
58, 5606870.00, 5981921.00, 3927427.00, 25, 5763
59, 5616227.00, 6014584.00, 3878341.00, 25, 5865
60, 5623352.00, 6024211.00, 3981659.00, 25, 5968
61, 5659039.00, 6021720.00, 4112595.00, 25, 6071
62, 5678111.00, 6035863.00, 4154924.00, 25, 6174
63, 5668620.00, 6044649.00, 4159000.00, 25, 6277
64, 5651635.00, 6037096.00, 4136870.00, 25, 6380
65, 5636445.00, 6030661.00, 4104381.00, 25, 6483
BASELINE Time: 10:57:36
