Date: 27.3.2020 , In use by: Mena
Daytime: 10:40:29, Temperature: 24°C
ID, strain1, strain2, strain3, temp [°C], runtime [ms]
BASELINE Time: 10:40:32
1, 5769126.00, 6131921.00, 5531674.00, 24, 0
2, 5732521.00, 6143583.00, 5463128.00, 24, 0
3, 5826889.00, 6157608.00, 5373650.00, 24, 103
4, 5850709.00, 6163973.00, 5341387.00, 24, 206
5, 5800170.00, 6157431.00, 5359058.00, 24, 309
6, 5752154.00, 6150119.00, 5357540.00, 24, 412
7, 5579101.00, 6142262.00, 5380586.00, 24, 515
8, 5512083.00, 6137956.00, 5424232.00, 24, 618
9, 5537898.00, 6139113.00, 5413807.00, 24, 721
10, 5579628.00, 6145826.00, 5406218.00, 24, 824
11, 5646726.00, 6154930.00, 5409670.00, 24, 927
12, 5704153.00, 6178322.00, 5395451.00, 24, 1030
13, 5729249.00, 6188286.00, 5387789.00, 24, 1133
14, 5739191.00, 6185684.00, 5417125.00, 24, 1236
15, 5731117.00, 6194980.00, 5435920.00, 24, 1339
16, 5710799.00, 6215781.00, 5428756.00, 24, 1441
17, 5686488.00, 6237570.00, 5419803.00, 24, 1544
18, 5665284.00, 6257256.00, 5425825.00, 24, 1647
19, 5655169.00, 6275684.00, 5452301.00, 24, 1750
20, 5652525.00, 6291315.00, 5487316.00, 24, 1853
21, 5649287.00, 6300550.00, 5521346.00, 24, 1956
22, 5642092.00, 6307637.00, 5544112.00, 24, 2059
23, 5631901.00, 6311913.00, 5537946.00, 24, 2162
24, 5624005.00, 6316876.00, 5483942.00, 24, 2265
25, 5630554.00, 6320763.00, 5479940.00, 24, 2368
26, 5653644.00, 6309931.00, 5529056.00, 24, 2471
27, 5672132.00, 6284054.00, 5573045.00, 24, 2574
28, 5670461.00, 6286263.00, 5554346.00, 24, 2677
29, 5667559.00, 6307920.00, 5536949.00, 24, 2780
30, 5660402.00, 6309934.00, 5539126.00, 24, 2883
31, 5650224.00, 6294263.00, 5550303.00, 24, 2986
32, 5646364.00, 6278307.00, 5562646.00, 24, 3089
33, 5651210.00, 6275438.00, 5568129.00, 24, 3192
34, 5657573.00, 6278914.00, 5570947.00, 24, 3295
35, 5663418.00, 6279400.00, 5574535.00, 24, 3398
36, 5667532.00, 6277774.00, 5578697.00, 24, 3501
37, 5667534.00, 6276873.00, 5580742.00, 24, 3604
38, 5665730.00, 6291029.00, 5549715.00, 24, 3707
39, 5665661.00, 6295463.00, 5537147.00, 24, 3809
40, 5668495.00, 6294583.00, 5536679.00, 24, 3912
41, 5669657.00, 6294200.00, 5535260.00, 24, 4015
42, 5666992.00, 6295954.00, 5527489.00, 24, 4118
43, 5661391.00, 6297803.00, 5517784.00, 24, 4221
44, 5657082.00, 6296927.00, 5514072.00, 24, 4324
45, 5655639.00, 6293714.00, 5517665.00, 24, 4427
46, 5655859.00, 6289126.00, 5525578.00, 24, 4530
47, 5656194.00, 6284444.00, 5535119.00, 24, 4633
48, 5656885.00, 6282454.00, 5541516.00, 24, 4736
49, 5659231.00, 6281513.00, 5546117.00, 24, 4839
50, 5660740.00, 6282344.00, 5548899.00, 24, 4942
51, 5662587.00, 6285499.00, 5546294.00, 24, 5045
52, 5665495.00, 6287698.00, 5543735.00, 24, 5148
53, 5667263.00, 6288017.00, 5544637.00, 24, 5251
54, 5666857.00, 6288586.00, 5543208.00, 24, 5354
55, 5663783.00, 6288593.00, 5539296.00, 24, 5457
56, 5657991.00, 6288493.00, 5533159.00, 24, 5560
57, 5652428.00, 6288410.00, 5528761.00, 24, 5663
58, 5649776.00, 6286994.00, 5529475.00, 24, 5766
59, 5650295.00, 6284263.00, 5534897.00, 24, 5869
60, 5647884.00, 6282245.00, 5537804.00, 24, 5971
61, 5641235.00, 6283692.00, 5529963.00, 24, 6074
62, 5637958.00, 6286171.00, 5521263.00, 24, 6177
63, 5639055.00, 6284661.00, 5522855.00, 24, 6280
64, 5637627.00, 6283356.00, 5526166.00, 24, 6383
65, 5635201.00, 6287608.00, 5518831.00, 24, 6486
66, 5634758.00, 6290853.00, 5502562.00, 24, 6589
67, 5634023.00, 6294001.00, 5496049.00, 24, 6692
68, 5633161.00, 6299143.00, 5486809.00, 24, 6795
69, 5635241.00, 6300484.00, 5486926.00, 24, 6898
70, 5640729.00, 6294968.00, 5500869.00, 24, 7001
71, 5648705.00, 6289066.00, 5518098.00, 24, 7104
72, 5654651.00, 6284131.00, 5533449.00, 24, 7207
73, 5655094.00, 6279311.00, 5544082.00, 24, 7310
74, 5651645.00, 6277668.00, 5545688.00, 24, 7413
75, 5646048.00, 6279031.00, 5536362.00, 24, 7516
76, 5645456.00, 6263727.00, 5535849.00, 24, 7619
77, 5653659.00, 6210949.00, 5584913.00, 24, 7722
78, 5662230.00, 6171718.00, 5648700.00, 24, 7824
79, 5665999.00, 6165652.00, 5669001.00, 24, 7927
80, 5669008.00, 6162732.00, 5681516.00, 24, 8030
81, 5674977.00, 6160753.00, 5684326.00, 24, 8133
82, 5688993.00, 6161315.00, 5696545.00, 24, 8236
83, 5713249.00, 6148320.00, 5737690.00, 24, 8339
84, 5749028.00, 6113274.00, 5804898.00, 24, 8442
85, 5785313.00, 6066437.00, 5875273.00, 24, 8545
86, 5808751.00, 6029691.00, 5900259.00, 24, 8648
87, 5810179.00, 6021299.00, 5863222.00, 24, 8751
88, 5803028.00, 6018226.00, 5840711.00, 24, 8854
89, 5792816.00, 5991802.00, 5862079.00, 24, 8957
90, 5778090.00, 5972228.00, 5851083.00, 24, 9060
91, 5770611.00, 5941892.00, 5839345.00, 24, 9163
92, 5762717.00, 5951224.00, 5855594.00, 24, 9266
93, 5745686.00, 5986128.00, 5800208.00, 24, 9369
94, 5735583.00, 6002215.00, 5665862.00, 24, 9472
95, 5749725.00, 5996296.00, 5704126.00, 24, 9575
96, 5776009.00, 5983588.00, 5776116.00, 24, 9678
97, 5794875.00, 5972044.00, 5836899.00, 24, 9781
98, 5802079.00, 5962141.00, 5876297.00, 24, 9883
99, 5802288.00, 5953676.00, 5901637.00, 24, 9986
100, 5771602.00, 5941717.00, 5927860.00, 24, 10089
101, 5652193.00, 5926134.00, 5938796.00, 24, 10192
102, 5634007.00, 5907747.00, 5990452.00, 24, 10295
103, 5668863.00, 5894625.00, 6048372.00, 24, 10398
104, 5680426.00, 5891434.00, 6081731.00, 24, 10501
105, 5676911.00, 5897472.00, 6086099.00, 24, 10604
106, 5662182.00, 5911324.00, 6058521.00, 24, 10707
107, 5645801.00, 5923377.00, 6013368.00, 24, 10810
108, 5563647.00, 5918275.00, 6006658.00, 24, 10913
109, 5480149.00, 5916907.00, 5970565.00, 24, 11016
110, 5480617.00, 5924270.00, 5930961.00, 24, 11119
111, 5424323.00, 5926862.00, 5899991.00, 24, 11222
112, 5269497.00, 5926164.00, 5876090.00, 24, 11325
113, 5315066.00, 5930662.00, 5864697.00, 24, 11428
114, 5451395.00, 5935903.00, 5848301.00, 24, 11531
115, 5501779.00, 5934607.00, 5856131.00, 24, 11634
BASELINE Time: 10:40:44
RECORDING Time: 10:40:50
1, 5655481.00, 6043869.00, 5626279.00, 24, 0
2, 5672064.00, 6049372.00, 5615655.00, 24, 0
3, 5658616.00, 6054945.00, 5613500.00, 24, 103
4, 5654742.00, 6052575.00, 5602398.00, 24, 206
5, 5633444.00, 6040781.00, 5610875.00, 24, 309
6, 5572694.00, 6027680.00, 5624919.00, 24, 412
7, 5605053.00, 6014489.00, 5575503.00, 24, 515
8, 5654932.00, 6017635.00, 5569971.00, 24, 618
9, 5683807.00, 6049534.00, 5509168.00, 24, 721
10, 5695122.00, 6102526.00, 5400372.00, 24, 824
11, 5700088.00, 6168594.00, 5273494.00, 24, 927
12, 5703414.00, 6221373.00, 5174021.00, 24, 1030
13, 5697162.00, 6259292.00, 5074207.00, 24, 1133
14, 5682129.00, 6294750.00, 4970618.00, 24, 1235
15, 5667578.00, 6299977.00, 4929024.00, 24, 1338
16, 5673961.00, 6300034.00, 4920604.00, 24, 1441
17, 5694705.00, 6309748.00, 4912285.00, 24, 1544
18, 5718377.00, 6309921.00, 4928329.00, 24, 1647
19, 5725547.00, 6294221.00, 4954130.00, 24, 1750
20, 5717015.00, 6249467.00, 5016141.00, 24, 1853
21, 5689608.00, 6193533.00, 5258158.00, 24, 1956
22, 5663350.00, 6179821.00, 5378036.00, 24, 2059
23, 5653340.00, 6211620.00, 5519785.00, 24, 2162
24, 5638706.00, 6233241.00, 5687436.00, 24, 2265
25, 5624287.00, 6227782.00, 5660707.00, 24, 2368
26, 5631279.00, 6250593.00, 5621242.00, 24, 2471
27, 5615455.00, 6256436.00, 5582958.00, 24, 2574
28, 5587467.00, 6264883.00, 5453524.00, 24, 2677
29, 5587128.00, 6232190.00, 5314646.00, 24, 2780
30, 5615596.00, 6146288.00, 5277544.00, 24, 2883
31, 5636316.00, 6124899.00, 5225112.00, 24, 2986
32, 5657660.00, 6144138.00, 5130204.00, 24, 3089
33, 5690439.00, 6205002.00, 5052423.00, 24, 3192
34, 5730224.00, 6286987.00, 4924822.00, 24, 3295
35, 5771513.00, 6313030.00, 4848118.00, 24, 3398
36, 5795980.00, 6288345.00, 4896154.00, 24, 3501
37, 5788550.00, 6293305.00, 4856516.00, 24, 3604
38, 5781596.00, 6304273.00, 4846611.00, 24, 3707
39, 5779783.00, 6301530.00, 4856576.00, 24, 3810
40, 5778173.00, 6302548.00, 4855254.00, 24, 3913
41, 5773411.00, 6312262.00, 4833620.00, 24, 4016
42, 5763115.00, 6332438.00, 4784035.00, 24, 4118
43, 5751580.00, 6346511.00, 4740891.00, 24, 4221
44, 5745947.00, 6338986.00, 4745585.00, 24, 4324
45, 5745519.00, 6302912.00, 4811407.00, 24, 4427
46, 5744592.00, 6260298.00, 4888903.00, 24, 4530
47, 5740597.00, 6220100.00, 4966301.00, 24, 4633
48, 5723242.00, 6183368.00, 5033405.00, 24, 4736
49, 5703021.00, 6190959.00, 4945680.00, 24, 4839
50, 5704717.00, 6242822.00, 4853505.00, 24, 4942
51, 5718828.00, 6324591.00, 4781694.00, 24, 5045
52, 5701433.00, 6393802.00, 4733337.00, 24, 5148
53, 5690387.00, 6403215.00, 4752840.00, 24, 5251
54, 5685468.00, 6391913.00, 4775674.00, 24, 5354
55, 5677546.00, 6397068.00, 4755184.00, 24, 5457
56, 5675213.00, 6386913.00, 4747626.00, 24, 5560
57, 5665386.00, 6368059.00, 4764536.00, 24, 5663
58, 5644497.00, 6366190.00, 4763077.00, 24, 5766
59, 5626942.00, 6377005.00, 4747227.00, 24, 5869
60, 5607659.00, 6381485.00, 4736142.00, 24, 5972
61, 5596570.00, 6381802.00, 4743449.00, 24, 6075
62, 5580517.00, 6384712.00, 4728585.00, 24, 6178
63, 5570803.00, 6370893.00, 4731202.00, 24, 6281
64, 5582128.00, 6348241.00, 4783444.00, 24, 6384
65, 5589457.00, 6321792.00, 4848623.00, 24, 6487
66, 5578903.00, 6284082.00, 4915393.00, 24, 6590
67, 5558353.00, 6238619.00, 4967669.00, 24, 6693
68, 5540431.00, 6206343.00, 4989476.00, 24, 6795
69, 5540533.00, 6204183.00, 4991185.00, 24, 6898
70, 5548574.00, 6207241.00, 5004223.00, 24, 7001
71, 5546402.00, 6190787.00, 5039986.00, 24, 7104
72, 5539365.00, 6162037.00, 5073830.00, 24, 7207
73, 5540345.00, 6145659.00, 5086323.00, 24, 7310
74, 5546489.00, 6139637.00, 5086221.00, 24, 7413
75, 5549059.00, 6135174.00, 5084096.00, 24, 7516
76, 5559790.00, 6138747.00, 5061235.00, 24, 7619
77, 5584665.00, 6159222.00, 5004438.00, 24, 7722
78, 5613280.00, 6183669.00, 4982294.00, 24, 7825
79, 5642982.00, 6230906.00, 4965410.00, 24, 7928
80, 5670268.00, 6262861.00, 4935024.00, 24, 8031
81, 5700147.00, 6317664.00, 4880934.00, 24, 8134
82, 5732962.00, 6369146.00, 4832966.00, 24, 8237
83, 5752793.00, 6401804.00, 4802901.00, 24, 8340
84, 5756170.00, 6430223.00, 4769754.00, 24, 8443
85, 5760317.00, 6466268.00, 4715412.00, 24, 8546
86, 5763779.00, 6477902.00, 4689629.00, 24, 8649
87, 5747870.00, 6456791.00, 4703297.00, 24, 8752
88, 5716754.00, 6398431.00, 4736258.00, 24, 8855
89, 5681757.00, 6308335.00, 4819165.00, 24, 8958
90, 5648563.00, 6233951.00, 4918706.00, 24, 9061
91, 5617817.00, 6199676.00, 4985490.00, 24, 9163
92, 5594006.00, 6197564.00, 4982690.00, 24, 9266
93, 5579975.00, 6189380.00, 5004448.00, 24, 9369
94, 5576401.00, 6174837.00, 5019082.00, 24, 9472
95, 5582368.00, 6183424.00, 4997661.00, 24, 9575
96, 5587037.00, 6217528.00, 4948427.00, 24, 9678
97, 5590907.00, 6246280.00, 4912029.00, 24, 9781
98, 5600015.00, 6262027.00, 4884944.00, 24, 9884
99, 5627746.00, 6283957.00, 4855924.00, 24, 9987
100, 5653790.00, 6309255.00, 4853042.00, 24, 10090
101, 5660597.00, 6324999.00, 4851073.00, 24, 10193
102, 5668441.00, 6317473.00, 4861859.00, 24, 10296
103, 5674063.00, 6307296.00, 4887002.00, 24, 10399
104, 5675676.00, 6293489.00, 4915384.00, 24, 10502
105, 5681878.00, 6301656.00, 4913782.00, 24, 10605
106, 5686513.00, 6317122.00, 4888475.00, 24, 10708
107, 5698131.00, 6326179.00, 4862625.00, 24, 10811
108, 5696859.00, 6318631.00, 4850834.00, 24, 10914
109, 5697971.00, 6309690.00, 4859532.00, 24, 11017
110, 5689738.00, 6293717.00, 4887826.00, 24, 11120
111, 5678096.00, 6290328.00, 4892597.00, 24, 11223
112, 5685967.00, 6322999.00, 4822897.00, 24, 11326
113, 5715287.00, 6383453.00, 4731150.00, 24, 11429
114, 5756860.00, 6450565.00, 4680323.00, 24, 11532
115, 5795878.00, 6502156.00, 4649334.00, 24, 11634
116, 5808186.00, 6514846.00, 4673289.00, 24, 11737
117, 5792337.00, 6509694.00, 4693279.00, 24, 11840
118, 5772127.00, 6493688.00, 4706587.00, 24, 11943
119, 5748044.00, 6481269.00, 4726859.00, 24, 12046
120, 5721755.00, 6469045.00, 4693564.00, 24, 12149
121, 5704294.00, 6471877.00, 4629618.00, 24, 12252
122, 5696769.00, 6484926.00, 4571868.00, 24, 12355
123, 5698568.00, 6508157.00, 4527943.00, 24, 12458
124, 5701341.00, 6527506.00, 4493796.00, 24, 12561
125, 5696188.00, 6529477.00, 4486046.00, 24, 12664
126, 5691207.00, 6501408.00, 4532155.00, 24, 12767
127, 5693803.00, 6454206.00, 4624482.00, 24, 12870
128, 5706836.00, 6399804.00, 4726917.00, 24, 12973
129, 5724963.00, 6361661.00, 4797946.00, 24, 13076
130, 5741424.00, 6342512.00, 4849430.00, 24, 13179
131, 5741572.00, 6317442.00, 4913434.00, 24, 13282
132, 5734957.00, 6257086.00, 4974053.00, 24, 13385
133, 5732490.00, 6234061.00, 5047748.00, 24, 13488
134, 5715810.00, 6218370.00, 5039489.00, 24, 13591
135, 5680166.00, 6221780.00, 4964841.00, 24, 13694
136, 5646928.00, 6278179.00, 4855370.00, 24, 13797
137, 5644872.00, 6358010.00, 4735678.00, 24, 13900
138, 5635771.00, 6403219.00, 4642870.00, 24, 14003
139, 5616291.00, 6418210.00, 4567414.00, 24, 14105
140, 5609046.00, 6424453.00, 4537533.00, 24, 14208
141, 5614995.00, 6438702.00, 4526116.00, 24, 14311
142, 5625158.00, 6457584.00, 4510948.00, 24, 14414
143, 5638011.00, 6473641.00, 4497607.00, 24, 14517
144, 5646538.00, 6479599.00, 4503060.00, 24, 14620
145, 5625802.00, 6417907.00, 4570742.00, 24, 14723
146, 5606842.00, 6325074.00, 4693367.00, 24, 14826
147, 5611388.00, 6293291.00, 4783019.00, 24, 14929
148, 5618251.00, 6287174.00, 4777209.00, 24, 15032
149, 5618834.00, 6281803.00, 4754874.00, 24, 15135
150, 5592348.00, 6279250.00, 4727139.00, 24, 15238
151, 5506674.00, 6267098.00, 4747572.00, 24, 15341
152, 5342853.00, 6272333.00, 4750470.00, 24, 15444
153, 5364094.00, 6295584.00, 4732623.00, 24, 15547
154, 5411224.00, 6294765.00, 4757916.00, 24, 15650
155, 5402002.00, 6264448.00, 4778935.00, 24, 15753
156, 5356541.00, 6236373.00, 4797677.00, 24, 15856
157, 5280744.00, 6234159.00, 4765896.00, 24, 15959
158, 5244578.00, 6283614.00, 4664930.00, 24, 16062
159, 5193653.00, 6250949.00, 4573107.00, 24, 16165
160, 5155616.00, 6186874.00, 4442028.00, 24, 16267
161, 5138549.00, 6127474.00, 4537408.00, 24, 16370
162, 5164843.00, 6124798.00, 4599438.00, 24, 16473
163, 5216721.00, 6143004.00, 4633445.00, 24, 16576
164, 5249169.00, 6144191.00, 4683761.00, 24, 16679
165, 5273287.00, 6130240.00, 4733245.00, 24, 16782
166, 5270299.00, 6135255.00, 4712447.00, 24, 16885
167, 5237219.00, 6146050.00, 4622773.00, 24, 16988
168, 5204622.00, 6180281.00, 4509757.00, 24, 17091
169, 5247473.00, 6175489.00, 4522926.00, 24, 17194
170, 5343384.00, 6189676.00, 4606942.00, 24, 17297
171, 5416399.00, 6227365.00, 4670734.00, 24, 17400
172, 5466073.00, 6207174.00, 4816351.00, 24, 17503
173, 5528668.00, 6193508.00, 4959301.00, 24, 17606
174, 5584947.00, 6207024.00, 5042169.00, 24, 17709
175, 5631487.00, 6227061.00, 5164823.00, 24, 17812
176, 5676576.00, 6299051.00, 5139860.00, 24, 17915
177, 5699804.00, 6392742.00, 5082535.00, 24, 18018
178, 5690085.00, 6427185.00, 4933111.00, 24, 18121
179, 5644574.00, 6459701.00, 4730541.00, 24, 18224
180, 5557017.00, 6491818.00, 4581080.00, 24, 18326
181, 5416546.00, 6470996.00, 4416261.00, 24, 18429
182, 5244709.00, 6424930.00, 4258475.00, 24, 18532
183, 5089928.00, 6345989.00, 4166340.00, 24, 18635
184, 5074153.00, 6475456.00, 3994500.00, 24, 18738
185, 5162223.00, 6646282.00, 3719644.00, 24, 18841
186, 5212681.00, 6619565.00, 3656366.00, 24, 18944
187, 5201197.00, 6485289.00, 3800043.00, 24, 19047
188, 5123745.00, 6330991.00, 3982671.00, 24, 19150
189, 5056622.00, 6227746.00, 4241879.00, 24, 19253
190, 5021091.00, 6175446.00, 4312574.00, 24, 19356
191, 5013680.00, 6136969.00, 4377447.00, 24, 19459
192, 5018931.00, 6110776.00, 4421541.00, 24, 19562
193, 5027128.00, 6106900.00, 4435315.00, 24, 19665
194, 5039864.00, 6114468.00, 4429627.00, 24, 19768
195, 5050954.00, 6112238.00, 4427710.00, 24, 19871
196, 5060836.00, 6089788.00, 4448133.00, 24, 19974
197, 5070821.00, 6076791.00, 4462736.00, 24, 20077
198, 5075643.00, 6076894.00, 4459773.00, 24, 20180
199, 5075297.00, 6068884.00, 4456445.00, 24, 20283
200, 5075507.00, 6034638.00, 4483203.00, 24, 20386
201, 5069533.00, 5969049.00, 4560333.00, 24, 20489
202, 5052918.00, 5887683.00, 4666721.00, 24, 20591
203, 5037348.00, 5836990.00, 4766573.00, 24, 20694
204, 5024059.00, 5827612.00, 4744587.00, 24, 20797
205, 5016770.00, 5843395.00, 4714200.00, 24, 20900
206, 5008278.00, 5841305.00, 4720530.00, 24, 21003
207, 5004870.00, 5799327.00, 4758822.00, 24, 21106
208, 5009810.00, 5764168.00, 4772315.00, 24, 21209
209, 5015162.00, 5761735.00, 4759010.00, 24, 21312
210, 5019101.00, 5773367.00, 4745924.00, 24, 21415
211, 5016326.00, 5806207.00, 4727255.00, 24, 21518
212, 5011299.00, 5794537.00, 4722558.00, 24, 21621
213, 5008350.00, 5776955.00, 4752990.00, 24, 21724
214, 5007621.00, 5796309.00, 4750415.00, 24, 21827
215, 5010618.00, 5831577.00, 4705275.00, 24, 21930
216, 5022695.00, 5865577.00, 4660954.00, 24, 22033
217, 5034303.00, 5884872.00, 4614488.00, 24, 22136
218, 5041250.00, 5884807.00, 4619024.00, 24, 22239
219, 5046147.00, 5867166.00, 4639289.00, 24, 22342
220, 5048097.00, 5852550.00, 4645480.00, 24, 22445
221, 5048725.00, 5853719.00, 4642049.00, 24, 22548
222, 5048532.00, 5860084.00, 4633662.00, 24, 22650
223, 5053405.00, 5867040.00, 4630883.00, 24, 22753
224, 5050259.00, 5868397.00, 4628365.00, 24, 22856
225, 5059239.00, 5875789.00, 4617357.00, 24, 22959
226, 5053989.00, 5905962.00, 4587959.00, 24, 23062
227, 5033125.00, 5926494.00, 4548040.00, 24, 23165
228, 5051423.00, 5950602.00, 4513076.00, 24, 23268
229, 5077236.00, 6023202.00, 4450566.00, 24, 23371
230, 5073531.00, 6090999.00, 4389544.00, 24, 23474
231, 5059634.00, 6089487.00, 4433586.00, 24, 23577
232, 5050526.00, 6071326.00, 4437522.00, 24, 23680
233, 5035442.00, 6069974.00, 4451710.00, 24, 23783
234, 5008753.00, 6047825.00, 4499437.00, 24, 23886
235, 4981585.00, 5998560.00, 4547503.00, 24, 23989
236, 4956956.00, 5946006.00, 4600619.00, 24, 24092
237, 4948141.00, 5872993.00, 4638970.00, 24, 24195
238, 4954150.00, 5851375.00, 4664726.00, 24, 24298
239, 4968567.00, 5824915.00, 4692467.00, 24, 24401
240, 4977409.00, 5812360.00, 4690583.00, 24, 24504
241, 4975581.00, 5821145.00, 4666533.00, 24, 24607
242, 4953208.00, 5836206.00, 4648877.00, 24, 24710
243, 4912258.00, 5829251.00, 4615723.00, 24, 24813
244, 4846289.00, 5798127.00, 4557311.00, 24, 24915
245, 4811613.00, 5753757.00, 4587483.00, 24, 25018
246, 4805408.00, 5724251.00, 4661535.00, 24, 25121
247, 4798218.00, 5722757.00, 4683203.00, 24, 25224
248, 4793200.00, 5712279.00, 4737170.00, 24, 25327
249, 4773317.00, 5675658.00, 4886359.00, 24, 25430
250, 4658103.00, 5663236.00, 4919819.00, 24, 25533
251, 4551042.00, 5690247.00, 4891368.00, 24, 25636
252, 4562447.00, 5726699.00, 4892272.00, 24, 25739
253, 4627307.00, 5762968.00, 4925636.00, 24, 25842
254, 4662312.00, 5777142.00, 4939405.00, 24, 25945
255, 4683729.00, 5774508.00, 4877417.00, 24, 26048
256, 4651922.00, 5774646.00, 4813649.00, 24, 26151
257, 4578746.00, 5758986.00, 4846303.00, 24, 26254
258, 4562115.00, 5737673.00, 4893460.00, 24, 26357
259, 4594345.00, 5727244.00, 4906085.00, 24, 26460
260, 4634741.00, 5720609.00, 4941365.00, 24, 26563
261, 4647276.00, 5711427.00, 4931568.00, 24, 26666
262, 4568058.00, 5706037.00, 4902299.00, 24, 26769
263, 4508076.00, 5700211.00, 4930794.00, 24, 26872
264, 4390965.00, 5699702.00, 4977348.00, 24, 26975
265, 4204530.00, 5705980.00, 5001309.00, 24, 27077
266, 3978728.00, 5715816.00, 5012642.00, 24, 27180
267, 3709911.00, 5726948.00, 5013102.00, 24, 27283
268, 3676974.00, 5737095.00, 5007508.00, 24, 27386
269, 3660506.00, 5746859.00, 4991584.00, 24, 27489
270, 3429233.00, 5753163.00, 4961858.00, 24, 27592
271, 2986398.00, 5760904.00, 4931109.00, 24, 27695
272, 3010707.00, 5769918.00, 4884849.00, 24, 27798
273, 3071338.00, 5777980.00, 4832120.00, 24, 27901
274, 3141742.00, 5781644.00, 4853408.00, 24, 28004
275, 3273556.00, 5783911.00, 4861921.00, 24, 28107
276, 3356565.00, 5797874.00, 4855162.00, 24, 28210
277, 3383513.00, 5820906.00, 4839487.00, 24, 28313
278, 3402944.00, 5840714.00, 4825168.00, 24, 28416
279, 3443719.00, 5849664.00, 4822632.00, 24, 28519
280, 3490192.00, 5841126.00, 4838474.00, 24, 28622
281, 3556951.00, 5821961.00, 4860740.00, 24, 28725
282, 3602440.00, 5811431.00, 4865287.00, 24, 28828
283, 3664377.00, 5827361.00, 4842655.00, 24, 28930
284, 3807172.00, 5853253.00, 4805596.00, 24, 29033
285, 4063521.00, 5871064.00, 4768980.00, 24, 29136
286, 4187865.00, 5877797.00, 4760993.00, 24, 29239
287, 4258213.00, 5869145.00, 4763617.00, 24, 29342
288, 4374100.00, 5864648.00, 4726746.00, 24, 29445
289, 4457436.00, 5934991.00, 4705899.00, 24, 29548
290, 4516466.00, 5983532.00, 4674246.00, 24, 29651
291, 4545780.00, 6011608.00, 4666507.00, 24, 29754
292, 4535308.00, 6029330.00, 4683019.00, 24, 29857
293, 4421531.00, 6060912.00, 4683482.00, 24, 29960
294, 4317780.00, 6106322.00, 4651225.00, 24, 30063
295, 4283188.00, 6124968.00, 4633025.00, 24, 30166
296, 4290312.00, 6138491.00, 4623176.00, 24, 30269
297, 4326284.00, 6185489.00, 4561226.00, 24, 30372
298, 4375978.00, 6207605.00, 4502854.00, 24, 30475
299, 4431261.00, 6188661.00, 4512048.00, 24, 30578
300, 4438723.00, 6152030.00, 4560377.00, 24, 30681
301, 4346912.00, 6101180.00, 4628168.00, 24, 30784
302, 4249719.00, 6064184.00, 4720527.00, 24, 30886
303, 4196320.00, 6053892.00, 4716143.00, 24, 30989
304, 4156750.00, 6048232.00, 4716784.00, 24, 31092
305, 4128789.00, 6041563.00, 4712895.00, 24, 31195
306, 4134210.00, 6057029.00, 4674442.00, 24, 31298
307, 4149446.00, 6104911.00, 4605990.00, 24, 31401
308, 4139919.00, 6162896.00, 4545024.00, 24, 31504
309, 4133121.00, 6187405.00, 4524592.00, 24, 31607
310, 4134543.00, 6174240.00, 4556998.00, 24, 31710
311, 4151510.00, 6135869.00, 4624507.00, 24, 31813
312, 4176479.00, 6114763.00, 4682471.00, 24, 31916
313, 4162940.00, 6091809.00, 4726714.00, 24, 32019
314, 4137259.00, 6042107.00, 4776428.00, 24, 32122
315, 4044409.00, 6010505.00, 4814588.00, 24, 32225
316, 4016852.00, 5999684.00, 4770322.00, 24, 32328
317, 3996129.00, 6015294.00, 4705299.00, 24, 32431
318, 3858109.00, 5943692.00, 4748185.00, 24, 32534
319, 3860072.00, 5848138.00, 4834898.00, 24, 32637
320, 3938518.00, 5843346.00, 4821548.00, 24, 32740
321, 3976584.00, 5891439.00, 4751123.00, 24, 32843
322, 3942432.00, 5919251.00, 4705929.00, 24, 32946
323, 3929563.00, 5950936.00, 4673165.00, 24, 33048
324, 3941351.00, 6005013.00, 4596319.00, 24, 33151
325, 3956761.00, 6049629.00, 4526282.00, 24, 33254
326, 3954898.00, 6079513.00, 4486648.00, 24, 33357
327, 3873600.00, 6101086.00, 4461197.00, 24, 33460
328, 3772306.00, 6109813.00, 4438163.00, 24, 33563
329, 3718167.00, 6095212.00, 4435137.00, 24, 33666
330, 3498476.00, 6075773.00, 4449290.00, 24, 33769
331, 3172725.00, 6079987.00, 4428943.00, 24, 33872
332, 3076911.00, 6091499.00, 4411233.00, 24, 33975
333, 3040760.00, 6095021.00, 4386466.00, 24, 34078
334, 2994035.00, 6094255.00, 4372452.00, 24, 34181
335, 2914696.00, 6070524.00, 4397248.00, 24, 34284
336, 2836232.00, 6039069.00, 4403959.00, 24, 34387
337, 2798500.00, 6037344.00, 4378346.00, 24, 34490
338, 2740676.00, 6034507.00, 4401984.00, 24, 34593
339, 2677755.00, 6008052.00, 4471505.00, 24, 34696
340, 2599773.00, 5984093.00, 4486847.00, 24, 34799
341, 2560074.00, 5983822.00, 4447375.00, 24, 34902
342, 2520286.00, 6009172.00, 4406672.00, 24, 35005
343, 2164933.00, 6005048.00, 4395491.00, 24, 35108
RECORDING Time: 10:41:20
BASELINE Time: 10:41:48
1, 970365.00, 6160987.00, 4387772.00, 24, 0
2, 1976480.00, 6173114.00, 4685034.00, 24, 0
3, 2844117.00, 6182196.00, 4907878.00, 24, 103
4, 3006942.00, 6179988.00, 4942459.00, 24, 206
5, 2969172.00, 6161314.00, 4964470.00, 24, 309
6, 2915405.00, 6148560.00, 4989182.00, 24, 412
7, 2584410.00, 6141404.00, 4976308.00, 24, 515
8, 1989497.00, 6142533.00, 4942707.00, 24, 618
9, 1923212.00, 6130345.00, 4977877.00, 24, 721
10, 1944128.00, 6115501.00, 5021686.00, 24, 824
11, 1925958.00, 6110325.00, 5030471.00, 24, 927
12, 1922248.00, 6098869.00, 5045524.00, 24, 1029
13, 1926282.00, 6086924.00, 5048220.00, 24, 1132
14, 1917315.00, 6090844.00, 5018524.00, 24, 1235
15, 1918375.00, 6096799.00, 4994217.00, 24, 1338
16, 1927720.00, 6098310.00, 4987327.00, 24, 1441
17, 1937447.00, 6110638.00, 4970141.00, 24, 1544
18, 1945808.00, 6125703.00, 4950655.00, 24, 1647
19, 1953781.00, 6134233.00, 4936279.00, 24, 1750
20, 1960321.00, 6139899.00, 4925388.00, 24, 1853
21, 1977953.00, 6151224.00, 4918106.00, 24, 1956
22, 2003450.00, 6165873.00, 4898808.00, 24, 2059
23, 2023271.00, 6182231.00, 4864669.00, 24, 2162
24, 2038858.00, 6193319.00, 4829893.00, 24, 2265
25, 2045925.00, 6198568.00, 4804542.00, 24, 2368
26, 2050115.00, 6198745.00, 4811342.00, 24, 2471
27, 2053518.00, 6191152.00, 4820049.00, 24, 2574
28, 2044391.00, 6186510.00, 4827410.00, 24, 2677
29, 2021853.00, 6184077.00, 4884892.00, 24, 2779
30, 1989251.00, 6153324.00, 4970703.00, 24, 2882
31, 1957230.00, 6074397.00, 5026233.00, 24, 2985
32, 1920241.00, 6036995.00, 5081363.00, 24, 3088
33, 1886770.00, 6003056.00, 5145764.00, 24, 3191
34, 1878207.00, 5999913.00, 5181199.00, 24, 3294
35, 1879057.00, 6025048.00, 5153903.00, 24, 3397
36, 1891263.00, 6071660.00, 5082909.00, 24, 3500
37, 1903532.00, 6123405.00, 4988377.00, 24, 3603
38, 1919358.00, 6191230.00, 4857798.00, 24, 3706
39, 1971642.00, 6304524.00, 4674625.00, 24, 3809
40, 1998878.00, 6387052.00, 4539174.00, 24, 3912
41, 1985246.00, 6412591.00, 4558517.00, 24, 4015
42, 2002158.00, 6450707.00, 4551604.00, 24, 4118
43, 2020065.00, 6473695.00, 4546188.00, 24, 4221
44, 2031045.00, 6483250.00, 4538283.00, 24, 4324
45, 2047402.00, 6472563.00, 4555046.00, 24, 4426
46, 2060464.00, 6449335.00, 4583015.00, 24, 4529
47, 2062171.00, 6425929.00, 4623216.00, 24, 4632
48, 2061568.00, 6415684.00, 4642072.00, 24, 4735
49, 2045535.00, 6422645.00, 4641456.00, 24, 4838
50, 2022782.00, 6406333.00, 4672522.00, 24, 4941
51, 2006912.00, 6386462.00, 4699853.00, 24, 5044
52, 2003492.00, 6380121.00, 4697535.00, 24, 5147
53, 2000611.00, 6379802.00, 4690221.00, 24, 5250
54, 1999890.00, 6382023.00, 4670753.00, 24, 5353
55, 2004876.00, 6384261.00, 4665917.00, 24, 5456
56, 2014276.00, 6377823.00, 4666820.00, 24, 5559
57, 2019125.00, 6359954.00, 4685481.00, 24, 5662
58, 2021197.00, 6348928.00, 4706420.00, 24, 5765
59, 2016428.00, 6333648.00, 4729468.00, 24, 5868
60, 2006734.00, 6324723.00, 4742832.00, 24, 5971
61, 1999495.00, 6326661.00, 4744204.00, 24, 6073
62, 1991214.00, 6337890.00, 4727996.00, 24, 6176
63, 1983506.00, 6344377.00, 4708375.00, 24, 6279
64, 1981227.00, 6342201.00, 4704771.00, 24, 6382
65, 1984397.00, 6339375.00, 4706449.00, 24, 6485
66, 1986785.00, 6336899.00, 4708608.00, 24, 6588
67, 1986819.00, 6335833.00, 4711607.00, 24, 6691
68, 1986409.00, 6336004.00, 4715013.00, 24, 6794
69, 1982884.00, 6334342.00, 4717269.00, 24, 6897
70, 1975198.00, 6332766.00, 4716774.00, 24, 7000
71, 1966270.00, 6334027.00, 4712005.00, 24, 7103
72, 1963252.00, 6333970.00, 4708950.00, 24, 7206
73, 1963632.00, 6331131.00, 4710122.00, 24, 7309
74, 1964284.00, 6329897.00, 4708585.00, 24, 7412
75, 1964928.00, 6325944.00, 4710689.00, 24, 7515
76, 1966435.00, 6322062.00, 4712124.00, 24, 7617
77, 1966457.00, 6319966.00, 4717052.00, 24, 7720
78, 1958197.00, 6315269.00, 4721617.00, 24, 7823
79, 1953267.00, 6311612.00, 4722456.00, 24, 7926
80, 1952723.00, 6307722.00, 4729986.00, 24, 8029
81, 1955972.00, 6308334.00, 4732766.00, 24, 8132
82, 1959642.00, 6307147.00, 4740901.00, 24, 8235
83, 1961092.00, 6305165.00, 4740110.00, 24, 8338
84, 1959747.00, 6308030.00, 4738618.00, 24, 8441
85, 1955964.00, 6310940.00, 4732595.00, 24, 8544
86, 1951516.00, 6315250.00, 4723722.00, 24, 8647
87, 1949767.00, 6313272.00, 4725118.00, 24, 8750
88, 1950019.00, 6311580.00, 4728824.00, 24, 8853
89, 1949622.00, 6310066.00, 4732992.00, 24, 8956
90, 1952720.00, 6305801.00, 4737831.00, 24, 9059
91, 1956498.00, 6298752.00, 4748065.00, 24, 9161
92, 1948905.00, 6292806.00, 4756372.00, 24, 9264
93, 1938340.00, 6289563.00, 4760374.00, 24, 9367
94, 1934059.00, 6288994.00, 4762548.00, 24, 9470
95, 1933835.00, 6289678.00, 4763851.00, 24, 9573
96, 1931573.00, 6291074.00, 4759451.00, 24, 9676
97, 1926898.00, 6290153.00, 4753928.00, 24, 9779
98, 1934206.00, 6289092.00, 4752582.00, 24, 9882
99, 1936504.00, 6294345.00, 4741990.00, 24, 9985
100, 1935053.00, 6297744.00, 4741308.00, 24, 10088
101, 1935225.00, 6293213.00, 4745752.00, 24, 10191
102, 1939437.00, 6288458.00, 4743869.00, 24, 10294
103, 1936540.00, 6285853.00, 4746292.00, 24, 10397
104, 1929443.00, 6276640.00, 4764575.00, 24, 10500
105, 1923364.00, 6260630.00, 4799958.00, 24, 10603
106, 1923280.00, 6246518.00, 4827949.00, 24, 10706
107, 1929784.00, 6248570.00, 4821001.00, 24, 10808
108, 1934017.00, 6250419.00, 4817745.00, 24, 10911
109, 1931107.00, 6237440.00, 4842031.00, 24, 11014
110, 1929039.00, 6203887.00, 4903046.00, 24, 11117
111, 1931519.00, 6190877.00, 4929943.00, 24, 11220
112, 1930800.00, 6184249.00, 4930592.00, 24, 11323
113, 1927001.00, 6188539.00, 4909460.00, 24, 11426
114, 1926823.00, 6196616.00, 4894450.00, 24, 11529
115, 1928196.00, 6203734.00, 4893953.00, 24, 11632
116, 1929001.00, 6200502.00, 4918244.00, 24, 11735
117, 1935367.00, 6196304.00, 4945191.00, 24, 11838
118, 1947171.00, 6184765.00, 4970845.00, 24, 11941
119, 1977119.00, 6171983.00, 5001342.00, 24, 12044
120, 2018601.00, 6152852.00, 5039331.00, 24, 12147
121, 2062369.00, 6121387.00, 5072624.00, 24, 12250
122, 2104352.00, 6072406.00, 5114457.00, 24, 12353
123, 2135063.00, 6004145.00, 5202538.00, 24, 12455
124, 2156717.00, 5973546.00, 5270273.00, 24, 12558
125, 2181138.00, 5957712.00, 5268438.00, 24, 12661
126, 2213469.00, 5973798.00, 5187484.00, 24, 12764
127, 2233623.00, 6044745.00, 5079665.00, 24, 12867
128, 2232843.00, 6091799.00, 5044213.00, 24, 12970
129, 2219962.00, 6082159.00, 5062858.00, 24, 13073
130, 2205231.00, 6047059.00, 5094716.00, 24, 13176
131, 2195723.00, 6008637.00, 5112909.00, 24, 13279
132, 2186757.00, 5991586.00, 5089510.00, 24, 13382
133, 2174809.00, 5994235.00, 5059962.00, 24, 13485
134, 2170333.00, 5985517.00, 5062918.00, 24, 13588
135, 2174809.00, 5971527.00, 5077799.00, 24, 13691
136, 2177768.00, 5996151.00, 5064642.00, 24, 13794
137, 2184615.00, 6012639.00, 5027301.00, 24, 13897
138, 2195864.00, 6021311.00, 5002124.00, 24, 13999
139, 2207568.00, 6033684.00, 4980853.00, 24, 14102
140, 2253637.00, 6046833.00, 4954770.00, 24, 14205
141, 2627131.00, 6057356.00, 4965564.00, 24, 14308
142, 2874643.00, 6070832.00, 5120199.00, 24, 14411
143, 2815902.00, 6074675.00, 5008921.00, 24, 14514
144, 2873924.00, 6072392.00, 4856445.00, 24, 14617
145, 2948044.00, 6072116.00, 4920043.00, 24, 14720
146, 3219052.00, 6070378.00, 5031361.00, 24, 14823
BASELINE Time: 10:42:4
RECORDING Time: 10:42:6
1, 1355182.00, 6038767.00, 4782404.00, 24, 0
2, 1910544.00, 6037250.00, 4777679.00, 24, 0
3, 1822696.00, 6035333.00, 4855187.00, 24, 103
4, 2021838.00, 6035654.00, 4985828.00, 24, 206
5, 1843054.00, 6033208.00, 5062049.00, 24, 309
6, 1474308.00, 6022208.00, 5084801.00, 24, 412
7, 1339324.00, 6008904.00, 5101189.00, 24, 515
8, 1280457.00, 5999828.00, 5085255.00, 24, 618
9, 1643214.00, 5996202.00, 5064369.00, 24, 721
10, 1882134.00, 5993352.00, 5072477.00, 24, 824
11, 1801500.00, 5990210.00, 5095920.00, 24, 927
12, 1711930.00, 5986970.00, 5115811.00, 24, 1029
13, 1684892.00, 5980978.00, 5141685.00, 24, 1132
14, 1696015.00, 5973513.00, 5157720.00, 24, 1235
15, 1781191.00, 5971264.00, 5171958.00, 24, 1338
16, 1882684.00, 5998873.00, 5163137.00, 24, 1441
17, 1958904.00, 6042876.00, 5119884.00, 24, 1544
18, 2030095.00, 6084844.00, 5067850.00, 24, 1647
19, 2100744.00, 6136306.00, 5022730.00, 24, 1750
20, 2151147.00, 6216824.00, 4964099.00, 24, 1853
21, 2177344.00, 6288325.00, 4824819.00, 24, 1956
22, 2210878.00, 6339745.00, 4774674.00, 24, 2059
23, 2246505.00, 6374448.00, 4728925.00, 24, 2162
24, 2274271.00, 6423061.00, 4668460.00, 24, 2265
25, 2262413.00, 6464199.00, 4605416.00, 24, 2368
26, 2197240.00, 6467457.00, 4565019.00, 24, 2471
27, 2114356.00, 6422551.00, 4600875.00, 24, 2574
28, 2036596.00, 6370394.00, 4660881.00, 24, 2677
29, 1951035.00, 6374758.00, 4653483.00, 24, 2780
30, 1883479.00, 6378895.00, 4647988.00, 24, 2882
31, 1856739.00, 6368797.00, 4668233.00, 24, 2985
32, 1841549.00, 6352368.00, 4710140.00, 24, 3088
33, 1842138.00, 6319028.00, 4779515.00, 24, 3191
34, 1872286.00, 6299773.00, 4842263.00, 24, 3294
35, 1903782.00, 6317557.00, 4855735.00, 24, 3397
36, 1905523.00, 6332121.00, 4849500.00, 24, 3500
37, 1875569.00, 6334629.00, 4844178.00, 24, 3603
38, 1873134.00, 6332613.00, 4847886.00, 24, 3706
39, 1900991.00, 6334710.00, 4856925.00, 24, 3809
40, 1946125.00, 6331125.00, 4900015.00, 24, 3912
41, 2009042.00, 6250279.00, 4978076.00, 24, 4015
42, 2048978.00, 6200745.00, 5056314.00, 24, 4118
43, 2025682.00, 6115829.00, 5124571.00, 24, 4221
44, 1980673.00, 6085987.00, 5168907.00, 24, 4324
45, 1968366.00, 6122219.00, 5112508.00, 24, 4427
46, 1971053.00, 6155430.00, 5109019.00, 24, 4529
47, 1958454.00, 6199806.00, 5094016.00, 24, 4632
48, 1965372.00, 6247096.00, 5058060.00, 24, 4735
49, 1941989.00, 6292407.00, 5061453.00, 24, 4838
50, 1896163.00, 6322118.00, 5005670.00, 24, 4941
51, 1832547.00, 6297241.00, 4946845.00, 24, 5044
52, 1774971.00, 6270804.00, 4875700.00, 24, 5147
53, 1776558.00, 6294169.00, 4766401.00, 24, 5250
54, 1795430.00, 6299971.00, 4710374.00, 24, 5353
55, 1822849.00, 6221973.00, 4824347.00, 24, 5456
56, 1834210.00, 6100260.00, 4989258.00, 24, 5559
57, 1838099.00, 6031298.00, 5081081.00, 24, 5662
58, 1822275.00, 6012467.00, 5104629.00, 24, 5765
59, 1799046.00, 6028350.00, 5069179.00, 24, 5868
60, 1779909.00, 6036791.00, 5048250.00, 24, 5971
61, 1754322.00, 6052853.00, 4998399.00, 24, 6073
62, 1739021.00, 6073824.00, 4941470.00, 24, 6176
63, 1718319.00, 6066795.00, 4944837.00, 24, 6279
64, 1687479.00, 6074836.00, 4902943.00, 24, 6382
65, 1673315.00, 6091684.00, 4905024.00, 24, 6485
66, 1674335.00, 6074039.00, 4934893.00, 24, 6588
67, 1682740.00, 6028252.00, 4946320.00, 24, 6691
68, 1697819.00, 5995644.00, 4980438.00, 24, 6794
69, 1705180.00, 5981754.00, 4993711.00, 24, 6897
70, 1710121.00, 5973888.00, 4982771.00, 24, 7000
71, 1716223.00, 5954886.00, 4999735.00, 24, 7103
72, 1705181.00, 5935479.00, 5032362.00, 24, 7206
73, 1687149.00, 5925145.00, 5061367.00, 24, 7309
74, 1669554.00, 5935743.00, 5073359.00, 24, 7412
75, 1642552.00, 5971257.00, 5029040.00, 24, 7515
76, 1623413.00, 5987650.00, 4953233.00, 24, 7617
77, 1614221.00, 5970089.00, 4981516.00, 24, 7720
78, 1616144.00, 5955482.00, 5022902.00, 24, 7823
79, 1626302.00, 5937526.00, 5075929.00, 24, 7926
80, 1634967.00, 5921297.00, 5102524.00, 24, 8029
81, 1638996.00, 5928511.00, 5100873.00, 24, 8132
82, 1639551.00, 5937890.00, 5112669.00, 24, 8235
83, 1634986.00, 5950892.00, 5103246.00, 24, 8338
84, 1626161.00, 5982195.00, 5059094.00, 24, 8441
85, 1626360.00, 6005780.00, 5021673.00, 24, 8544
86, 1637770.00, 6004811.00, 5011931.00, 24, 8647
87, 1651016.00, 6003232.00, 5000880.00, 24, 8750
88, 1667915.00, 6001955.00, 4993470.00, 24, 8853
89, 1690654.00, 5996270.00, 5002962.00, 24, 8956
90, 1710317.00, 5989555.00, 5021764.00, 24, 9059
91, 1721205.00, 5984865.00, 5037860.00, 24, 9161
92, 1728936.00, 5984308.00, 5041255.00, 24, 9264
93, 1740594.00, 5979885.00, 5061209.00, 24, 9367
94, 1754223.00, 5955776.00, 5079504.00, 24, 9470
95, 1763288.00, 5956504.00, 5083963.00, 24, 9573
96, 1771396.00, 5961781.00, 5075921.00, 24, 9676
97, 1785298.00, 5968024.00, 5063113.00, 24, 9779
98, 1803288.00, 5971076.00, 5060955.00, 24, 9882
99, 1817096.00, 5972520.00, 5062422.00, 24, 9985
100, 1823209.00, 5974888.00, 5060531.00, 24, 10088
101, 1827704.00, 5978648.00, 5054882.00, 24, 10191
102, 1834507.00, 5981023.00, 5050911.00, 24, 10294
103, 1844263.00, 5981478.00, 5050148.00, 24, 10397
104, 1852734.00, 5981914.00, 5049259.00, 24, 10500
105, 1858980.00, 5984430.00, 5036259.00, 24, 10602
106, 1861729.00, 5986921.00, 5031536.00, 24, 10705
107, 1863383.00, 5987695.00, 5031955.00, 24, 10808
108, 1866502.00, 5989930.00, 5027716.00, 24, 10911
109, 1874892.00, 5991518.00, 5030975.00, 24, 11014
110, 1888141.00, 5981313.00, 5053384.00, 24, 11117
111, 1896996.00, 5971607.00, 5061317.00, 24, 11220
112, 1900244.00, 5973149.00, 5049116.00, 24, 11323
113, 1907412.00, 5981686.00, 5037550.00, 24, 11426
114, 1919813.00, 5987416.00, 5036652.00, 24, 11529
115, 1927378.00, 5989965.00, 5034385.00, 24, 11632
116, 1933552.00, 5992958.00, 5025980.00, 24, 11735
117, 1947950.00, 5992560.00, 5031291.00, 24, 11838
118, 1962510.00, 5982446.00, 5056761.00, 24, 11941
119, 1952555.00, 5989375.00, 5002277.00, 24, 12044
120, 1935146.00, 6015622.00, 4975059.00, 24, 12146
121, 1937128.00, 6024430.00, 4959972.00, 24, 12249
122, 1951321.00, 6034019.00, 4952289.00, 24, 12352
123, 1963969.00, 6025999.00, 4965742.00, 24, 12455
124, 1971915.00, 6013516.00, 4981809.00, 24, 12558
125, 1971184.00, 6012355.00, 4978677.00, 24, 12661
126, 1967772.00, 6014955.00, 4971007.00, 24, 12764
127, 1973938.00, 6012218.00, 4977255.00, 24, 12867
128, 1980263.00, 6007336.00, 4984213.00, 24, 12970
129, 1983304.00, 6000538.00, 4990770.00, 24, 13073
130, 1986147.00, 5995306.00, 4996486.00, 24, 13176
131, 1991111.00, 5990747.00, 5002501.00, 24, 13279
132, 1996091.00, 5984604.00, 5013049.00, 24, 13382
133, 1999687.00, 5980309.00, 5022424.00, 24, 13485
134, 2002101.00, 5980309.00, 5021372.00, 24, 13588
135, 2002048.00, 5982874.00, 5018763.00, 24, 13690
136, 2003098.00, 5985587.00, 5019527.00, 24, 13793
137, 2007154.00, 5986191.00, 5022599.00, 24, 13896
138, 2012344.00, 5983642.00, 5027319.00, 24, 13999
139, 2014339.00, 5979431.00, 5028483.00, 24, 14102
140, 2014299.00, 5977484.00, 5026023.00, 24, 14205
141, 2014135.00, 5977490.00, 5025949.00, 24, 14308
142, 2011651.00, 5976505.00, 5031341.00, 24, 14411
143, 2010425.00, 5974957.00, 5037315.00, 24, 14514
144, 2012115.00, 5973658.00, 5046684.00, 24, 14617
145, 2010711.00, 5973326.00, 5052353.00, 24, 14720
146, 2007284.00, 5977728.00, 5045478.00, 24, 14823
147, 2002592.00, 5977848.00, 5039952.00, 24, 14926
148, 1996629.00, 5979776.00, 5031431.00, 24, 15028
149, 1992310.00, 5980365.00, 5028643.00, 24, 15131
150, 1990236.00, 5980205.00, 5029429.00, 24, 15234
151, 1993168.00, 5981455.00, 5032064.00, 24, 15337
152, 2001813.00, 5987764.00, 5038762.00, 24, 15440
153, 2006952.00, 5994711.00, 5044313.00, 24, 15543
154, 2006861.00, 5994956.00, 5046082.00, 24, 15646
155, 2003784.00, 5990126.00, 5042521.00, 24, 15749
156, 1998400.00, 5984168.00, 5036307.00, 24, 15852
157, 1994849.00, 5978896.00, 5030968.00, 24, 15955
158, 1993975.00, 5971538.00, 5038170.00, 24, 16058
159, 1989176.00, 5962863.00, 5049263.00, 24, 16161
160, 1981523.00, 5953578.00, 5055637.00, 24, 16264
161, 1982308.00, 5953184.00, 5050741.00, 24, 16367
162, 1985065.00, 5954688.00, 5042549.00, 24, 16469
163, 1983732.00, 5955513.00, 5033741.00, 24, 16572
164, 1982249.00, 5960364.00, 5023610.00, 24, 16675
165, 1981225.00, 5964245.00, 5022215.00, 24, 16778
166, 1980611.00, 5964765.00, 5022876.00, 24, 16881
167, 1976935.00, 5964739.00, 5019404.00, 24, 16984
168, 1973387.00, 5965939.00, 5012179.00, 24, 17087
169, 1973327.00, 5967483.00, 5010170.00, 24, 17190
170, 1974557.00, 5968586.00, 5013442.00, 24, 17293
171, 1970864.00, 5970951.00, 5013464.00, 24, 17396
172, 1962360.00, 5975728.00, 5009545.00, 24, 17499
173, 1956283.00, 5984254.00, 5004710.00, 24, 17602
174, 1952000.00, 5984366.00, 4999443.00, 24, 17705
175, 1950412.00, 5979004.00, 4997832.00, 24, 17807
176, 1951036.00, 5972568.00, 5015371.00, 24, 17910
177, 1954078.00, 5971119.00, 5020707.00, 24, 18013
178, 1957778.00, 5973132.00, 5021344.00, 24, 18116
179, 1960407.00, 5972991.00, 5023980.00, 24, 18219
180, 1964994.00, 5962275.00, 5037877.00, 24, 18322
181, 1966624.00, 5951240.00, 5043673.00, 24, 18425
182, 1979859.00, 5942131.00, 5063065.00, 24, 18528
183, 1990523.00, 5940337.00, 5074125.00, 24, 18631
184, 1989391.00, 5951924.00, 5053904.00, 24, 18734
185, 1977805.00, 5994724.00, 4995396.00, 24, 18837
186, 1976616.00, 6056070.00, 4895542.00, 24, 18940
187, 1977366.00, 6104994.00, 4783142.00, 24, 19043
188, 1986531.00, 6138155.00, 4720326.00, 24, 19145
189, 2012419.00, 6186301.00, 4722876.00, 24, 19248
190, 2038501.00, 6261159.00, 4658417.00, 24, 19351
191, 2058133.00, 6273615.00, 4673067.00, 24, 19454
192, 2069215.00, 6228511.00, 4741726.00, 24, 19557
193, 2072372.00, 6167213.00, 4826171.00, 24, 19660
194, 2088946.00, 6124270.00, 4870150.00, 24, 19763
195, 2093724.00, 6111578.00, 4891547.00, 24, 19866
196, 2079596.00, 6092387.00, 4920299.00, 24, 19969
197, 2033520.00, 6070623.00, 4944926.00, 24, 20072
198, 1981669.00, 6044367.00, 4963918.00, 24, 20175
199, 1984065.00, 6055587.00, 4938454.00, 24, 20278
200, 2015937.00, 6109311.00, 4891453.00, 24, 20381
201, 2043860.00, 6174074.00, 4816088.00, 24, 20483
202, 2054871.00, 6155653.00, 4763464.00, 24, 20586
203, 2075532.00, 6102144.00, 4832714.00, 24, 20689
204, 2087824.00, 6085985.00, 4938829.00, 24, 20792
205, 2067215.00, 6068508.00, 4965404.00, 24, 20895
206, 2047899.00, 6039947.00, 5027750.00, 24, 20998
207, 2034493.00, 6011496.00, 5095140.00, 24, 21101
208, 2011102.00, 6008519.00, 5109030.00, 24, 21204
209, 1971285.00, 5973047.00, 5114376.00, 24, 21307
210, 1945994.00, 5901392.00, 5125368.00, 24, 21410
211, 1953456.00, 5888694.00, 5100761.00, 24, 21513
212, 1993956.00, 5920336.00, 5095264.00, 24, 21616
213, 2021243.00, 5950274.00, 5138080.00, 24, 21719
214, 2018873.00, 5938365.00, 5199678.00, 24, 21821
215, 2006006.00, 5897062.00, 5252798.00, 24, 21924
216, 1994257.00, 5868680.00, 5263514.00, 24, 22027
217, 1988811.00, 5855555.00, 5263214.00, 24, 22130
218, 1992697.00, 5858446.00, 5256209.00, 24, 22233
219, 2008902.00, 5870704.00, 5263068.00, 24, 22336
220, 2023878.00, 5875613.00, 5268475.00, 24, 22439
221, 2030081.00, 5878223.00, 5250019.00, 24, 22542
222, 2028612.00, 5895525.00, 5217072.00, 24, 22645
223, 2023916.00, 5910531.00, 5198181.00, 24, 22748
224, 2013151.00, 5918404.00, 5175506.00, 24, 22851
225, 2002785.00, 5930831.00, 5161863.00, 24, 22954
226, 2001136.00, 5931290.00, 5163035.00, 24, 23057
227, 2003077.00, 5931163.00, 5166836.00, 24, 23160
228, 1998778.00, 5933813.00, 5167418.00, 24, 23263
229, 1986328.00, 5938280.00, 5157270.00, 24, 23365
230, 1973842.00, 5941272.00, 5145824.00, 24, 23468
231, 1967169.00, 5940387.00, 5138416.00, 24, 23571
232, 1966734.00, 5931272.00, 5153053.00, 24, 23674
233, 1967455.00, 5923626.00, 5155845.00, 24, 23777
234, 1968116.00, 5923032.00, 5151949.00, 24, 23880
235, 1968909.00, 5924241.00, 5148479.00, 24, 23983
236, 1968863.00, 5924913.00, 5147138.00, 24, 24086
237, 1969528.00, 5922575.00, 5150968.00, 24, 24189
238, 1969082.00, 5918043.00, 5156947.00, 24, 24292
239, 1969656.00, 5913678.00, 5162349.00, 24, 24395
240, 1969785.00, 5910978.00, 5166851.00, 24, 24498
241, 1970700.00, 5907342.00, 5175000.00, 24, 24601
242, 1973107.00, 5902043.00, 5186237.00, 24, 24704
243, 1973269.00, 5898537.00, 5193521.00, 24, 24806
244, 1968980.00, 5898452.00, 5194102.00, 24, 24909
245, 1963232.00, 5901898.00, 5188355.00, 24, 25012
246, 1958508.00, 5905336.00, 5181666.00, 24, 25115
247, 1953159.00, 5905169.00, 5185015.00, 24, 25218
248, 1947822.00, 5902200.00, 5188508.00, 24, 25321
249, 1943274.00, 5899173.00, 5194247.00, 24, 25424
250, 1940240.00, 5894800.00, 5201898.00, 24, 25527
251, 1939110.00, 5889718.00, 5212275.00, 24, 25630
252, 1937749.00, 5877807.00, 5225225.00, 24, 25733
253, 1936051.00, 5865384.00, 5240195.00, 24, 25836
254, 1935650.00, 5846611.00, 5261108.00, 24, 25939
255, 1936038.00, 5830179.00, 5284374.00, 24, 26042
256, 1937922.00, 5809710.00, 5307149.00, 24, 26144
257, 1944411.00, 5789441.00, 5332506.00, 24, 26247
258, 1947958.00, 5789580.00, 5329293.00, 24, 26350
259, 1949211.00, 5809149.00, 5279963.00, 24, 26453
260, 1951337.00, 5821310.00, 5229096.00, 24, 26556
261, 1953221.00, 5818453.00, 5212066.00, 24, 26659
262, 1957091.00, 5804796.00, 5213407.00, 24, 26762
263, 1965332.00, 5809385.00, 5177583.00, 24, 26865
264, 1985996.00, 5843569.00, 5138095.00, 24, 26968
265, 2003084.00, 5885488.00, 5108232.00, 24, 27071
266, 2001150.00, 5898041.00, 5082103.00, 24, 27174
267, 1999133.00, 5912389.00, 5031034.00, 24, 27277
268, 1998372.00, 5932797.00, 4979921.00, 24, 27380
269, 1986750.00, 5921657.00, 4952545.00, 24, 27482
270, 1974648.00, 5891755.00, 4951980.00, 24, 27585
271, 1971438.00, 5872386.00, 4944054.00, 24, 27688
272, 1966249.00, 5862363.00, 4933486.00, 24, 27791
273, 1954277.00, 5835243.00, 4955641.00, 24, 27894
274, 1929385.00, 5798057.00, 4998014.00, 24, 27997
275, 1902461.00, 5775119.00, 5039783.00, 24, 28100
RECORDING Time: 10:42:35
BASELINE Time: 10:42:43
1, 5397917.00, 5935424.00, 4473627.00, 24, 0
2, 5457140.00, 5919074.00, 4608796.00, 24, 0
3, 5495531.00, 5904220.00, 4665839.00, 24, 103
4, 5509841.00, 5897152.00, 4696589.00, 24, 206
5, 5519598.00, 5891693.00, 4710483.00, 24, 309
6, 5526396.00, 5875975.00, 4742910.00, 24, 412
7, 5547113.00, 5860140.00, 4772394.00, 24, 515
8, 5582271.00, 5864607.00, 4788365.00, 24, 618
9, 5597909.00, 5880848.00, 4727888.00, 24, 721
10, 5604342.00, 5890584.00, 4650173.00, 24, 824
11, 5605948.00, 5887383.00, 4595293.00, 24, 927
12, 5601752.00, 5879031.00, 4558603.00, 24, 1030
13, 5592158.00, 5856926.00, 4540750.00, 24, 1132
14, 5585225.00, 5813101.00, 4564164.00, 24, 1235
15, 5598040.00, 5810488.00, 4591206.00, 24, 1338
16, 5625517.00, 5868284.00, 4541510.00, 24, 1441
17, 5658987.00, 5927092.00, 4489341.00, 24, 1544
18, 5678026.00, 5965166.00, 4490684.00, 24, 1647
19, 5673660.00, 6003345.00, 4473957.00, 24, 1750
20, 5654588.00, 6010481.00, 4430195.00, 24, 1853
21, 5628085.00, 5971618.00, 4481107.00, 24, 1956
22, 5592291.00, 5878665.00, 4554278.00, 24, 2059
23, 5604599.00, 5790170.00, 4638556.00, 24, 2162
24, 5658827.00, 5745991.00, 4700831.00, 24, 2265
25, 5711006.00, 5758555.00, 4667446.00, 24, 2368
26, 5740959.00, 5837075.00, 4523701.00, 24, 2470
27, 5750655.00, 5971671.00, 4312403.00, 24, 2573
28, 5710977.00, 6130657.00, 4099900.00, 24, 2676
29, 5652645.00, 6257971.00, 3971035.00, 24, 2779
30, 5644901.00, 6358999.00, 3929987.00, 24, 2882
31, 5640878.00, 6378324.00, 3896120.00, 24, 2985
32, 5618954.00, 6341899.00, 3909046.00, 24, 3088
33, 5614301.00, 6320437.00, 3947868.00, 24, 3191
34, 5618030.00, 6282351.00, 3989193.00, 24, 3294
35, 5616914.00, 6222480.00, 4066154.00, 24, 3397
36, 5615585.00, 6176405.00, 4121541.00, 24, 3500
37, 5625122.00, 6165388.00, 4134764.00, 24, 3603
38, 5633089.00, 6162615.00, 4134721.00, 24, 3705
39, 5637698.00, 6164450.00, 4131599.00, 24, 3808
40, 5637082.00, 6157157.00, 4138395.00, 24, 3911
41, 5641320.00, 6147482.00, 4144864.00, 24, 4014
42, 5636106.00, 6144995.00, 4139723.00, 24, 4117
43, 5626037.00, 6145597.00, 4135373.00, 24, 4220
44, 5619448.00, 6146117.00, 4131210.00, 24, 4323
45, 5614213.00, 6147768.00, 4127613.00, 24, 4426
46, 5607206.00, 6146214.00, 4124095.00, 24, 4529
47, 5604102.00, 6136271.00, 4126234.00, 24, 4632
48, 5607760.00, 6131790.00, 4101142.00, 24, 4735
49, 5610370.00, 6137939.00, 4069357.00, 24, 4838
50, 5611388.00, 6145887.00, 4050824.00, 24, 4940
51, 5611061.00, 6146942.00, 4034439.00, 24, 5043
52, 5611871.00, 6150073.00, 4017212.00, 24, 5146
53, 5611545.00, 6155549.00, 4007972.00, 24, 5249
54, 5608779.00, 6160502.00, 3994817.00, 24, 5352
55, 5604851.00, 6164708.00, 3982394.00, 24, 5455
56, 5600646.00, 6156737.00, 3977849.00, 24, 5558
57, 5598086.00, 6149679.00, 3976314.00, 24, 5661
58, 5597168.00, 6141090.00, 3978615.00, 24, 5764
59, 5593301.00, 6135604.00, 3986816.00, 24, 5867
60, 5588346.00, 6135556.00, 3979195.00, 24, 5970
61, 5585095.00, 6126944.00, 3968235.00, 24, 6073
62, 5580012.00, 6112477.00, 3981162.00, 24, 6176
63, 5576599.00, 6107311.00, 3973531.00, 24, 6278
64, 5572701.00, 6103185.00, 3972615.00, 24, 6381
65, 5566333.00, 6099023.00, 3970120.00, 24, 6484
66, 5564229.00, 6099102.00, 3964015.00, 24, 6587
67, 5562945.00, 6102060.00, 3950097.00, 24, 6690
68, 5563618.00, 6105590.00, 3934828.00, 24, 6793
69, 5564060.00, 6104911.00, 3928726.00, 24, 6896
70, 5565678.00, 6107597.00, 3916249.00, 24, 6999
71, 5571169.00, 6107226.00, 3908609.00, 24, 7102
72, 5576817.00, 6107220.00, 3901334.00, 24, 7205
73, 5580212.00, 6112659.00, 3886710.00, 24, 7308
74, 5581485.00, 6116000.00, 3874284.00, 24, 7411
75, 5585257.00, 6119054.00, 3861982.00, 24, 7513
76, 5586958.00, 6124798.00, 3835716.00, 24, 7616
77, 5586601.00, 6127628.00, 3825515.00, 24, 7719
78, 5583764.00, 6131460.00, 3817658.00, 24, 7822
79, 5577456.00, 6133690.00, 3823550.00, 24, 7925
80, 5578056.00, 6125626.00, 3831299.00, 24, 8028
81, 5579083.00, 6117021.00, 3839585.00, 24, 8131
82, 5580197.00, 6106400.00, 3836705.00, 24, 8234
83, 5580659.00, 6106478.00, 3824507.00, 24, 8337
84, 5589567.00, 6102875.00, 3819683.00, 24, 8440
85, 5608638.00, 6113074.00, 3817651.00, 24, 8543
86, 5629970.00, 6131843.00, 3808111.00, 24, 8646
87, 5642111.00, 6169808.00, 3793491.00, 24, 8748
88, 5639533.00, 6201889.00, 3746047.00, 24, 8851
89, 5641606.00, 6170611.00, 3744988.00, 24, 8954
90, 5653960.00, 6091330.00, 3811602.00, 24, 9057
91, 5667197.00, 6019721.00, 3964943.00, 24, 9160
92, 5680002.00, 5991882.00, 4011327.00, 24, 9263
93, 5678698.00, 5938308.00, 4116853.00, 24, 9366
94, 5670310.00, 5845278.00, 4232675.00, 24, 9469
95, 5678726.00, 5760940.00, 4303422.00, 24, 9572
96, 5693258.00, 5720972.00, 4289954.00, 24, 9675
97, 5710099.00, 5713911.00, 4240837.00, 24, 9778
98, 5721965.00, 5725819.00, 4182794.00, 24, 9881
99, 5717105.00, 5754696.00, 4094922.00, 24, 9983
100, 5711671.00, 5779387.00, 4014154.00, 24, 10086
101, 5711673.00, 5808676.00, 3953254.00, 24, 10189
102, 5705486.00, 5838722.00, 3901795.00, 24, 10292
103, 5693018.00, 5852908.00, 3874313.00, 24, 10395
104, 5680517.00, 5856317.00, 3868360.00, 24, 10498
105, 5675258.00, 5866508.00, 3821634.00, 24, 10601
106, 5678559.00, 5888820.00, 3788837.00, 24, 10704
107, 5673385.00, 5910366.00, 4101892.00, 24, 10807
BASELINE Time: 10:42:54
RECORDING Time: 10:42:57
1, 6004817.00, 5913802.00, 5097456.00, 24, 0
2, 6011644.00, 5901463.00, 5118635.00, 24, 0
3, 6021496.00, 5878712.00, 5197625.00, 24, 103
4, 6028053.00, 5857553.00, 5278769.00, 24, 206
5, 6035943.00, 5848461.00, 5309654.00, 24, 309
6, 6041369.00, 5847745.00, 5315532.00, 24, 412
7, 6045431.00, 5854087.00, 5307316.00, 24, 515
8, 6049335.00, 5869914.00, 5288007.00, 24, 617
9, 6047434.00, 5886170.00, 5238911.00, 24, 720
10, 6044144.00, 5905202.00, 5213433.00, 24, 823
11, 6045874.00, 5919409.00, 5219155.00, 24, 926
12, 6036211.00, 5901588.00, 5256045.00, 24, 1029
13, 6033280.00, 5887315.00, 5266267.00, 24, 1132
14, 6047984.00, 5905589.00, 5258044.00, 24, 1235
15, 6051411.00, 5924813.00, 5249118.00, 24, 1338
16, 6044949.00, 5922859.00, 5256626.00, 24, 1441
17, 6046701.00, 5917527.00, 5266315.00, 24, 1544
18, 6052717.00, 5909211.00, 5295075.00, 24, 1647
19, 6050724.00, 5894842.00, 5317782.00, 24, 1750
20, 6053626.00, 5893939.00, 5311125.00, 24, 1852
21, 6053585.00, 5905690.00, 5303986.00, 24, 1955
22, 6024766.00, 5930027.00, 5293309.00, 24, 2058
23, 5987500.00, 5983824.00, 5224937.00, 24, 2161
24, 5972764.00, 6094410.00, 5088979.00, 24, 2264
25, 5963412.00, 6148250.00, 5029694.00, 24, 2367
26, 5953743.00, 6199214.00, 4992564.00, 24, 2470
27, 5933033.00, 6223332.00, 5017209.00, 24, 2573
28, 5905288.00, 6213889.00, 5061304.00, 24, 2676
29, 5867663.00, 6174067.00, 5090250.00, 24, 2779
30, 5840745.00, 6148469.00, 5091791.00, 24, 2882
31, 5832202.00, 6163625.00, 5047334.00, 24, 2985
32, 5825006.00, 6182260.00, 4990532.00, 24, 3088
33, 5833902.00, 6198295.00, 4940412.00, 24, 3190
34, 5855162.00, 6219975.00, 4911279.00, 24, 3293
35, 5858984.00, 6226358.00, 4924252.00, 24, 3396
36, 5867514.00, 6224046.00, 4943731.00, 24, 3499
37, 5878440.00, 6189571.00, 4993321.00, 24, 3602
38, 5878675.00, 6157900.00, 5086693.00, 24, 3705
39, 5857392.00, 6162089.00, 5072935.00, 24, 3808
40, 5828846.00, 6176199.00, 5062046.00, 24, 3911
41, 5819688.00, 6174575.00, 5073546.00, 24, 4014
42, 5822844.00, 6181443.00, 5060177.00, 24, 4117
43, 5830507.00, 6196243.00, 5049712.00, 24, 4220
44, 5850972.00, 6193832.00, 5066692.00, 24, 4323
45, 5889114.00, 6188949.00, 5084455.00, 24, 4426
46, 5966858.00, 6189599.00, 5098956.00, 24, 4528
47, 6086031.00, 6188189.00, 5133786.00, 24, 4631
48, 6147170.00, 6184149.00, 5169478.00, 24, 4734
49, 6106116.00, 6161130.00, 5213718.00, 24, 4837
50, 6076276.00, 6092375.00, 5260979.00, 24, 4940
51, 6068401.00, 6130774.00, 5196736.00, 24, 5043
52, 6067641.00, 6116032.00, 5189795.00, 24, 5146
53, 6067382.00, 6086402.00, 5237357.00, 24, 5249
54, 6061864.00, 6093241.00, 5214986.00, 24, 5352
55, 6054182.00, 6101837.00, 5201366.00, 24, 5455
56, 6051707.00, 6078084.00, 5265914.00, 24, 5558
57, 6046412.00, 6063890.00, 5310896.00, 24, 5661
58, 6040734.00, 6053448.00, 5352657.00, 24, 5763
59, 6030482.00, 6033347.00, 5406296.00, 24, 5866
60, 6022527.00, 6012582.00, 5454160.00, 24, 5969
61, 6025619.00, 5981350.00, 5533332.00, 24, 6072
62, 6027516.00, 5961153.00, 5585628.00, 24, 6175
63, 6025129.00, 5961688.00, 5573106.00, 24, 6278
64, 6024257.00, 5960544.00, 5537952.00, 24, 6381
65, 6017665.00, 5930380.00, 5547876.00, 24, 6484
66, 6011253.00, 5894823.00, 5629284.00, 24, 6587
67, 6003948.00, 5887590.00, 5635517.00, 24, 6690
68, 5997770.00, 5899368.00, 5640113.00, 24, 6793
69, 6000074.00, 5897728.00, 5656531.00, 24, 6896
70, 6003815.00, 5878708.00, 5682429.00, 24, 6998
71, 6009416.00, 5850915.00, 5653119.00, 24, 7101
72, 6024152.00, 5884243.00, 5551585.00, 24, 7204
73, 6044091.00, 5930738.00, 5499592.00, 24, 7307
74, 6059235.00, 5922104.00, 5462587.00, 24, 7410
75, 6044913.00, 5939765.00, 5273627.00, 24, 7513
76, 6025459.00, 5945982.00, 5164066.00, 24, 7616
77, 6018312.00, 5897218.00, 5307809.00, 24, 7719
78, 5988731.00, 5899504.00, 5394213.00, 24, 7822
79, 5940831.00, 5900021.00, 5391715.00, 24, 7925
80, 5925106.00, 5887314.00, 5368439.00, 24, 8028
81, 5919072.00, 5884366.00, 5424587.00, 24, 8131
82, 5906070.00, 5885418.00, 5437104.00, 24, 8234
83, 5903350.00, 5850837.00, 5499420.00, 24, 8336
84, 5907030.00, 5834136.00, 5527276.00, 24, 8439
85, 5920945.00, 5830284.00, 5539598.00, 24, 8542
86, 5935396.00, 5819947.00, 5558168.00, 24, 8645
87, 5941595.00, 5811089.00, 5565015.00, 24, 8748
88, 5937880.00, 5807926.00, 5549963.00, 24, 8851
89, 5929594.00, 5815504.00, 5513252.00, 24, 8954
90, 5921458.00, 5824135.00, 5485128.00, 24, 9057
91, 5916606.00, 5820876.00, 5478931.00, 24, 9160
92, 5917348.00, 5810043.00, 5490097.00, 24, 9263
93, 5916766.00, 5802111.00, 5508231.00, 24, 9366
94, 5914857.00, 5803375.00, 5512689.00, 24, 9469
95, 5915001.00, 5801904.00, 5522504.00, 24, 9572
96, 5914809.00, 5800394.00, 5517926.00, 24, 9674
97, 5910711.00, 5803322.00, 5504085.00, 24, 9777
98, 5904293.00, 5809740.00, 5487137.00, 24, 9880
99, 5901111.00, 5815544.00, 5483676.00, 24, 9983
100, 5900450.00, 5814010.00, 5492246.00, 24, 10086
101, 5898655.00, 5808577.00, 5499468.00, 24, 10189
102, 5895548.00, 5804386.00, 5504053.00, 24, 10292
103, 5891762.00, 5797465.00, 5507906.00, 24, 10395
104, 5888083.00, 5798172.00, 5509207.00, 24, 10498
105, 5884763.00, 5802015.00, 5505926.00, 24, 10601
106, 5881759.00, 5805938.00, 5500600.00, 24, 10704
107, 5879639.00, 5810219.00, 5491187.00, 24, 10806
108, 5878638.00, 5810873.00, 5481904.00, 24, 10909
109, 5878988.00, 5809819.00, 5478164.00, 24, 11012
110, 5881407.00, 5806746.00, 5482143.00, 24, 11115
111, 5883276.00, 5804629.00, 5482923.00, 24, 11218
112, 5883201.00, 5805364.00, 5478890.00, 24, 11321
113, 5883564.00, 5804960.00, 5480001.00, 24, 11424
114, 5882671.00, 5802121.00, 5485138.00, 24, 11527
115, 5879998.00, 5798517.00, 5492729.00, 24, 11630
116, 5875356.00, 5795859.00, 5497390.00, 24, 11733
117, 5868618.00, 5792393.00, 5502145.00, 24, 11836
118, 5862270.00, 5785040.00, 5512307.00, 24, 11939
119, 5861732.00, 5777956.00, 5521043.00, 24, 12041
120, 5865421.00, 5776206.00, 5522016.00, 24, 12144
121, 5869998.00, 5773885.00, 5524310.00, 24, 12247
122, 5869818.00, 5768800.00, 5534287.00, 24, 12350
123, 5867534.00, 5773378.00, 5523224.00, 24, 12453
124, 5867819.00, 5774300.00, 5534515.00, 24, 12556
125, 5871106.00, 5765773.00, 5560019.00, 24, 12659
126, 5875855.00, 5749306.00, 5586965.00, 24, 12762
127, 5877051.00, 5735566.00, 5594881.00, 24, 12865
128, 5874583.00, 5733821.00, 5586321.00, 24, 12968
129, 5871738.00, 5744005.00, 5574769.00, 24, 13071
130, 5870307.00, 5744344.00, 5570826.00, 24, 13173
131, 5869317.00, 5744247.00, 5568796.00, 24, 13276
132, 5869485.00, 5744450.00, 5566180.00, 24, 13379
133, 5870775.00, 5743649.00, 5564729.00, 24, 13482
134, 5871712.00, 5743062.00, 5563915.00, 24, 13585
135, 5870853.00, 5744606.00, 5559450.00, 24, 13688
136, 5868186.00, 5749036.00, 5551572.00, 24, 13791
137, 5864545.00, 5755833.00, 5524471.00, 24, 13894
138, 5861416.00, 5760868.00, 5515793.00, 24, 13997
139, 5859268.00, 5762034.00, 5513137.00, 24, 14100
140, 5859257.00, 5758644.00, 5517430.00, 24, 14203
141, 5860566.00, 5752780.00, 5525798.00, 24, 14306
142, 5861349.00, 5746261.00, 5535290.00, 24, 14408
143, 5860604.00, 5740319.00, 5539923.00, 24, 14511
144, 5858834.00, 5739864.00, 5533654.00, 24, 14614
145, 5858483.00, 5743119.00, 5526028.00, 24, 14717
146, 5860495.00, 5742951.00, 5528182.00, 24, 14820
147, 5861001.00, 5739594.00, 5535378.00, 24, 14923
148, 5858095.00, 5731197.00, 5547525.00, 24, 15026
149, 5853945.00, 5712336.00, 5575742.00, 24, 15129
150, 5852007.00, 5701807.00, 5592433.00, 24, 15232
151, 5851245.00, 5701866.00, 5592588.00, 24, 15335
152, 5847845.00, 5704250.00, 5576329.00, 24, 15438
153, 5844617.00, 5710844.00, 5566616.00, 24, 15540
154, 5842625.00, 5712153.00, 5574116.00, 24, 15643
155, 5838894.00, 5701619.00, 5577836.00, 24, 15746
156, 5831404.00, 5710099.00, 5552354.00, 24, 15849
157, 5824065.00, 5725223.00, 5522100.00, 24, 15952
158, 5821256.00, 5731375.00, 5503082.00, 24, 16055
159, 5822764.00, 5728802.00, 5498482.00, 24, 16158
160, 5825791.00, 5724938.00, 5501931.00, 24, 16261
161, 5828663.00, 5723602.00, 5504913.00, 24, 16364
162, 5829990.00, 5730788.00, 5497661.00, 24, 16467
163, 5830690.00, 5741151.00, 5478999.00, 24, 16570
164, 5831494.00, 5745668.00, 5465918.00, 24, 16673
165, 5831311.00, 5750188.00, 5460221.00, 24, 16775
166, 5828810.00, 5762159.00, 5422919.00, 24, 16878
167, 5826183.00, 5775923.00, 5402012.00, 24, 16981
168, 5824387.00, 5785787.00, 5392389.00, 24, 17084
169, 5825951.00, 5786517.00, 5397141.00, 24, 17187
170, 5829814.00, 5780297.00, 5408858.00, 24, 17290
171, 5831378.00, 5774875.00, 5411664.00, 24, 17393
172, 5828838.00, 5777695.00, 5397794.00, 24, 17496
173, 5825939.00, 5786895.00, 5379917.00, 24, 17599
174, 5827282.00, 5791709.00, 5382698.00, 24, 17702
175, 5831445.00, 5788676.00, 5397116.00, 24, 17805
176, 5838253.00, 5779374.00, 5413134.00, 24, 17908
177, 5843747.00, 5770804.00, 5425611.00, 24, 18011
178, 5847560.00, 5770831.00, 5426195.00, 24, 18114
179, 5850857.00, 5776764.00, 5418290.00, 24, 18216
180, 5852065.00, 5784652.00, 5402033.00, 24, 18319
181, 5850127.00, 5789593.00, 5395706.00, 24, 18422
182, 5848777.00, 5790098.00, 5397190.00, 24, 18525
183, 5847341.00, 5784991.00, 5404488.00, 24, 18628
184, 5841808.00, 5780458.00, 5408385.00, 24, 18731
185, 5836261.00, 5775996.00, 5411366.00, 24, 18834
186, 5834551.00, 5771053.00, 5417065.00, 24, 18937
187, 5833916.00, 5767586.00, 5427308.00, 24, 19040
188, 5831866.00, 5771380.00, 5425885.00, 24, 19143
189, 5833155.00, 5771306.00, 5430146.00, 24, 19246
190, 5834721.00, 5769800.00, 5437389.00, 24, 19349
191, 5835754.00, 5767044.00, 5440080.00, 24, 19452
192, 5835179.00, 5768144.00, 5434197.00, 24, 19555
193, 5838342.00, 5768846.00, 5423570.00, 24, 19657
194, 5844695.00, 5765127.00, 5431804.00, 24, 19760
195, 5844045.00, 5767741.00, 5407917.00, 24, 19863
196, 5842547.00, 5780330.00, 5365597.00, 24, 19966
197, 5850518.00, 5801683.00, 5311005.00, 24, 20069
198, 5854375.00, 5847196.00, 5242165.00, 24, 20172
199, 5862424.00, 5877148.00, 5195052.00, 24, 20275
200, 5892412.00, 5943580.00, 5035831.00, 24, 20378
201, 5896035.00, 6064564.00, 4846938.00, 24, 20481
202, 5934579.00, 6168017.00, 4720539.00, 24, 20584
203, 5992176.00, 6288406.00, 4638394.00, 24, 20687
204, 6000659.00, 6375209.00, 4567929.00, 24, 20790
205, 5988127.00, 6408076.00, 4524893.00, 24, 20893
206, 5985981.00, 6373186.00, 4569063.00, 24, 20995
207, 5983974.00, 6363585.00, 4576953.00, 24, 21098
208, 6001322.00, 6330459.00, 4629462.00, 24, 21201
209, 6032050.00, 6311999.00, 4656785.00, 24, 21304
210, 6052038.00, 6284131.00, 4699666.00, 24, 21407
211, 6072595.00, 6257822.00, 4739730.00, 24, 21510
212, 6084712.00, 6263638.00, 4738132.00, 24, 21613
213, 6003292.00, 6255078.00, 4733576.00, 24, 21716
214, 5882981.00, 6198409.00, 4777124.00, 24, 21819
215, 5855009.00, 6191253.00, 4771143.00, 24, 21922
216, 5889755.00, 6243342.00, 4703582.00, 24, 22025
217, 5900427.00, 6270576.00, 4653700.00, 24, 22128
218, 5894146.00, 6247983.00, 4689330.00, 24, 22231
219, 5888550.00, 6215748.00, 4745428.00, 24, 22333
220, 5887511.00, 6184576.00, 4800223.00, 24, 22436
221, 5879902.00, 6172611.00, 4823755.00, 24, 22539
222, 5861974.00, 6142854.00, 4889006.00, 24, 22642
223, 5863566.00, 6071349.00, 4972371.00, 24, 22745
224, 5872191.00, 6041837.00, 4963946.00, 24, 22848
225, 5877219.00, 6052064.00, 4930907.00, 24, 22951
226, 5882965.00, 6033117.00, 4919012.00, 24, 23054
227, 5896613.00, 6006158.00, 4883400.00, 24, 23157
228, 5917834.00, 6010558.00, 4820183.00, 24, 23260
229, 5923022.00, 6051329.00, 4766328.00, 24, 23363
230, 5938267.00, 6063728.00, 4845601.00, 24, 23465
231, 5922515.00, 6019044.00, 4998385.00, 24, 23568
232, 5884369.00, 5980792.00, 5036154.00, 24, 23671
233, 5849979.00, 5960170.00, 5051355.00, 24, 23774
234, 5837601.00, 5921795.00, 5091757.00, 24, 23877
235, 5841884.00, 5890656.00, 5139621.00, 24, 23980
236, 5852291.00, 5888525.00, 5149154.00, 24, 24083
237, 5866961.00, 5876721.00, 5196719.00, 24, 24186
238, 5880978.00, 5862212.00, 5224150.00, 24, 24289
239, 5896764.00, 5824214.00, 5286231.00, 24, 24392
240, 5909467.00, 5789084.00, 5332316.00, 24, 24495
241, 5910885.00, 5765273.00, 5325503.00, 24, 24597
242, 5896213.00, 5766791.00, 5252102.00, 24, 24700
243, 5874498.00, 5771375.00, 5183111.00, 24, 24803
244, 5864367.00, 5770159.00, 5148523.00, 24, 24906
245, 5868807.00, 5763941.00, 5143593.00, 24, 25009
246, 5882112.00, 5747507.00, 5164146.00, 24, 25112
247, 5888440.00, 5745097.00, 5186086.00, 24, 25215
248, 5881867.00, 5758337.00, 5171131.00, 24, 25318
249, 5870189.00, 5774446.00, 5141367.00, 24, 25421
250, 5861610.00, 5799212.00, 5097051.00, 24, 25524
251, 5865070.00, 5810120.00, 5078007.00, 24, 25627
252, 5873536.00, 5798488.00, 5104360.00, 24, 25730
253, 5874865.00, 5787177.00, 5106494.00, 24, 25832
254, 5872578.00, 5785900.00, 5096877.00, 24, 25935
255, 5875671.00, 5785056.00, 5111740.00, 24, 26038
256, 5882786.00, 5777070.00, 5133532.00, 24, 26141
257, 5893435.00, 5772119.00, 5147435.00, 24, 26244
258, 5894969.00, 5777161.00, 5134494.00, 24, 26347
259, 5892073.00, 5789360.00, 5094198.00, 24, 26450
260, 5888292.00, 5806860.00, 5056390.00, 24, 26553
261, 5888035.00, 5803374.00, 5055620.00, 24, 26656
262, 5887990.00, 5792848.00, 5078063.00, 24, 26759
263, 5886513.00, 5783740.00, 5095411.00, 24, 26862
264, 5884070.00, 5778028.00, 5110705.00, 24, 26964
265, 5886960.00, 5774855.00, 5124284.00, 24, 27067
266, 5892181.00, 5772971.00, 5130011.00, 24, 27170
267, 5895164.00, 5778763.00, 5120868.00, 24, 27273
268, 5894319.00, 5787321.00, 5102628.00, 24, 27376
269, 5892664.00, 5790342.00, 5089380.00, 24, 27479
270, 5890792.00, 5789082.00, 5080181.00, 24, 27582
271, 5892407.00, 5783432.00, 5084064.00, 24, 27685
272, 5893381.00, 5771821.00, 5099785.00, 24, 27788
273, 5891766.00, 5764049.00, 5093933.00, 24, 27891
274, 5898631.00, 5763069.00, 5006699.00, 24, 27994
275, 5915722.00, 5772511.00, 4952348.00, 24, 28097
276, 5943520.00, 5806010.00, 4959934.00, 24, 28199
277, 5965675.00, 5865110.00, 4957041.00, 24, 28302
278, 5971577.00, 5914001.00, 4917644.00, 24, 28405
RECORDING Time: 10:43:26
BASELINE Time: 10:43:30
1, 5955033.00, 5876090.00, 4944658.00, 24, 0
2, 5953196.00, 5869054.00, 4946903.00, 24, 0
3, 5947316.00, 5866608.00, 4987603.00, 24, 103
4, 5953171.00, 5863590.00, 4978167.00, 24, 206
5, 5966682.00, 5857373.00, 4978874.00, 24, 309
6, 5975910.00, 5857847.00, 4972751.00, 24, 412
7, 5982364.00, 5864384.00, 4953369.00, 24, 515
8, 5986350.00, 5869009.00, 4936987.00, 24, 618
9, 5990666.00, 5874172.00, 4909554.00, 24, 721
10, 5999204.00, 5887957.00, 4888186.00, 24, 824
11, 6012334.00, 5902392.00, 4884986.00, 24, 927
12, 6026817.00, 5903581.00, 4901221.00, 24, 1030
13, 6037286.00, 5890185.00, 4939548.00, 24, 1132
14, 6042150.00, 5882229.00, 4962113.00, 24, 1235
15, 6041472.00, 5893494.00, 4950728.00, 24, 1338
16, 6030060.00, 5899186.00, 4949714.00, 24, 1441
17, 6001764.00, 5883774.00, 4980012.00, 24, 1544
18, 5978703.00, 5835611.00, 5146594.00, 24, 1647
19, 5967655.00, 5789828.00, 5171014.00, 24, 1750
20, 5952839.00, 5792049.00, 5158450.00, 24, 1853
21, 5945798.00, 5804087.00, 5177202.00, 24, 1956
22, 5938560.00, 5800979.00, 5209068.00, 24, 2059
23, 5936150.00, 5814389.00, 5234696.00, 24, 2162
24, 5941201.00, 5828627.00, 5252651.00, 24, 2264
25, 5945213.00, 5832504.00, 5271629.00, 24, 2367
26, 5940966.00, 5836717.00, 5285660.00, 24, 2470
27, 5933984.00, 5843575.00, 5287575.00, 24, 2573
28, 5937025.00, 5832150.00, 5303706.00, 24, 2676
29, 5943444.00, 5820826.00, 5342351.00, 24, 2779
30, 5940658.00, 5826715.00, 5362498.00, 24, 2882
31, 5936516.00, 5836386.00, 5358527.00, 24, 2985
32, 5935383.00, 5833343.00, 5385182.00, 24, 3088
33, 5934617.00, 5817730.00, 5397345.00, 24, 3191
34, 5939807.00, 5812069.00, 5403349.00, 24, 3294
35, 5948485.00, 5806698.00, 5427684.00, 24, 3397
36, 5947842.00, 5805027.00, 5436915.00, 24, 3500
37, 5943637.00, 5822433.00, 5422873.00, 24, 3602
38, 5946623.00, 5841129.00, 5419451.00, 24, 3705
39, 5943238.00, 5854662.00, 5412006.00, 24, 3808
40, 5937258.00, 5878182.00, 5379271.00, 24, 3911
41, 5937977.00, 5896844.00, 5361544.00, 24, 4014
42, 5937381.00, 5893893.00, 5367517.00, 24, 4117
43, 5940019.00, 5885989.00, 5369388.00, 24, 4220
44, 5944076.00, 5871724.00, 5388231.00, 24, 4323
45, 5946625.00, 5864113.00, 5396804.00, 24, 4426
46, 5951120.00, 5862280.00, 5423424.00, 24, 4529
47, 5948149.00, 5856149.00, 5422902.00, 24, 4632
48, 5942996.00, 5856661.00, 5413420.00, 24, 4735
49, 5944163.00, 5850894.00, 5425559.00, 24, 4837
50, 5945320.00, 5844745.00, 5436576.00, 24, 4940
51, 5945584.00, 5831307.00, 5452922.00, 24, 5043
52, 5943944.00, 5817164.00, 5475767.00, 24, 5146
53, 5943789.00, 5818375.00, 5473684.00, 24, 5249
54, 5947762.00, 5821013.00, 5477870.00, 24, 5352
55, 5950689.00, 5836363.00, 5466152.00, 24, 5455
56, 5962808.00, 5838800.00, 5458036.00, 24, 5558
57, 5975700.00, 5820081.00, 5499995.00, 24, 5661
58, 5970953.00, 5841073.00, 5501317.00, 24, 5764
59, 5954300.00, 5884184.00, 5427758.00, 24, 5867
60, 5939083.00, 5906268.00, 5331298.00, 24, 5970
61, 5938884.00, 5900603.00, 5357702.00, 24, 6072
62, 5948894.00, 5870887.00, 5406101.00, 24, 6175
63, 5955544.00, 5849191.00, 5423397.00, 24, 6278
64, 5953651.00, 5848208.00, 5411085.00, 24, 6381
65, 5948364.00, 5863245.00, 5390158.00, 24, 6484
66, 5948726.00, 5876947.00, 5391969.00, 24, 6587
67, 5950979.00, 5879532.00, 5412010.00, 24, 6690
68, 5950129.00, 5893164.00, 5416989.00, 24, 6793
69, 5947765.00, 5907283.00, 5424316.00, 24, 6896
70, 5945098.00, 5908261.00, 5439804.00, 24, 6999
71, 5945899.00, 5904499.00, 5453271.00, 24, 7102
72, 5954053.00, 5895699.00, 5477570.00, 24, 7204
73, 5962720.00, 5872759.00, 5524889.00, 24, 7307
74, 5965947.00, 5843704.00, 5592314.00, 24, 7410
75, 5962069.00, 5831455.00, 5574162.00, 24, 7513
76, 5953841.00, 5848083.00, 5533200.00, 24, 7616
77, 5947341.00, 5875760.00, 5479510.00, 24, 7719
78, 5949832.00, 5880890.00, 5466919.00, 24, 7822
79, 5957330.00, 5868130.00, 5494616.00, 24, 7925
80, 5952945.00, 5877997.00, 5481481.00, 24, 8028
81, 5945174.00, 5902390.00, 5440072.00, 24, 8131
82, 5942345.00, 5917890.00, 5409382.00, 24, 8234
83, 5952478.00, 5898301.00, 5432689.00, 24, 8336
84, 5967358.00, 5876288.00, 5487846.00, 24, 8439
85, 5978623.00, 5873345.00, 5515346.00, 24, 8542
86, 5982885.00, 5872581.00, 5532858.00, 24, 8645
87, 5981477.00, 5872242.00, 5539389.00, 24, 8748
88, 5976530.00, 5874403.00, 5537576.00, 24, 8851
89, 5965848.00, 5884470.00, 5489640.00, 24, 8954
90, 5953585.00, 5900420.00, 5458491.00, 24, 9057
91, 5946958.00, 5907535.00, 5450342.00, 24, 9160
92, 5945862.00, 5904098.00, 5455980.00, 24, 9263
93, 5949369.00, 5896664.00, 5469554.00, 24, 9366
94, 5951704.00, 5889244.00, 5479068.00, 24, 9468
95, 5949996.00, 5891124.00, 5472490.00, 24, 9571
96, 5949301.00, 5897697.00, 5469910.00, 24, 9674
97, 5946292.00, 5901115.00, 5465909.00, 24, 9777
98, 5949570.00, 5908734.00, 5459167.00, 24, 9880
99, 5958361.00, 5893848.00, 5505259.00, 24, 9983
100, 5961220.00, 5855855.00, 5566880.00, 24, 10086
101, 5969509.00, 5779510.00, 5612801.00, 24, 10189
102, 5991640.00, 5742881.00, 5679056.00, 24, 10292
103, 6030127.00, 5712241.00, 5849577.00, 24, 10395
104, 6040779.00, 5728708.00, 5848998.00, 24, 10498
105, 6024475.00, 5775465.00, 5772353.00, 24, 10600
106, 6019298.00, 5785723.00, 5718380.00, 24, 10703
107, 6018688.00, 5794082.00, 5653499.00, 24, 10806
108, 6030240.00, 5777650.00, 5651423.00, 24, 10909
109, 6043001.00, 5743481.00, 5676343.00, 24, 11012
110, 6047159.00, 5717844.00, 5655162.00, 24, 11115
111, 6040470.00, 5731906.00, 5528456.00, 24, 11218
112, 6048584.00, 5744471.00, 5390000.00, 24, 11321
113, 6080876.00, 5784797.00, 5245588.00, 24, 11424
114, 6118989.00, 5825682.00, 5128071.00, 24, 11527
115, 6127378.00, 5855173.00, 5076119.00, 24, 11630
116, 6114230.00, 5899800.00, 4989938.00, 24, 11733
117, 6089903.00, 5921819.00, 4911482.00, 24, 11835
118, 6049013.00, 5921337.00, 4911309.00, 24, 11938
119, 6005329.00, 5903919.00, 4918470.00, 24, 12041
120, 5974975.00, 5893269.00, 4914970.00, 24, 12144
121, 5960251.00, 5890604.00, 4921771.00, 24, 12247
122, 5967532.00, 5876985.00, 4943645.00, 24, 12350
123, 5985656.00, 5873474.00, 4937978.00, 24, 12453
124, 5999225.00, 5894797.00, 4905891.00, 24, 12556
125, 5997289.00, 5904223.00, 4857287.00, 24, 12659
126, 5993274.00, 5894670.00, 4859739.00, 24, 12762
127, 6001314.00, 5878434.00, 4941736.00, 24, 12865
128, 6004929.00, 5817809.00, 5015836.00, 24, 12968
129, 6007281.00, 5813382.00, 5063624.00, 24, 13070
130, 6004489.00, 5818851.00, 5070815.00, 24, 13173
131, 6003384.00, 5816087.00, 5067505.00, 24, 13276
132, 5998711.00, 5812517.00, 5068332.00, 24, 13379
133, 5993065.00, 5816171.00, 5051540.00, 24, 13482
134, 5992790.00, 5820836.00, 5027690.00, 24, 13585
135, 5994842.00, 5827224.00, 4989108.00, 24, 13688
136, 5996859.00, 5834157.00, 4953632.00, 24, 13791
137, 5993929.00, 5842975.00, 4931954.00, 24, 13894
138, 5988263.00, 5855505.00, 4892720.00, 24, 13997
139, 5986036.00, 5865972.00, 4870976.00, 24, 14100
140, 5992056.00, 5872397.00, 4862296.00, 24, 14202
141, 6000095.00, 5889520.00, 4836538.00, 24, 14305
142, 6003671.00, 5914856.00, 4797417.00, 24, 14408
143, 6000558.00, 5930263.00, 4771714.00, 24, 14511
144, 5995000.00, 5942423.00, 4736190.00, 24, 14614
145, 5994915.00, 5946106.00, 4678746.00, 24, 14717
146, 5999112.00, 5936571.00, 4687647.00, 24, 14820
147, 6001719.00, 5920869.00, 4702618.00, 24, 14923
148, 6001209.00, 5905667.00, 4697688.00, 24, 15026
149, 6006765.00, 5895956.00, 4686255.00, 24, 15129
150, 6003952.00, 5890457.00, 4683952.00, 24, 15232
151, 5971257.00, 5888688.00, 4682059.00, 24, 15335
152, 5942713.00, 5893699.00, 4680901.00, 24, 15437
153, 5965370.00, 5896304.00, 4688365.00, 24, 15540
154, 5974985.00, 5894990.00, 4696572.00, 24, 15643
155, 5973387.00, 5901600.00, 4690353.00, 24, 15746
156, 5989305.00, 5904490.00, 4691609.00, 24, 15849
157, 5996540.00, 5904734.00, 4738613.00, 24, 15952
158, 5994834.00, 5906516.00, 4755449.00, 24, 16055
159, 5992475.00, 5903300.00, 4755331.00, 24, 16158
160, 5990499.00, 5894840.00, 4774460.00, 24, 16261
161, 5991240.00, 5885839.00, 4788155.00, 24, 16364
162, 5991240.00, 5880813.00, 4799559.00, 24, 16467
163, 5985643.00, 5877250.00, 4806421.00, 24, 16569
164, 5975353.00, 5880688.00, 4810621.00, 24, 16672
165, 5975871.00, 5888307.00, 4934331.00, 24, 16775
166, 5978730.00, 5892742.00, 5161385.00, 24, 16878
167, 5985737.00, 5895948.00, 5310679.00, 24, 16981
168, 5996002.00, 5899089.00, 5357640.00, 24, 17084
169, 5986824.00, 5896614.00, 5362886.00, 24, 17187
170, 5997843.00, 5886284.00, 5315630.00, 24, 17290
171, 6016250.00, 5882284.00, 5239500.00, 24, 17393
172, 6023515.00, 5872917.00, 5174603.00, 24, 17496
173, 6020876.00, 5857452.00, 5236080.00, 24, 17599
174, 6015549.00, 5842428.00, 5299849.00, 24, 17702
175, 6019514.00, 5833205.00, 5302225.00, 24, 17804
176, 6034173.00, 5824746.00, 5322019.00, 24, 17907
177, 6033077.00, 5826207.00, 5268486.00, 24, 18010
178, 6035319.00, 5835241.00, 5190482.00, 24, 18113
179, 6047206.00, 5850550.00, 5170817.00, 24, 18216
180, 6059220.00, 5863154.00, 5105975.00, 24, 18319
181, 6067787.00, 5868987.00, 5046632.00, 24, 18422
182, 6070936.00, 5866153.00, 5042415.00, 24, 18525
183, 6071787.00, 5859933.00, 5031430.00, 24, 18628
184, 6073506.00, 5847116.00, 5053261.00, 24, 18731
185, 6073212.00, 5834541.00, 5088668.00, 24, 18834
186, 6069073.00, 5832447.00, 5102956.00, 24, 18936
187, 6059669.00, 5843457.00, 5090013.00, 24, 19039
188, 6051796.00, 5849818.00, 5053857.00, 24, 19142
189, 6049403.00, 5850509.00, 5046726.00, 24, 19245
190, 6048968.00, 5853762.00, 5043550.00, 24, 19348
191, 6048379.00, 5859177.00, 5037961.00, 24, 19451
192, 6047993.00, 5869844.00, 5030050.00, 24, 19554
193, 6045801.00, 5864653.00, 5034947.00, 24, 19657
194, 6041854.00, 5850061.00, 4989005.00, 24, 19760
195, 6038517.00, 5850745.00, 4923416.00, 24, 19863
196, 6045059.00, 5851418.00, 4928519.00, 24, 19966
197, 6053098.00, 5840472.00, 4919151.00, 24, 20069
198, 6060019.00, 5823631.00, 4883732.00, 24, 20171
199, 6062650.00, 5819481.00, 4881414.00, 24, 20274
200, 6068663.00, 5827176.00, 4943606.00, 24, 20377
201, 6074937.00, 5837956.00, 4947348.00, 24, 20480
202, 6070602.00, 5845322.00, 4811276.00, 24, 20583
203, 6053907.00, 5841842.00, 4843823.00, 24, 20686
204, 6039164.00, 5839903.00, 4937207.00, 24, 20789
BASELINE Time: 10:43:51
RECORDING Time: 10:44:12
1, 6245373.00, 5942422.00, 5236579.00, 24, 0
2, 6251952.00, 5944961.00, 5232162.00, 24, 0
3, 6250190.00, 5941558.00, 5172043.00, 24, 103
4, 6244351.00, 5940860.00, 5155488.00, 24, 206
5, 6240818.00, 5938929.00, 5169312.00, 24, 309
6, 6235644.00, 5931166.00, 5173448.00, 24, 412
7, 6223323.00, 5930271.00, 5133488.00, 24, 515
8, 6209994.00, 5935730.00, 5044967.00, 24, 618
9, 6211076.00, 5932997.00, 5053088.00, 24, 721
10, 6216006.00, 5926910.00, 5054706.00, 24, 824
11, 6220971.00, 5925678.00, 5026156.00, 24, 927
12, 6226324.00, 5930064.00, 5000740.00, 24, 1030
13, 6228929.00, 5949944.00, 4970272.00, 24, 1132
14, 6219203.00, 5977585.00, 4934268.00, 24, 1235
15, 6170747.00, 6021839.00, 4871206.00, 24, 1338
16, 6133533.00, 6050399.00, 4793896.00, 24, 1441
17, 6132731.00, 6076593.00, 4763950.00, 24, 1544
18, 6133816.00, 6114721.00, 4682004.00, 24, 1647
19, 6140113.00, 6134241.00, 4699482.00, 24, 1750
20, 6164948.00, 6115774.00, 4763896.00, 24, 1853
21, 6172379.00, 6101394.00, 4779287.00, 24, 1956
22, 6169888.00, 6104201.00, 4773824.00, 24, 2059
23, 6169425.00, 6102400.00, 4774247.00, 24, 2162
24, 6158648.00, 6099204.00, 4783026.00, 24, 2265
25, 6142661.00, 6093657.00, 4804001.00, 24, 2367
26, 6136116.00, 6089469.00, 4819927.00, 24, 2470
27, 6133976.00, 6084001.00, 4819284.00, 24, 2573
28, 6139630.00, 6094090.00, 4782895.00, 24, 2676
29, 6135934.00, 6133124.00, 4704959.00, 24, 2779
30, 6121732.00, 6206835.00, 4573550.00, 24, 2882
31, 6128585.00, 6266988.00, 4472604.00, 24, 2985
32, 6143825.00, 6292973.00, 4504798.00, 24, 3088
33, 6115238.00, 6301814.00, 4542633.00, 24, 3191
34, 6077107.00, 6318678.00, 4524367.00, 24, 3294
35, 6054527.00, 6308845.00, 4539974.00, 24, 3397
36, 6064345.00, 6312683.00, 4543666.00, 24, 3500
37, 6067014.00, 6320931.00, 4519464.00, 24, 3602
38, 6071473.00, 6334435.00, 4477092.00, 24, 3705
39, 6112043.00, 6379359.00, 4403540.00, 24, 3808
40, 6165332.00, 6416924.00, 4343209.00, 24, 3911
41, 6207117.00, 6412281.00, 4351733.00, 24, 4014
42, 6232118.00, 6398775.00, 4404142.00, 24, 4117
43, 6217614.00, 6421423.00, 4390620.00, 24, 4220
44, 6198051.00, 6440494.00, 4328274.00, 24, 4323
45, 6171394.00, 6442052.00, 4299462.00, 24, 4426
46, 6118127.00, 6411745.00, 4379108.00, 24, 4529
47, 6046697.00, 6349821.00, 4466000.00, 24, 4632
48, 5956230.00, 6283734.00, 4556227.00, 24, 4734
49, 5889095.00, 6223124.00, 4622117.00, 24, 4837
50, 5878636.00, 6196682.00, 4655809.00, 24, 4940
51, 5896355.00, 6192320.00, 4696547.00, 24, 5043
52, 5926607.00, 6195733.00, 4731163.00, 24, 5146
53, 5943109.00, 6193486.00, 4759069.00, 24, 5249
54, 5976917.00, 6176621.00, 4787009.00, 24, 5352
55, 6026521.00, 6154254.00, 4831655.00, 24, 5455
56, 6066868.00, 6147266.00, 4837413.00, 24, 5558
57, 6176267.00, 6141825.00, 4822893.00, 24, 5661
58, 6220818.00, 6120505.00, 4866386.00, 24, 5763
59, 6203309.00, 6119623.00, 4889456.00, 24, 5866
60, 6219491.00, 6104299.00, 4939245.00, 24, 5969
61, 6271520.00, 6141505.00, 4882498.00, 24, 6072
62, 6384258.00, 6178191.00, 4849787.00, 24, 6175
63, 6477399.00, 6171129.00, 4909228.00, 24, 6278
64, 6470623.00, 6147535.00, 4921609.00, 24, 6381
65, 6441505.00, 6102982.00, 4938464.00, 24, 6484
66, 6420792.00, 6064858.00, 4971495.00, 24, 6587
67, 6404764.00, 6099721.00, 4883857.00, 24, 6690
68, 6396627.00, 6141588.00, 4790881.00, 24, 6793
69, 6392131.00, 6152784.00, 4770516.00, 24, 6895
70, 6388743.00, 6142833.00, 4780192.00, 24, 6998
71, 6383234.00, 6120759.00, 4819963.00, 24, 7101
72, 6371681.00, 6100013.00, 4841834.00, 24, 7204
73, 6356596.00, 6046953.00, 4886200.00, 24, 7307
74, 6343566.00, 6008197.00, 4957609.00, 24, 7410
75, 6332003.00, 6006199.00, 4954660.00, 24, 7513
76, 6327996.00, 5980945.00, 4974076.00, 24, 7616
77, 6330134.00, 5959312.00, 4972273.00, 24, 7719
78, 6334592.00, 5943193.00, 4949633.00, 24, 7822
79, 6339951.00, 5946340.00, 4869427.00, 24, 7924
80, 6341526.00, 5970340.00, 4770089.00, 24, 8027
81, 6329797.00, 5994328.00, 4668006.00, 24, 8130
82, 6322063.00, 6016795.00, 4616778.00, 24, 8233
83, 6330105.00, 6008299.00, 4706312.00, 24, 8336
84, 6331004.00, 5960302.00, 4895725.00, 24, 8439
85, 6318273.00, 5930235.00, 4963418.00, 24, 8542
86, 6311759.00, 5958429.00, 4928662.00, 24, 8645
87, 6317357.00, 5968852.00, 4921848.00, 24, 8748
88, 6327259.00, 5984168.00, 4901034.00, 24, 8851
89, 6333798.00, 5974001.00, 4930518.00, 24, 8953
90, 6335618.00, 5956787.00, 4957951.00, 24, 9056
91, 6333867.00, 5947707.00, 4968109.00, 24, 9159
92, 6334522.00, 5933080.00, 4998883.00, 24, 9262
93, 6336725.00, 5921701.00, 5027999.00, 24, 9365
94, 6338755.00, 5917030.00, 5042780.00, 24, 9468
95, 6340386.00, 5918639.00, 5042106.00, 24, 9571
96, 6340873.00, 5919405.00, 5041336.00, 24, 9674
97, 6339210.00, 5920816.00, 5038346.00, 24, 9777
98, 6336806.00, 5924324.00, 5027495.00, 24, 9880
99, 6334118.00, 5930296.00, 5010446.00, 24, 9983
100, 6331448.00, 5938509.00, 4987123.00, 24, 10085
101, 6327307.00, 5946808.00, 4963233.00, 24, 10188
102, 6323421.00, 5953311.00, 4928953.00, 24, 10291
103, 6321782.00, 5955570.00, 4927368.00, 24, 10394
104, 6322704.00, 5955429.00, 4933439.00, 24, 10497
105, 6323408.00, 5953290.00, 4935179.00, 24, 10600
106, 6323843.00, 5954509.00, 4933357.00, 24, 10703
107, 6325599.00, 5953655.00, 4944632.00, 24, 10806
108, 6327233.00, 5947247.00, 4961272.00, 24, 10909
109, 6327981.00, 5942436.00, 4968714.00, 24, 11012
110, 6327907.00, 5943125.00, 4963428.00, 24, 11115
111, 6327675.00, 5944699.00, 4962849.00, 24, 11217
112, 6326911.00, 5939785.00, 4968377.00, 24, 11320
113, 6326510.00, 5941120.00, 4969929.00, 24, 11423
114, 6325857.00, 5946401.00, 4965626.00, 24, 11526
115, 6325038.00, 5951420.00, 4953365.00, 24, 11629
116, 6324196.00, 5953639.00, 4944293.00, 24, 11732
117, 6323192.00, 5953719.00, 4937164.00, 24, 11835
118, 6322674.00, 5949488.00, 4942567.00, 24, 11938
119, 6321891.00, 5942359.00, 4948667.00, 24, 12041
120, 6320888.00, 5941955.00, 4941925.00, 24, 12144
121, 6317418.00, 5943828.00, 4931234.00, 24, 12247
122, 6307669.00, 5942361.00, 4908909.00, 24, 12349
123, 6302780.00, 5945637.00, 4885493.00, 24, 12452
124, 6306925.00, 5972680.00, 4849568.00, 24, 12555
125, 6321125.00, 6001150.00, 4829780.00, 24, 12658
126, 6347006.00, 6061602.00, 4766581.00, 24, 12761
127, 6372083.00, 6144756.00, 4678794.00, 24, 12864
128, 6401322.00, 6244564.00, 4575024.00, 24, 12967
129, 6425365.00, 6335201.00, 4471739.00, 24, 13070
130, 6435270.00, 6422016.00, 4346230.00, 24, 13173
131, 6450467.00, 6477382.00, 4275289.00, 24, 13276
132, 6462283.00, 6445155.00, 4337065.00, 24, 13378
133, 6441382.00, 6444329.00, 4256514.00, 24, 13481
134, 6426398.00, 6475049.00, 4262297.00, 24, 13584
135, 6418171.00, 6439961.00, 4314438.00, 24, 13687
136, 6413093.00, 6420966.00, 4291676.00, 24, 13790
137, 6418989.00, 6427785.00, 4288507.00, 24, 13893
138, 6424207.00, 6424508.00, 4281698.00, 24, 13996
139, 6425225.00, 6441597.00, 4256762.00, 24, 14099
140, 6439597.00, 6424110.00, 4252012.00, 24, 14202
141, 6461047.00, 6382558.00, 4301080.00, 24, 14305
142, 6479924.00, 6350424.00, 4379831.00, 24, 14408
143, 6495327.00, 6335349.00, 4427983.00, 24, 14510
144, 6507693.00, 6301978.00, 4444111.00, 24, 14613
145, 6465323.00, 6254657.00, 4554411.00, 24, 14716
146, 6277124.00, 6188352.00, 4581387.00, 24, 14819
147, 6144256.00, 6124098.00, 4611187.00, 24, 14922
148, 6156292.00, 6158721.00, 4565036.00, 24, 15025
149, 6176535.00, 6222363.00, 4490229.00, 24, 15128
150, 6176899.00, 6243837.00, 4480862.00, 24, 15231
151, 6170600.00, 6203651.00, 4554042.00, 24, 15334
152, 6170909.00, 6166862.00, 4631398.00, 24, 15437
153, 6165047.00, 6149235.00, 4683361.00, 24, 15540
154, 6164505.00, 6107353.00, 4769828.00, 24, 15643
155, 6168768.00, 6044652.00, 4883407.00, 24, 15745
156, 6172359.00, 5992734.00, 4972077.00, 24, 15848
157, 6173506.00, 5959188.00, 5025153.00, 24, 15951
158, 6170483.00, 5933186.00, 5059135.00, 24, 16054
159, 6168242.00, 5916992.00, 5032715.00, 24, 16157
160, 6174361.00, 5925236.00, 4941216.00, 24, 16260
161, 6189631.00, 5971013.00, 4848236.00, 24, 16363
162, 6194483.00, 6022228.00, 4831421.00, 24, 16466
163, 6194651.00, 6015734.00, 4885723.00, 24, 16569
164, 6201373.00, 5972425.00, 4951007.00, 24, 16672
165, 6212363.00, 5910328.00, 4993414.00, 24, 16775
166, 6230797.00, 5947524.00, 4958362.00, 24, 16877
167, 6249667.00, 6007681.00, 4867484.00, 24, 16980
168, 6252721.00, 6029084.00, 4789850.00, 24, 17083
169, 6238925.00, 6012232.00, 4780221.00, 24, 17186
170, 6220883.00, 6005599.00, 4776779.00, 24, 17289
171, 6208234.00, 6014655.00, 4749040.00, 24, 17392
172, 6194054.00, 5999394.00, 4728362.00, 24, 17495
173, 6182897.00, 5971170.00, 4775740.00, 24, 17598
174, 6181995.00, 5975728.00, 4753757.00, 24, 17701
175, 6186209.00, 5984534.00, 4750546.00, 24, 17804
176, 6191748.00, 5979303.00, 4772184.00, 24, 17906
177, 6196059.00, 5972168.00, 4786586.00, 24, 18009
RECORDING Time: 10:44:30
BASELINE Time: 10:44:33
1, 6128112.00, 5964175.00, 4351204.00, 24, 0
2, 6121291.00, 5963143.00, 4317285.00, 24, 0
3, 6107545.00, 5961309.00, 4870679.00, 24, 103
4, 6095565.00, 5968068.00, 5096832.00, 24, 206
5, 6082715.00, 5981409.00, 5156582.00, 24, 309
6, 6084536.00, 5981897.00, 5191051.00, 24, 412
7, 6092425.00, 5977272.00, 5213159.00, 24, 515
8, 6096305.00, 5974659.00, 5220137.00, 24, 618
9, 6085758.00, 5971893.00, 5235100.00, 24, 721
10, 6085371.00, 5970711.00, 5235345.00, 24, 823
11, 6093689.00, 5970556.00, 5051656.00, 24, 926
12, 6100150.00, 5972661.00, 4784650.00, 24, 1029
13, 6097755.00, 5982906.00, 4815543.00, 24, 1132
14, 6084582.00, 5995266.00, 4874572.00, 24, 1235
15, 6073748.00, 6003453.00, 4878635.00, 24, 1338
16, 6065839.00, 6004444.00, 4873901.00, 24, 1441
17, 6056249.00, 5998195.00, 4916848.00, 24, 1544
18, 6046628.00, 5984356.00, 4956869.00, 24, 1647
19, 6045409.00, 5950681.00, 4985121.00, 24, 1750
20, 6051587.00, 5960886.00, 4982524.00, 24, 1852
21, 6061940.00, 5982651.00, 4966070.00, 24, 1955
22, 6069948.00, 5998282.00, 4952872.00, 24, 2058
23, 6070264.00, 6000142.00, 4955327.00, 24, 2161
24, 6065745.00, 5991990.00, 4965641.00, 24, 2264
25, 6064388.00, 5975176.00, 4998499.00, 24, 2367
26, 6065621.00, 5967722.00, 5032279.00, 24, 2470
27, 6068720.00, 5966141.00, 5048038.00, 24, 2573
28, 6076093.00, 5959363.00, 5070859.00, 24, 2676
29, 6091476.00, 5961982.00, 5094437.00, 24, 2779
30, 6102282.00, 5977652.00, 5100426.00, 24, 2881
31, 6104960.00, 6001543.00, 5018730.00, 24, 2984
32, 6102841.00, 6055101.00, 4914664.00, 24, 3087
33, 6093808.00, 6099198.00, 4863819.00, 24, 3190
34, 6090250.00, 6105145.00, 4867912.00, 24, 3293
35, 6092375.00, 6095264.00, 4890067.00, 24, 3396
36, 6096454.00, 6083844.00, 4910099.00, 24, 3499
37, 6094417.00, 6080419.00, 4905477.00, 24, 3602
38, 6081453.00, 6093912.00, 4861993.00, 24, 3705
39, 6065152.00, 6120266.00, 4804698.00, 24, 3808
40, 6056806.00, 6142275.00, 4780980.00, 24, 3910
41, 6053689.00, 6140860.00, 4794953.00, 24, 4013
42, 6050563.00, 6114431.00, 4836408.00, 24, 4116
43, 6044529.00, 6071335.00, 4886002.00, 24, 4219
44, 6044086.00, 6051506.00, 4898802.00, 24, 4322
45, 6041440.00, 6064778.00, 4874233.00, 24, 4425
46, 6028071.00, 6077948.00, 4844696.00, 24, 4528
47, 6014306.00, 6088447.00, 4819590.00, 24, 4631
48, 6004330.00, 6098472.00, 4798744.00, 24, 4734
49, 5996730.00, 6107429.00, 4778115.00, 24, 4837
50, 5990499.00, 6108456.00, 4760124.00, 24, 4940
51, 5989451.00, 6103022.00, 4753172.00, 24, 5042
52, 5996699.00, 6100767.00, 4755937.00, 24, 5145
53, 6009034.00, 6102078.00, 4763451.00, 24, 5248
54, 6027594.00, 6108684.00, 4774272.00, 24, 5351
55, 6055302.00, 6129927.00, 4797504.00, 24, 5454
56, 6075515.00, 6159087.00, 4829220.00, 24, 5557
57, 6084674.00, 6180310.00, 4850832.00, 24, 5660
58, 6085964.00, 6185151.00, 4868107.00, 24, 5763
59, 6073814.00, 6171982.00, 4868129.00, 24, 5866
60, 6051855.00, 6143435.00, 4848185.00, 24, 5969
61, 6039404.00, 6115752.00, 4843314.00, 24, 6071
62, 6042670.00, 6107462.00, 4851016.00, 24, 6174
63, 6046251.00, 6116909.00, 4853226.00, 24, 6277
64, 6046073.00, 6116956.00, 4857061.00, 24, 6380
65, 6040951.00, 6106409.00, 4846928.00, 24, 6483
66, 6035292.00, 6101893.00, 4830319.00, 24, 6586
67, 6030738.00, 6099448.00, 4820182.00, 24, 6689
68, 6027510.00, 6100238.00, 4808770.00, 24, 6792
69, 6026143.00, 6103091.00, 4800348.00, 24, 6895
70, 6027209.00, 6105824.00, 4795779.00, 24, 6998
71, 6031706.00, 6105361.00, 4801014.00, 24, 7100
72, 6038327.00, 6091866.00, 4815642.00, 24, 7203
73, 6045719.00, 6082837.00, 4834785.00, 24, 7306
74, 6051280.00, 6075216.00, 4875514.00, 24, 7409
75, 6051668.00, 6069641.00, 4885537.00, 24, 7512
76, 6049317.00, 6065046.00, 4892319.00, 24, 7615
77, 6048114.00, 6062117.00, 4899877.00, 24, 7718
78, 6050227.00, 6055598.00, 4918719.00, 24, 7821
79, 6053473.00, 6048109.00, 4938455.00, 24, 7924
80, 6055772.00, 6043047.00, 4950932.00, 24, 8027
81, 6055625.00, 6038860.00, 4959892.00, 24, 8130
82, 6054651.00, 6041319.00, 4956099.00, 24, 8232
83, 6055380.00, 6044629.00, 4950591.00, 24, 8335
84, 6056735.00, 6046149.00, 4949823.00, 24, 8438
85, 6058421.00, 6047828.00, 4948305.00, 24, 8541
86, 6060833.00, 6047190.00, 4949964.00, 24, 8644
87, 6062079.00, 6045148.00, 4955741.00, 24, 8747
88, 6060867.00, 6045095.00, 4953354.00, 24, 8850
89, 6059200.00, 6045850.00, 4952826.00, 24, 8953
90, 6058035.00, 6044605.00, 4956424.00, 24, 9056
91, 6057856.00, 6041429.00, 4966512.00, 24, 9159
92, 6059974.00, 6036006.00, 4978089.00, 24, 9261
93, 6063915.00, 6034219.00, 4985392.00, 24, 9364
94, 6065479.00, 6034712.00, 4991548.00, 24, 9467
95, 6064415.00, 6031961.00, 5001419.00, 24, 9570
96, 6062365.00, 6025126.00, 5014634.00, 24, 9673
97, 6061152.00, 6018955.00, 5023535.00, 24, 9776
98, 6060843.00, 6015606.00, 5027014.00, 24, 9879
99, 6061608.00, 6017017.00, 5024741.00, 24, 9982
100, 6062542.00, 6021618.00, 5022815.00, 24, 10085
101, 6062929.00, 6027063.00, 5012994.00, 24, 10187
102, 6063285.00, 6024053.00, 5006976.00, 24, 10290
103, 6064623.00, 6017282.00, 5015778.00, 24, 10393
104, 6066319.00, 6014025.00, 5019750.00, 24, 10496
105, 6066228.00, 6017101.00, 5016091.00, 24, 10599
106, 6066013.00, 6018563.00, 5017258.00, 24, 10702
107, 6064762.00, 6020216.00, 5014560.00, 24, 10805
108, 6062222.00, 6024051.00, 5006219.00, 24, 10908
109, 6059887.00, 6026752.00, 4999793.00, 24, 11011
110, 6058189.00, 6026524.00, 4998893.00, 24, 11114
111, 6057090.00, 6023097.00, 5004113.00, 24, 11216
112, 6055781.00, 6022793.00, 5004469.00, 24, 11319
113, 6054741.00, 6028562.00, 4993450.00, 24, 11422
114, 6055123.00, 6039150.00, 4972333.00, 24, 11525
115, 6057570.00, 6038895.00, 4968711.00, 24, 11628
116, 6059719.00, 6027775.00, 5011390.00, 24, 11731
117, 6062270.00, 6019563.00, 5026273.00, 24, 11834
118, 6063776.00, 6014913.00, 5035054.00, 24, 11937
119, 6066475.00, 6015043.00, 5045965.00, 24, 12040
120, 6081934.00, 6011364.00, 5111490.00, 24, 12143
121, 6095821.00, 5982499.00, 5200887.00, 24, 12245
122, 6096700.00, 5957784.00, 5209330.00, 24, 12348
123, 6092401.00, 5971921.00, 5143099.00, 24, 12451
124, 6087365.00, 6022031.00, 5059667.00, 24, 12554
125, 6084725.00, 6027068.00, 4992831.00, 24, 12657
126, 6076227.00, 6026856.00, 4939774.00, 24, 12760
127, 6069401.00, 6017382.00, 4903969.00, 24, 12863
128, 6070482.00, 6034441.00, 4900852.00, 24, 12966
129, 6085179.00, 6101449.00, 4825175.00, 24, 13069
130, 6114359.00, 6149753.00, 4668967.00, 24, 13172
131, 6121186.00, 6170122.00, 4649629.00, 24, 13274
132, 6113269.00, 6172059.00, 4646613.00, 24, 13377
133, 6110090.00, 6161534.00, 4672664.00, 24, 13480
134, 6091838.00, 6143260.00, 4685591.00, 24, 13583
135, 6069765.00, 6142369.00, 4645802.00, 24, 13686
136, 6068307.00, 6153815.00, 4613318.00, 24, 13789
137, 6067937.00, 6159979.00, 4603713.00, 24, 13892
138, 6059335.00, 6157358.00, 4601393.00, 24, 13995
139, 6052928.00, 6153255.00, 4601547.00, 24, 14098
140, 6049451.00, 6163045.00, 4580931.00, 24, 14201
141, 6047345.00, 6172840.00, 4559972.00, 24, 14304
BASELINE Time: 10:44:47
