Date: 27.3.2020 , In use by: Mena
Daytime: 10:40:15, Temperature: 25°C
ID, strain1, strain2, strain3, strain4, strain5, strain6, temp [°C], runtime [ms]
BASELINE Time: 10:40:32
1, 0.00, 6376135.00, 8398101.00, 5503085.00, 9918361.00, 16777215.00, 25, 0
2, 0.00, 6383360.00, 8397970.00, 5524050.00, 14466736.00, 16777215.00, 25, 0
3, 0.00, 6385412.00, 8397870.00, 5533080.00, 16777215.00, 16777215.00, 25, 362
4, 0.00, 6391753.00, 8397969.00, 5558694.00, 16777215.00, 16777215.00, 25, 634
5, 0.00, 6410810.00, 8398064.00, 5621211.00, 9958404.00, 16777215.00, 25, 997
6, 0.00, 6403773.00, 8397960.00, 5633848.00, 9928608.00, 16777215.00, 25, 1269
7, 0.00, 6383392.00, 8397916.00, 5782721.00, 9933767.00, 16777215.00, 25, 1632
8, 0.00, 6368151.00, 8397955.00, 5839201.00, 9906463.00, 16777215.00, 25, 1904
9, 0.00, 6355898.00, 8397811.00, 5874053.00, 9903972.00, 16777215.00, 25, 2177
10, 0.00, 6354882.00, 8398036.00, 5850614.00, 9914152.00, 16777215.00, 25, 2540
11, 0.00, 6355967.00, 8397996.00, 5855093.00, 9907796.00, 16777215.00, 25, 2721
12, 0.00, 6356596.00, 8398030.00, 5862622.00, 9900867.00, 16777215.00, 25, 2812
13, 0.00, 6346944.00, 8398095.00, 5881288.00, 9886771.00, 16777215.00, 25, 2993
14, 0.00, 6347228.00, 8398015.00, 5900152.00, 9901151.00, 16777215.00, 25, 3265
15, 0.00, 6349124.00, 8398114.00, 5907724.00, 9908124.00, 16777215.00, 25, 3447
16, 0.00, 6352251.00, 8397972.00, 5926374.00, 9907637.00, 16777215.00, 25, 3719
17, 0.00, 6355041.00, 8397911.00, 5933657.00, 9897817.00, 16777215.00, 25, 4082
18, 0.00, 6355068.00, 8397952.00, 5938381.00, 9894392.00, 16777215.00, 25, 4444
19, 0.00, 6354216.00, 8397831.00, 5947027.00, 9900438.00, 16777215.00, 25, 4807
20, 0.00, 6354321.00, 8397882.00, 5948806.00, 9903210.00, 16777215.00, 25, 5170
21, 0.00, 6353432.00, 8397955.00, 5946991.00, 9894003.00, 16777215.00, 25, 5442
22, 0.00, 6352641.00, 8397924.00, 5951879.00, 9891149.00, 16777215.00, 25, 5805
23, 0.00, 6353000.00, 8398086.00, 5955426.00, 9887373.00, 16777215.00, 25, 6077
24, 0.00, 6354205.00, 8398019.00, 5956906.00, 9888594.00, 16777215.00, 25, 6259
25, 0.00, 6356348.00, 8398012.00, 5963842.00, 9890528.00, 16777215.00, 25, 6531
26, 0.00, 6359021.00, 8397928.00, 5968795.00, 9889463.00, 16777215.00, 25, 6712
27, 0.00, 6360153.00, 8398039.00, 5966576.00, 9889564.00, 16777215.00, 25, 6894
28, 0.00, 6357485.00, 8397870.00, 5958686.00, 9892469.00, 16777215.00, 25, 7166
29, 0.00, 6356892.00, 8397976.00, 5939066.00, 9880438.00, 16777215.00, 25, 7438
30, 0.00, 6348634.00, 8397999.00, 5891126.00, 9869089.00, 16777215.00, 25, 7800
31, 0.00, 6343731.00, 8398010.00, 5877829.00, 9867040.00, 16777215.00, 25, 8073
32, 0.00, 6332280.00, 8397961.00, 5754084.00, 9868153.00, 16777215.00, 25, 8345
33, 0.00, 6329279.00, 8397916.00, 5613852.00, 9903758.00, 16777215.00, 25, 8617
34, 0.00, 6341427.00, 8397981.00, 5595144.00, 9900599.00, 16777215.00, 25, 8889
35, 0.00, 6363772.00, 8397943.00, 5620378.00, 9894206.00, 16777215.00, 25, 9252
36, 0.00, 6371018.00, 8397954.00, 5627857.00, 10466036.00, 16777215.00, 25, 9524
37, 0.00, 6362466.00, 8398107.00, 5572382.00, 16777215.00, 16777215.00, 25, 9705
38, 0.00, 6348016.00, 8397996.00, 5548640.00, 11495663.00, 16777215.00, 25, 10068
39, 0.00, 6336119.00, 8397959.00, 5522447.00, 10704931.00, 16777215.00, 25, 10340
40, 0.00, 6335802.00, 8397987.00, 5520834.00, 14948975.00, 16777215.00, 25, 10612
41, 0.00, 6336454.00, 8397912.00, 5514446.00, 13506726.00, 16777215.00, 25, 10884
42, 0.00, 6336361.00, 8397998.00, 5517662.00, 16777215.00, 16777215.00, 25, 11066
43, 0.00, 6340357.00, 8398106.00, 5524358.00, 16777215.00, 16777215.00, 25, 11338
BASELINE Time: 10:40:44
RECORDING Time: 10:40:50
1, 0.00, 6420302.00, 8397887.00, 5602097.00, 16777215.00, 16777215.00, 25, 0
2, 0.00, 6395328.00, 8398059.00, 5547832.00, 16777215.00, 16777215.00, 25, 0
3, 0.00, 6398813.00, 8398140.00, 5562892.00, 16777215.00, 16777215.00, 25, 181
4, 0.00, 6420526.00, 8398038.00, 5615268.00, 10278531.00, 16777215.00, 25, 453
5, 0.00, 6418985.00, 8397952.00, 5574410.00, 9931991.00, 16777215.00, 25, 725
6, 0.00, 6371282.00, 8397879.00, 5520772.00, 9871641.00, 16777215.00, 25, 997
7, 0.00, 6448972.00, 8398027.00, 5819140.00, 9888940.00, 16777215.00, 25, 1269
8, 0.00, 6483618.00, 8398054.00, 5834996.00, 9895535.00, 16777215.00, 25, 1723
9, 0.00, 6480990.00, 8398024.00, 5824233.00, 9890353.00, 16777215.00, 25, 1995
10, 0.00, 6477065.00, 8398006.00, 5872625.00, 9878426.00, 16777215.00, 25, 2176
11, 0.00, 6471951.00, 8398020.00, 5920252.00, 9859820.00, 16777215.00, 25, 2448
12, 0.00, 6468426.00, 8398084.00, 5918644.00, 9853288.00, 16777215.00, 25, 2629
13, 0.00, 6454692.00, 8398012.00, 5918922.00, 10602125.00, 16777215.00, 25, 2811
14, 0.00, 6416168.00, 8397878.00, 5913277.00, 16777215.00, 16777215.00, 25, 3083
15, 0.00, 6418272.00, 8397981.00, 5906546.00, 14685301.00, 16777215.00, 25, 3355
16, 0.00, 6424897.00, 8397991.00, 5900942.00, 13604992.00, 16777215.00, 25, 3627
17, 0.00, 6446335.00, 8397971.00, 5919561.00, 16777215.00, 16777215.00, 25, 3990
18, 0.00, 6464818.00, 8398040.00, 5892732.00, 13984246.00, 16777215.00, 25, 4262
19, 0.00, 6488586.00, 8397935.00, 5924470.00, 10236572.00, 16777215.00, 25, 4534
20, 0.00, 6501352.00, 8397941.00, 5929320.00, 16777215.00, 16777215.00, 25, 4806
21, 0.00, 6509571.00, 8398014.00, 5932987.00, 15891003.00, 16777215.00, 25, 4987
22, 0.00, 6489892.00, 8397974.00, 5882552.00, 16777215.00, 16777215.00, 25, 5259
23, 0.00, 6476128.00, 8398000.00, 5899295.00, 16007193.00, 16777215.00, 25, 5531
24, 0.00, 6486386.00, 8398083.00, 5952384.00, 351090.00, 16777215.00, 25, 5894
25, 0.00, 6479779.00, 8398045.00, 5905160.00, 5560628.00, 16777215.00, 25, 6166
26, 0.00, 6462513.00, 8398088.00, 5895723.00, 16777215.00, 16777215.00, 25, 6529
27, 0.00, 6451066.00, 8397936.00, 5899933.00, 9932692.00, 16777215.00, 25, 7345
28, 0.00, 6441942.00, 8397955.00, 5910390.00, 16777215.00, 16777215.00, 25, 7526
29, 0.00, 6446620.00, 8398013.00, 5928141.00, 16777215.00, 16777215.00, 25, 7708
30, 0.00, 6465838.00, 8397884.00, 5942825.00, 16777215.00, 16777215.00, 25, 8071
31, 0.00, 6434181.00, 8397974.00, 5912782.00, 3079937.00, 16777215.00, 25, 8343
32, 0.00, 6492123.00, 8397945.00, 5977354.00, 363483.00, 16777215.00, 25, 8706
33, 0.00, 6495333.00, 8398082.00, 5908683.00, 16777215.00, 16777215.00, 25, 8978
34, 0.00, 6480501.00, 8398005.00, 5875567.00, 2688842.00, 16777215.00, 25, 9340
35, 0.00, 6480623.00, 8397965.00, 5853262.00, 16777215.00, 16777215.00, 25, 9612
36, 0.00, 6467639.00, 8397868.00, 5836457.00, 535679.00, 16777215.00, 25, 9885
37, 0.00, 6459037.00, 8397911.00, 5824653.00, 0.00, 16777215.00, 25, 10157
38, 0.00, 6455892.00, 8398091.00, 5815665.00, 16777215.00, 16777215.00, 25, 10429
39, 0.00, 6447209.00, 8397982.00, 5804386.00, 97459.00, 16777215.00, 25, 10701
40, 0.00, 6452927.00, 8397954.00, 5793765.00, 0.00, 16777215.00, 25, 10973
41, 0.00, 6452123.00, 8397912.00, 5815186.00, 4439852.00, 16777215.00, 25, 11336
42, 0.00, 6473011.00, 8397952.00, 5861123.00, 16777215.00, 16777215.00, 25, 11608
43, 0.00, 6481262.00, 8397874.00, 5853110.00, 16777215.00, 16777215.00, 25, 11971
44, 0.00, 6490002.00, 8398139.00, 5931755.00, 14457764.00, 16777215.00, 25, 12243
45, 0.00, 6473308.00, 8397913.00, 5850421.00, 0.00, 16777215.00, 25, 12424
46, 0.00, 6454582.00, 8397931.00, 5826108.00, 8518172.00, 16777215.00, 25, 12696
47, 0.00, 6478690.00, 8397903.00, 5913210.00, 16777215.00, 16777215.00, 25, 12968
48, 0.00, 6494584.00, 8398106.00, 5888581.00, 16777215.00, 16777215.00, 25, 13150
49, 0.00, 6498949.00, 8397950.00, 5832016.00, 16777215.00, 16777215.00, 25, 13422
50, 0.00, 6475913.00, 8397998.00, 5735786.00, 16777215.00, 16777215.00, 25, 13785
51, 0.00, 6388999.00, 8398009.00, 5869194.00, 16777215.00, 16777215.00, 25, 14147
52, 0.00, 6343927.00, 8397984.00, 5764761.00, 16777215.00, 16777215.00, 25, 14510
53, 0.00, 6500176.00, 8397907.00, 6055747.00, 8744617.00, 16777215.00, 25, 14873
54, 0.00, 6576866.00, 8397883.00, 6189033.00, 16777215.00, 16777215.00, 25, 15145
55, 0.00, 6553907.00, 8397946.00, 6013467.00, 13340907.00, 16777215.00, 25, 15508
56, 0.00, 6547649.00, 8398008.00, 5949282.00, 16777215.00, 16777215.00, 25, 15780
57, 0.00, 6568824.00, 8397977.00, 5894515.00, 16777215.00, 16777215.00, 25, 16143
58, 0.00, 6584323.00, 8398043.00, 5868512.00, 16777215.00, 16777215.00, 25, 16506
59, 0.00, 6578188.00, 8398013.00, 5747466.00, 16777215.00, 16777215.00, 25, 16778
60, 0.00, 6551846.00, 8398077.00, 5748547.00, 16777215.00, 16777215.00, 25, 17050
61, 0.00, 6554443.00, 8397945.00, 5768311.00, 16777215.00, 16777215.00, 25, 17231
62, 0.00, 6546863.00, 8398001.00, 5686236.00, 16777215.00, 16777215.00, 25, 17412
63, 0.00, 6556730.00, 8398078.00, 5726171.00, 16777215.00, 16777215.00, 25, 17594
64, 0.00, 6566062.00, 8398117.00, 5756350.00, 16777215.00, 16777215.00, 25, 17866
65, 0.00, 6563936.00, 8397963.00, 5757363.00, 16777215.00, 16777215.00, 25, 18229
66, 0.00, 6573097.00, 8397974.00, 5740806.00, 16777215.00, 16777215.00, 25, 18501
67, 0.00, 6567634.00, 8398061.00, 5727549.00, 16777215.00, 16777215.00, 25, 18864
68, 0.00, 6547551.00, 8398014.00, 5689596.00, 16777215.00, 16777215.00, 25, 19136
69, 0.00, 6525270.00, 8398065.00, 5779674.00, 16777215.00, 16777215.00, 25, 19498
70, 0.00, 6513297.00, 8397956.00, 5821370.00, 16777215.00, 16777215.00, 25, 19861
71, 0.00, 6513229.00, 8398024.00, 5821948.00, 16777215.00, 16777215.00, 25, 20224
72, 0.00, 6518399.00, 8397911.00, 5788116.00, 16777215.00, 16777215.00, 25, 20496
73, 0.00, 6527811.00, 8397931.00, 5760250.00, 14112350.00, 16777215.00, 25, 20677
74, 0.00, 6553101.00, 8397904.00, 5746913.00, 4747179.00, 16777215.00, 25, 20950
75, 0.00, 6558067.00, 8397875.00, 5667687.00, 11395711.00, 16777215.00, 25, 21222
76, 0.00, 6526992.00, 8397987.00, 5632172.00, 1216466.00, 16777215.00, 25, 21585
77, 0.00, 6512992.00, 8398058.00, 5681058.00, 16777215.00, 16777215.00, 25, 21857
78, 0.00, 6534460.00, 8397910.00, 5750455.00, 16777215.00, 16777215.00, 25, 22219
79, 0.00, 6526769.00, 8398117.00, 5743586.00, 16777215.00, 16777215.00, 25, 22491
80, 0.00, 6512683.00, 8398072.00, 5746975.00, 16777215.00, 16777215.00, 25, 22763
81, 0.00, 6518507.00, 8397989.00, 5752924.00, 16777215.00, 16777215.00, 25, 23126
82, 0.00, 6530715.00, 8398021.00, 5768752.00, 16777215.00, 16777215.00, 25, 23852
83, 0.00, 6540502.00, 8398039.00, 5792039.00, 16777215.00, 16777215.00, 25, 24033
84, 0.00, 6547587.00, 8397842.00, 5792735.00, 16777215.00, 16777215.00, 25, 24396
85, 0.00, 6555553.00, 8397992.00, 5795387.00, 16777215.00, 16777215.00, 25, 24668
86, 0.00, 6558838.00, 8397990.00, 5768043.00, 16777215.00, 16777215.00, 25, 24940
87, 0.00, 6563943.00, 8397975.00, 5765858.00, 16777215.00, 16777215.00, 25, 25212
88, 0.00, 6570796.00, 8397982.00, 5767571.00, 16777215.00, 16777215.00, 25, 25485
89, 0.00, 6576439.00, 8397848.00, 5757064.00, 16777215.00, 16777215.00, 25, 25757
90, 0.00, 6516208.00, 8398118.00, 5819781.00, 16777215.00, 16777215.00, 25, 26119
91, 0.00, 6516572.00, 8398067.00, 5900686.00, 16777215.00, 16777215.00, 25, 26482
92, 0.00, 6540051.00, 8398022.00, 5863014.00, 16777215.00, 16777215.00, 25, 26845
93, 0.00, 6521169.00, 8397896.00, 5833513.00, 16777215.00, 16777215.00, 25, 27207
94, 0.00, 6533948.00, 8397949.00, 5829503.00, 16777215.00, 16777215.00, 25, 27389
95, 0.00, 6539862.00, 8398019.00, 5834758.00, 16777215.00, 16777215.00, 25, 27570
96, 0.00, 6560974.00, 8398050.00, 5862081.00, 16777215.00, 16777215.00, 25, 27842
97, 0.00, 6573221.00, 8398083.00, 5782595.00, 16777215.00, 16777215.00, 25, 28023
98, 0.00, 6555739.00, 8398023.00, 5683704.00, 16777215.00, 16777215.00, 25, 28205
99, 0.00, 6506259.00, 8397838.00, 5717082.00, 16777215.00, 16777215.00, 25, 28477
100, 0.00, 6542633.00, 8398000.00, 5833453.00, 16777215.00, 16777215.00, 25, 28749
101, 0.00, 6522866.00, 8397905.00, 5640329.00, 16777215.00, 16777215.00, 25, 28930
102, 0.00, 6534696.00, 8398086.00, 5732716.00, 16777215.00, 16777215.00, 25, 29202
RECORDING Time: 10:41:20
BASELINE Time: 10:41:48
1, 0.00, 6495904.00, 8398006.00, 5674968.00, 7339890.00, 16777215.00, 25, 0
2, 0.00, 6499081.00, 8398139.00, 5690849.00, 16777215.00, 16777215.00, 25, 0
3, 0.00, 6501954.00, 8397918.00, 5697989.00, 16777215.00, 16777215.00, 25, 181
4, 0.00, 6503865.00, 8398020.00, 5693515.00, 6680416.00, 16777215.00, 25, 544
5, 0.00, 6502225.00, 8398164.00, 5700906.00, 6672774.00, 16777215.00, 25, 816
6, 0.00, 6500738.00, 8398119.00, 5691080.00, 6658242.00, 16777215.00, 25, 1179
7, 0.00, 6506211.00, 8397886.00, 5742145.00, 6655880.00, 16777215.00, 25, 1633
8, 0.00, 6512273.00, 8397956.00, 5762882.00, 6645436.00, 16777215.00, 25, 1905
9, 0.00, 6522603.00, 8397961.00, 5798280.00, 6637143.00, 16777215.00, 25, 2177
10, 0.00, 6517577.00, 8398033.00, 5776951.00, 6637735.00, 16777215.00, 25, 2540
11, 0.00, 6499152.00, 8397930.00, 5797762.00, 6621209.00, 16777215.00, 25, 2812
12, 0.00, 6451493.00, 8397956.00, 5763967.00, 6547905.00, 16777215.00, 25, 3175
13, 0.00, 6390911.00, 8397965.00, 5737721.00, 6512891.00, 16777215.00, 25, 3447
14, 0.00, 6509093.00, 8397786.00, 5753183.00, 6497619.00, 16777215.00, 25, 3719
15, 0.00, 6573619.00, 8398022.00, 5794163.00, 6495848.00, 16777215.00, 25, 4082
16, 0.00, 6552655.00, 8397966.00, 5819161.00, 6515188.00, 16777215.00, 25, 4264
17, 0.00, 6532145.00, 8397919.00, 5816705.00, 6513336.00, 16777215.00, 25, 4627
18, 0.00, 6527817.00, 8397897.00, 5854050.00, 6469623.00, 16777215.00, 25, 4899
19, 0.00, 6514434.00, 8397962.00, 5877494.00, 6483297.00, 16777215.00, 25, 5080
20, 0.00, 6518634.00, 8398051.00, 5882190.00, 6343888.00, 16777215.00, 25, 5352
21, 0.00, 6510523.00, 8398145.00, 5860298.00, 8074668.00, 16777215.00, 25, 5624
22, 0.00, 6519553.00, 8397884.00, 5854529.00, 8017057.00, 16777215.00, 25, 5806
23, 0.00, 6514809.00, 8398015.00, 5859889.00, 6774708.00, 16777215.00, 25, 6078
24, 0.00, 6518317.00, 8397992.00, 5875428.00, 5734996.00, 16777215.00, 25, 6350
25, 0.00, 6515145.00, 8397951.00, 5876344.00, 5076918.00, 16777215.00, 25, 6622
26, 0.00, 6517108.00, 8397960.00, 5872792.00, 5216560.00, 16777215.00, 25, 6803
27, 0.00, 6520723.00, 8397961.00, 5876303.00, 5399903.00, 16777215.00, 25, 6985
28, 0.00, 6518087.00, 8398033.00, 5879019.00, 5465170.00, 16777215.00, 25, 7348
29, 0.00, 6513667.00, 8398009.00, 5877554.00, 5320149.00, 16777215.00, 25, 7620
30, 0.00, 6512379.00, 8397950.00, 5888536.00, 5178836.00, 16777215.00, 25, 7983
31, 0.00, 6512258.00, 8398068.00, 5900232.00, 5316533.00, 16777215.00, 25, 8255
32, 0.00, 6510644.00, 8397917.00, 5897106.00, 5331347.00, 16777215.00, 25, 8708
33, 0.00, 6504663.00, 8397929.00, 5892512.00, 5205984.00, 16777215.00, 25, 9071
34, 0.00, 6496565.00, 8397979.00, 5897543.00, 4933676.00, 16777215.00, 25, 9343
35, 0.00, 6495538.00, 8398024.00, 5914467.00, 5322501.00, 16777215.00, 25, 9615
36, 0.00, 6502829.00, 8397867.00, 5903251.00, 6096163.00, 16777215.00, 25, 9887
37, 0.00, 6503721.00, 8397827.00, 5906143.00, 6446201.00, 16777215.00, 25, 10160
38, 0.00, 6506894.00, 8397936.00, 5906627.00, 6454404.00, 16777215.00, 25, 10432
39, 0.00, 6495669.00, 8398026.00, 5923176.00, 6464230.00, 16777215.00, 25, 10795
40, 0.00, 6489432.00, 8397956.00, 5916522.00, 6463678.00, 16777215.00, 25, 11067
41, 0.00, 6489183.00, 8398020.00, 5934163.00, 6467422.00, 16777215.00, 25, 11430
42, 0.00, 6495478.00, 8397927.00, 5955315.00, 6471759.00, 16777215.00, 25, 11611
43, 0.00, 6488238.00, 8398028.00, 6007945.00, 6485004.00, 16777215.00, 25, 11792
44, 0.00, 6480151.00, 8398037.00, 6031850.00, 6513246.00, 16777215.00, 25, 11974
45, 0.00, 6485771.00, 8398119.00, 5951110.00, 6551046.00, 16777215.00, 25, 12246
46, 0.00, 6486083.00, 8398038.00, 5853005.00, 6576102.00, 16777215.00, 25, 12427
47, 0.00, 6498835.00, 8397992.00, 5820584.00, 6590145.00, 16777215.00, 25, 12608
48, 0.00, 6531719.00, 8398010.00, 5860964.00, 6578342.00, 16777215.00, 25, 12880
49, 0.00, 6510876.00, 8398017.00, 5799981.00, 6622930.00, 16777215.00, 25, 13243
50, 0.00, 6488445.00, 8397953.00, 5719302.00, 6550815.00, 16777215.00, 25, 13606
51, 0.00, 6480093.00, 8398007.00, 5741332.00, 6556157.00, 16777215.00, 25, 13969
52, 0.00, 6487810.00, 8398006.00, 5766805.00, 6564336.00, 16777215.00, 25, 14241
53, 0.00, 6495720.00, 8397969.00, 5768386.00, 6571014.00, 16777215.00, 25, 14513
BASELINE Time: 10:42:4
RECORDING Time: 10:42:6
1, 0.00, 6487451.00, 8397975.00, 5752774.00, 6578855.00, 16777215.00, 25, 0
2, 0.00, 6487667.00, 8397932.00, 5750622.00, 6581912.00, 16777215.00, 25, 0
3, 0.00, 6485415.00, 8397959.00, 5741146.00, 6579615.00, 16777215.00, 25, 363
4, 0.00, 6479375.00, 8397945.00, 5773444.00, 7934968.00, 16777215.00, 25, 635
5, 0.00, 6484236.00, 8397985.00, 5704314.00, 6546626.00, 16777215.00, 25, 1089
6, 0.00, 6469130.00, 8398048.00, 5664539.00, 6504058.00, 16777215.00, 25, 1361
7, 0.00, 6447843.00, 8397921.00, 5611607.00, 6481737.00, 16777215.00, 25, 1542
8, 0.00, 6425567.00, 8397977.00, 5674922.00, 6485368.00, 16777215.00, 25, 1814
9, 0.00, 6440299.00, 8398075.00, 5804588.00, 6511551.00, 16777215.00, 25, 1995
10, 0.00, 6461649.00, 8398046.00, 5869232.00, 8618711.00, 16777215.00, 25, 2177
11, 0.00, 6523142.00, 8397998.00, 5902015.00, 6478816.00, 16777215.00, 25, 2449
12, 0.00, 6501561.00, 8397995.00, 5877703.00, 5037985.00, 16777215.00, 25, 2721
13, 0.00, 6507693.00, 8397971.00, 5895513.00, 0.00, 16777215.00, 25, 3084
14, 0.00, 6518708.00, 8397964.00, 5961427.00, 0.00, 16777215.00, 25, 3446
15, 0.00, 6494799.00, 8397928.00, 5932083.00, 0.00, 16777215.00, 25, 3719
16, 0.00, 6465546.00, 8397859.00, 5842521.00, 0.00, 16777215.00, 25, 3991
17, 0.00, 6454315.00, 8398022.00, 5756535.00, 1557170.00, 16777215.00, 25, 4263
18, 0.00, 6441447.00, 8397929.00, 5841748.00, 4771474.00, 16777215.00, 25, 4535
19, 0.00, 6418860.00, 8397861.00, 6008773.00, 14126929.00, 16777215.00, 25, 4807
20, 0.00, 6396971.00, 8398068.00, 6055390.00, 16777215.00, 16777215.00, 25, 5170
21, 0.00, 6419077.00, 8398004.00, 5988299.00, 16777215.00, 16777215.00, 25, 5351
22, 0.00, 6417812.00, 8398060.00, 5846687.00, 2002439.00, 16777215.00, 25, 5532
23, 0.00, 6422453.00, 8397904.00, 5803159.00, 0.00, 16777215.00, 25, 5804
24, 0.00, 6452085.00, 8398046.00, 5819005.00, 1657230.00, 16777215.00, 25, 6076
25, 0.00, 6465409.00, 8398004.00, 5833015.00, 3157352.00, 16777215.00, 25, 6167
26, 0.00, 6474304.00, 8397898.00, 5847623.00, 7652291.00, 16777215.00, 25, 6258
27, 0.00, 6488523.00, 8397863.00, 5893800.00, 16777215.00, 16777215.00, 25, 6439
28, 0.00, 6498669.00, 8397960.00, 5811409.00, 16777215.00, 16777215.00, 25, 6621
29, 0.00, 6504588.00, 8397987.00, 5698989.00, 0.00, 16777215.00, 25, 6983
30, 0.00, 6486824.00, 8398010.00, 5793744.00, 16777215.00, 16777215.00, 25, 7346
31, 0.00, 6484830.00, 8397897.00, 5835268.00, 0.00, 16777215.00, 25, 7799
32, 0.00, 6481063.00, 8397859.00, 5892635.00, 0.00, 16777215.00, 25, 8162
33, 0.00, 6477685.00, 8397912.00, 5922146.00, 0.00, 16777215.00, 25, 8616
34, 0.00, 6479326.00, 8397983.00, 5921678.00, 0.00, 16777215.00, 25, 8797
35, 0.00, 6479396.00, 8398052.00, 5915532.00, 0.00, 16777215.00, 25, 8979
36, 0.00, 6475592.00, 8397890.00, 5905070.00, 0.00, 16777215.00, 25, 9251
37, 0.00, 6467624.00, 8398087.00, 5889797.00, 0.00, 16777215.00, 25, 9523
38, 0.00, 6469279.00, 8397993.00, 5894555.00, 0.00, 16777215.00, 25, 9704
39, 0.00, 6471465.00, 8398076.00, 5901578.00, 0.00, 16777215.00, 25, 9976
40, 0.00, 6474283.00, 8398102.00, 5912350.00, 0.00, 16777215.00, 25, 10248
41, 0.00, 6476139.00, 8398043.00, 5914772.00, 0.00, 16777215.00, 25, 10430
42, 0.00, 6476937.00, 8397966.00, 5917607.00, 0.00, 16777215.00, 25, 10702
43, 0.00, 6475287.00, 8397943.00, 5900579.00, 0.00, 16777215.00, 25, 11065
44, 0.00, 6483810.00, 8398046.00, 5904544.00, 0.00, 16777215.00, 25, 11699
45, 0.00, 6495661.00, 8398046.00, 5922594.00, 0.00, 16777215.00, 25, 12062
46, 0.00, 6498433.00, 8397979.00, 5953637.00, 0.00, 16777215.00, 25, 12334
47, 0.00, 6504797.00, 8397962.00, 5946237.00, 0.00, 16777215.00, 25, 12697
48, 0.00, 6501294.00, 8397956.00, 5938245.00, 0.00, 16777215.00, 25, 12969
49, 0.00, 6490790.00, 8397981.00, 5915609.00, 0.00, 16777215.00, 25, 13332
50, 0.00, 6487123.00, 8398119.00, 5917452.00, 0.00, 16777215.00, 25, 13604
51, 0.00, 6485736.00, 8397935.00, 5923662.00, 0.00, 16777215.00, 25, 13786
52, 0.00, 6486206.00, 8398021.00, 5923353.00, 0.00, 16777215.00, 25, 14058
53, 0.00, 6483370.00, 8398012.00, 5919777.00, 0.00, 16777215.00, 25, 14330
54, 0.00, 6480562.00, 8398026.00, 5921565.00, 0.00, 16777215.00, 25, 14511
55, 0.00, 6480924.00, 8398007.00, 5927863.00, 0.00, 16777215.00, 25, 14783
56, 0.00, 6480402.00, 8397960.00, 5932376.00, 0.00, 16777215.00, 25, 15146
57, 0.00, 6481390.00, 8397889.00, 5925025.00, 0.00, 16777215.00, 25, 15509
58, 0.00, 6480843.00, 8398042.00, 5921109.00, 0.00, 16777215.00, 25, 15872
59, 0.00, 6476223.00, 8398095.00, 5914568.00, 0.00, 16777215.00, 25, 16144
60, 0.00, 6474492.00, 8398052.00, 5912774.00, 0.00, 16777215.00, 25, 16325
61, 0.00, 6477233.00, 8397997.00, 5914957.00, 0.00, 16777215.00, 25, 16507
62, 0.00, 6481758.00, 8398018.00, 5919772.00, 0.00, 16777215.00, 25, 16779
63, 0.00, 6483254.00, 8398083.00, 5918993.00, 0.00, 16777215.00, 25, 16960
64, 0.00, 6481638.00, 8397932.00, 5921241.00, 0.00, 16777215.00, 25, 17232
65, 0.00, 6484744.00, 8397957.00, 5932616.00, 0.00, 16777215.00, 25, 17595
66, 0.00, 6483098.00, 8397970.00, 5928430.00, 0.00, 16777215.00, 25, 17867
67, 0.00, 6484206.00, 8398073.00, 5927915.00, 0.00, 16777215.00, 25, 18230
68, 0.00, 6485970.00, 8397964.00, 5907181.00, 0.00, 16777215.00, 25, 18502
69, 0.00, 6508976.00, 8397831.00, 5922476.00, 0.00, 16777215.00, 25, 18774
70, 0.00, 6512935.00, 8397995.00, 6006452.00, 16777215.00, 16777215.00, 25, 19227
71, 0.00, 6512283.00, 8398121.00, 5891495.00, 11531526.00, 16777215.00, 25, 19590
72, 0.00, 6493532.00, 8397960.00, 5853908.00, 16777215.00, 16777215.00, 25, 19862
73, 0.00, 6492998.00, 8398039.00, 5904757.00, 16777215.00, 16777215.00, 25, 20225
74, 0.00, 6537722.00, 8397969.00, 5895334.00, 16777215.00, 16777215.00, 25, 20497
75, 0.00, 6535599.00, 8397978.00, 5792792.00, 16777215.00, 16777215.00, 25, 20860
76, 0.00, 6504090.00, 8397930.00, 5872923.00, 13225953.00, 16777215.00, 25, 21132
77, 0.00, 6486419.00, 8397968.00, 5864465.00, 11478790.00, 16777215.00, 25, 21313
78, 0.00, 6475158.00, 8397993.00, 5890555.00, 10437887.00, 16777215.00, 25, 21585
79, 0.00, 6462327.00, 8398039.00, 5900101.00, 5343511.00, 16777215.00, 25, 21767
80, 0.00, 6457763.00, 8397927.00, 5875325.00, 5316643.00, 16777215.00, 25, 21948
81, 0.00, 6457935.00, 8398090.00, 5881900.00, 5315579.00, 16777215.00, 25, 22220
82, 0.00, 6469506.00, 8398117.00, 5895190.00, 5312596.00, 16777215.00, 25, 22492
83, 0.00, 6475566.00, 8398099.00, 5898700.00, 5299693.00, 16777215.00, 25, 22673
84, 0.00, 6474450.00, 8398019.00, 5899645.00, 5290849.00, 16777215.00, 25, 22945
85, 0.00, 6475025.00, 8398001.00, 5903423.00, 5274107.00, 16777215.00, 25, 23308
86, 0.00, 6467262.00, 8397997.00, 5893095.00, 5271192.00, 16777215.00, 25, 23671
87, 0.00, 6467325.00, 8398027.00, 5889987.00, 5270002.00, 16777215.00, 25, 23943
88, 0.00, 6462755.00, 8398109.00, 5874446.00, 5269174.00, 16777215.00, 25, 24306
89, 0.00, 6462672.00, 8397987.00, 5869775.00, 5273341.00, 16777215.00, 25, 24578
90, 0.00, 6461620.00, 8397966.00, 5870580.00, 5266088.00, 16777215.00, 25, 24941
91, 0.00, 6460938.00, 8397978.00, 5870573.00, 5263729.00, 16777215.00, 25, 25213
92, 0.00, 6459199.00, 8397948.00, 5865383.00, 5263510.00, 16777215.00, 25, 25485
93, 0.00, 6448602.00, 8397973.00, 5834500.00, 5269334.00, 16777215.00, 25, 25848
94, 0.00, 6438164.00, 8398033.00, 5805874.00, 5278437.00, 16777215.00, 25, 26120
95, 0.00, 6440589.00, 8397990.00, 5741537.00, 5266105.00, 16777215.00, 25, 26392
96, 0.00, 6448184.00, 8398105.00, 5731555.00, 5288129.00, 16777215.00, 25, 26664
97, 0.00, 6463017.00, 8397980.00, 5721899.00, 5292522.00, 16777215.00, 25, 26846
98, 0.00, 6473466.00, 8397861.00, 5670236.00, 5291793.00, 16777215.00, 25, 27118
99, 0.00, 6495102.00, 8397937.00, 5742139.00, 5323803.00, 16777215.00, 25, 27390
100, 0.00, 6482809.00, 8398050.00, 5659282.00, 6572274.00, 16777215.00, 25, 27662
101, 0.00, 6446468.00, 8397952.00, 5565344.00, 9406050.00, 16777215.00, 25, 27934
RECORDING Time: 10:42:35
BASELINE Time: 10:42:43
1, 0.00, 6366432.00, 8397970.00, 5697767.00, 5326703.00, 16777215.00, 25, 0
2, 0.00, 6367186.00, 8397970.00, 5692136.00, 5278519.00, 16777215.00, 25, 0
3, 0.00, 6370354.00, 8398058.00, 5690614.00, 7155683.00, 16777215.00, 25, 272
4, 0.00, 6366246.00, 8398054.00, 5665016.00, 15053031.00, 16777215.00, 25, 635
5, 0.00, 6367125.00, 8397990.00, 5698481.00, 8294236.00, 16777215.00, 25, 907
6, 0.00, 6373709.00, 8397996.00, 5705909.00, 5336788.00, 16777215.00, 25, 1088
7, 0.00, 6377558.00, 8397888.00, 5736158.00, 5230438.00, 16777215.00, 25, 1360
8, 0.00, 6389438.00, 8397941.00, 5793726.00, 5224922.00, 16777215.00, 25, 1632
9, 0.00, 6380189.00, 8398043.00, 5695690.00, 5203811.00, 16777215.00, 25, 1814
10, 0.00, 6318562.00, 8397980.00, 5560976.00, 5168416.00, 16777215.00, 25, 2086
11, 0.00, 6313888.00, 8398051.00, 5534648.00, 5127668.00, 16777215.00, 25, 2267
12, 0.00, 6365675.00, 8398062.00, 5637363.00, 5084954.00, 16777215.00, 25, 2448
13, 0.00, 6393920.00, 8398064.00, 5918999.00, 5093578.00, 16777215.00, 25, 2721
14, 0.00, 6389779.00, 8397953.00, 5911689.00, 5091890.00, 16777215.00, 25, 2992
15, 0.00, 6371845.00, 8397981.00, 5861411.00, 4813159.00, 16777215.00, 25, 3355
16, 0.00, 6370478.00, 8397912.00, 5858145.00, 4377233.00, 16777215.00, 25, 3627
17, 0.00, 6356406.00, 8398044.00, 5877008.00, 4513911.00, 16777215.00, 25, 4081
18, 0.00, 6365477.00, 8397963.00, 5877844.00, 4484339.00, 16777215.00, 25, 4443
19, 0.00, 6368173.00, 8398001.00, 5892009.00, 4335985.00, 16777215.00, 25, 4716
20, 0.00, 6392159.00, 8397998.00, 5910017.00, 3202813.00, 16777215.00, 25, 4988
21, 0.00, 6402294.00, 8397947.00, 5918795.00, 2834317.00, 16777215.00, 25, 5169
22, 0.00, 6403179.00, 8398046.00, 5904080.00, 3475455.00, 16777215.00, 25, 5441
23, 0.00, 6393940.00, 8397933.00, 5902655.00, 3589028.00, 16777215.00, 25, 5713
24, 0.00, 6382737.00, 8397936.00, 5894757.00, 3896314.00, 16777215.00, 25, 6076
25, 0.00, 6383369.00, 8397986.00, 5899734.00, 3841718.00, 16777215.00, 25, 6348
26, 0.00, 6384981.00, 8397988.00, 5900560.00, 3901339.00, 16777215.00, 25, 6620
27, 0.00, 6387591.00, 8397932.00, 5896223.00, 3859510.00, 16777215.00, 25, 6892
28, 0.00, 6388520.00, 8397920.00, 5907428.00, 3696768.00, 16777215.00, 25, 7164
29, 0.00, 6391905.00, 8398002.00, 5933940.00, 3922671.00, 16777215.00, 25, 7527
30, 0.00, 6395424.00, 8398015.00, 5930176.00, 4645421.00, 16777215.00, 25, 7799
31, 0.00, 6392369.00, 8397879.00, 5916266.00, 5451643.00, 16777215.00, 25, 7981
32, 0.00, 6393517.00, 8397956.00, 5896246.00, 5502923.00, 16777215.00, 25, 8253
33, 0.00, 6395466.00, 8397955.00, 5893558.00, 5654443.00, 16777215.00, 25, 8525
34, 0.00, 6378163.00, 8398021.00, 5817174.00, 5538398.00, 16777215.00, 25, 8797
35, 0.00, 6348526.00, 8398015.00, 5791613.00, 5586733.00, 16777215.00, 25, 9069
36, 0.00, 6349484.00, 8398027.00, 5782739.00, 5610591.00, 16777215.00, 25, 9250
37, 0.00, 6351358.00, 8397890.00, 5676290.00, 5653678.00, 16777215.00, 25, 9522
38, 0.00, 6376529.00, 8397957.00, 5672131.00, 5737524.00, 16777215.00, 25, 9704
39, 0.00, 6401787.00, 8397921.00, 5610254.00, 7099249.00, 16777215.00, 25, 9976
40, 0.00, 6381437.00, 8397958.00, 5557140.00, 5647275.00, 16777215.00, 25, 10248
BASELINE Time: 10:42:54
RECORDING Time: 10:42:57
1, 0.00, 6377315.00, 8397925.00, 5633893.00, 8939841.00, 16777215.00, 25, 0
2, 0.00, 6372316.00, 8398000.00, 5628257.00, 16777215.00, 16777215.00, 25, 0
3, 0.00, 6381629.00, 8397977.00, 5645882.00, 16777215.00, 16777215.00, 25, 273
4, 0.00, 6385759.00, 8398052.00, 5656099.00, 16777215.00, 16777215.00, 25, 454
5, 0.00, 6387289.00, 8397880.00, 5652285.00, 16777215.00, 16777215.00, 25, 726
6, 0.00, 6382319.00, 8397924.00, 5656637.00, 16777215.00, 16777215.00, 25, 907
7, 0.00, 6378980.00, 8397922.00, 5656279.00, 16777215.00, 16777215.00, 25, 1089
8, 0.00, 6371509.00, 8397970.00, 5662077.00, 16777215.00, 16777215.00, 25, 1361
9, 0.00, 6392974.00, 8398062.00, 5709394.00, 16777215.00, 16777215.00, 25, 1633
10, 0.00, 6409996.00, 8397964.00, 5860460.00, 16777215.00, 16777215.00, 25, 1996
11, 0.00, 6386564.00, 8398028.00, 6034267.00, 16777215.00, 16777215.00, 25, 2358
12, 0.00, 6400061.00, 8398144.00, 6048566.00, 16777215.00, 16777215.00, 25, 2721
13, 0.00, 6425576.00, 8397974.00, 6049570.00, 16777215.00, 16777215.00, 25, 2993
14, 0.00, 6431953.00, 8397984.00, 6016183.00, 4626747.00, 16777215.00, 25, 3356
15, 0.00, 6431825.00, 8398027.00, 6036347.00, 3272849.00, 16777215.00, 25, 3628
16, 0.00, 6437182.00, 8397954.00, 6021171.00, 1091254.00, 16777215.00, 25, 3900
17, 0.00, 6426737.00, 8397964.00, 5925630.00, 11018662.00, 16777215.00, 25, 4172
18, 0.00, 6408889.00, 8397956.00, 5798985.00, 16777215.00, 16777215.00, 25, 4444
19, 0.00, 6441626.00, 8398054.00, 5818420.00, 16777215.00, 16777215.00, 25, 4807
20, 0.00, 6429379.00, 8398006.00, 5809381.00, 16777215.00, 16777215.00, 25, 5079
21, 0.00, 6372876.00, 8397961.00, 5814666.00, 16777215.00, 16777215.00, 25, 5441
22, 0.00, 6339539.00, 8398001.00, 5826236.00, 16777215.00, 16777215.00, 25, 5713
23, 0.00, 6341810.00, 8398031.00, 5811441.00, 16777215.00, 16777215.00, 25, 5895
24, 0.00, 6353249.00, 8397865.00, 5787780.00, 16777215.00, 16777215.00, 25, 6167
25, 0.00, 6366549.00, 8398018.00, 5892544.00, 15902782.00, 16777215.00, 25, 6439
26, 0.00, 6379351.00, 8397983.00, 5891225.00, 16777215.00, 16777215.00, 25, 6620
27, 0.00, 6419233.00, 8398051.00, 5909013.00, 16777215.00, 16777215.00, 25, 6892
28, 0.00, 6474537.00, 8398059.00, 5869663.00, 16777215.00, 16777215.00, 25, 7164
29, 0.00, 6438872.00, 8397867.00, 5875348.00, 16777215.00, 16777215.00, 25, 7527
30, 0.00, 6402180.00, 8397964.00, 5871728.00, 16777215.00, 16777215.00, 25, 7890
31, 0.00, 6385109.00, 8397946.00, 5872484.00, 16777215.00, 16777215.00, 25, 8252
32, 0.00, 6392300.00, 8398007.00, 5843881.00, 16777215.00, 16777215.00, 25, 8434
33, 0.00, 6391928.00, 8398024.00, 5823888.00, 16777215.00, 16777215.00, 25, 8706
34, 0.00, 6384476.00, 8397937.00, 5800973.00, 16777215.00, 16777215.00, 25, 8978
35, 0.00, 6380687.00, 8398095.00, 5794329.00, 16777215.00, 16777215.00, 25, 9250
36, 0.00, 6378082.00, 8397923.00, 5784344.00, 16777215.00, 16777215.00, 25, 9613
37, 0.00, 6372231.00, 8397985.00, 5777832.00, 16777215.00, 16777215.00, 25, 9975
38, 0.00, 6370148.00, 8397992.00, 5782187.00, 16777215.00, 16777215.00, 25, 10338
39, 0.00, 6370777.00, 8397964.00, 5782041.00, 16777215.00, 16777215.00, 25, 10610
40, 0.00, 6371012.00, 8398019.00, 5781491.00, 16777215.00, 16777215.00, 25, 10882
41, 0.00, 6370460.00, 8397964.00, 5773957.00, 16777215.00, 16777215.00, 25, 11154
42, 0.00, 6365595.00, 8398021.00, 5763934.00, 16777215.00, 16777215.00, 25, 11427
43, 0.00, 6361312.00, 8397883.00, 5764823.00, 16777215.00, 16777215.00, 25, 11699
44, 0.00, 6363962.00, 8398080.00, 5768368.00, 16777215.00, 16777215.00, 25, 11880
45, 0.00, 6364467.00, 8398060.00, 5761105.00, 16777215.00, 16777215.00, 25, 12061
46, 0.00, 6363672.00, 8398023.00, 5765314.00, 16777215.00, 16777215.00, 25, 12334
47, 0.00, 6364417.00, 8398120.00, 5761807.00, 16777215.00, 16777215.00, 25, 12515
48, 0.00, 6363575.00, 8397976.00, 5752568.00, 16777215.00, 16777215.00, 25, 12696
49, 0.00, 6363713.00, 8397984.00, 5754356.00, 16777215.00, 16777215.00, 25, 12968
50, 0.00, 6366268.00, 8397960.00, 5753500.00, 16777215.00, 16777215.00, 25, 13331
51, 0.00, 6367634.00, 8398015.00, 5758768.00, 16777215.00, 16777215.00, 25, 13694
52, 0.00, 6366441.00, 8398127.00, 5756802.00, 16777215.00, 16777215.00, 25, 14057
53, 0.00, 6362647.00, 8398088.00, 5748906.00, 16777215.00, 16777215.00, 25, 14419
54, 0.00, 6354357.00, 8397948.00, 6728773.00, 16777215.00, 16777215.00, 25, 14782
55, 0.00, 6353402.00, 8397991.00, 5736793.00, 16777215.00, 16777215.00, 25, 15145
56, 0.00, 6350462.00, 8397928.00, 5731325.00, 16777215.00, 16777215.00, 25, 15417
57, 0.00, 6354424.00, 8397986.00, 5742537.00, 16777215.00, 16777215.00, 25, 15689
58, 0.00, 6356048.00, 8398015.00, 5744486.00, 16777215.00, 16777215.00, 25, 15870
59, 0.00, 6356387.00, 8398067.00, 5746891.00, 16777215.00, 16777215.00, 25, 16052
60, 0.00, 6360075.00, 8398033.00, 5753506.00, 16777215.00, 16777215.00, 25, 16233
61, 0.00, 6364391.00, 8398003.00, 5764842.00, 16777215.00, 16777215.00, 25, 16505
62, 0.00, 6370423.00, 8398045.00, 5778635.00, 16777215.00, 16777215.00, 25, 16686
63, 0.00, 6369234.00, 8397905.00, 5776881.00, 16777215.00, 16777215.00, 25, 16868
64, 0.00, 6371002.00, 8397966.00, 5785000.00, 16777215.00, 16777215.00, 25, 17230
65, 0.00, 6369278.00, 8397959.00, 5791576.00, 16777215.00, 16777215.00, 25, 17503
66, 0.00, 6377341.00, 8397925.00, 5803502.00, 16777215.00, 16777215.00, 25, 17865
67, 0.00, 6374440.00, 8398010.00, 5794809.00, 16777215.00, 16777215.00, 25, 18137
68, 0.00, 6368398.00, 8397911.00, 5786057.00, 16777215.00, 16777215.00, 25, 18410
69, 0.00, 6363437.00, 8397789.00, 5782387.00, 16777215.00, 16777215.00, 25, 18591
70, 0.00, 6361597.00, 8397946.00, 5787384.00, 16777215.00, 16777215.00, 25, 18772
71, 0.00, 6360669.00, 8397988.00, 5794762.00, 16777215.00, 16777215.00, 25, 18954
72, 0.00, 6357665.00, 8397963.00, 5780427.00, 16777215.00, 16777215.00, 25, 19226
73, 0.00, 6355434.00, 8398171.00, 5767538.00, 16777215.00, 16777215.00, 25, 19498
74, 0.00, 6376460.00, 8398064.00, 5782210.00, 16777215.00, 16777215.00, 25, 19861
75, 0.00, 6431124.00, 8397990.00, 5821555.00, 16777215.00, 16777215.00, 25, 20133
76, 0.00, 6472864.00, 8398133.00, 5944373.00, 16777215.00, 16777215.00, 25, 20495
77, 0.00, 6475597.00, 8397873.00, 5944720.00, 16777215.00, 16777215.00, 25, 20768
78, 0.00, 6476163.00, 8397996.00, 5876982.00, 16777215.00, 16777215.00, 25, 20949
79, 0.00, 6439313.00, 8397982.00, 5926858.00, 16777215.00, 16777215.00, 25, 21312
80, 0.00, 6502910.00, 8397912.00, 5935419.00, 16777215.00, 16777215.00, 25, 21674
81, 0.00, 6497292.00, 8397950.00, 5882055.00, 16777215.00, 16777215.00, 25, 22037
82, 0.00, 6476931.00, 8397928.00, 5837178.00, 16777215.00, 16777215.00, 25, 22309
83, 0.00, 6463546.00, 8398008.00, 5812044.00, 16777215.00, 16777215.00, 25, 22581
84, 0.00, 6476114.00, 8398005.00, 5710002.00, 16777215.00, 16777215.00, 25, 22853
85, 0.00, 6513006.00, 8397886.00, 5821776.00, 16777215.00, 16777215.00, 25, 23035
86, 0.00, 6494638.00, 8398002.00, 5881989.00, 16777215.00, 16777215.00, 25, 23307
87, 0.00, 6481300.00, 8397997.00, 5904498.00, 16777215.00, 16777215.00, 25, 23488
88, 0.00, 6462923.00, 8398049.00, 5919873.00, 16777215.00, 16777215.00, 25, 23670
89, 0.00, 6441616.00, 8397908.00, 5871724.00, 16777215.00, 16777215.00, 25, 23942
90, 0.00, 6429698.00, 8397845.00, 5789035.00, 16777215.00, 16777215.00, 25, 24214
91, 0.00, 6426929.00, 8397916.00, 5704041.00, 16777215.00, 16777215.00, 25, 24395
92, 0.00, 6407781.00, 8397933.00, 5598742.00, 16777215.00, 16777215.00, 25, 24667
93, 0.00, 6407381.00, 8397980.00, 5605418.00, 16777215.00, 16777215.00, 25, 25030
94, 0.00, 6409476.00, 8397902.00, 5623204.00, 16777215.00, 16777215.00, 25, 25483
95, 0.00, 6413670.00, 8397883.00, 5643163.00, 16777215.00, 16777215.00, 25, 25755
96, 0.00, 6417151.00, 8398025.00, 5657567.00, 16777215.00, 16777215.00, 25, 26027
97, 0.00, 6425059.00, 8397889.00, 5658761.00, 16777215.00, 16777215.00, 25, 26299
98, 0.00, 6409557.00, 8397962.00, 5613449.00, 16777215.00, 16777215.00, 25, 26662
99, 0.00, 6406582.00, 8397902.00, 5621937.00, 16777215.00, 16777215.00, 25, 26934
100, 0.00, 6412208.00, 8397973.00, 5633702.00, 16777215.00, 16777215.00, 25, 27297
101, 0.00, 6407714.00, 8397874.00, 5629111.00, 16777215.00, 16777215.00, 25, 27569
102, 0.00, 6414831.00, 8397975.00, 5611953.00, 16777215.00, 16777215.00, 25, 27841
RECORDING Time: 10:43:26
BASELINE Time: 10:43:30
1, 0.00, 6400189.00, 8397941.00, 5594717.00, 4542275.00, 16777215.00, 25, 0
2, 0.00, 6400441.00, 8398006.00, 5611198.00, 4551152.00, 16777215.00, 25, 0
3, 0.00, 6410981.00, 8398076.00, 5640042.00, 4560653.00, 16777215.00, 25, 362
4, 0.00, 6420356.00, 8397902.00, 5669830.00, 4561170.00, 16777215.00, 25, 634
5, 0.00, 6430572.00, 8398038.00, 5676756.00, 4575636.00, 16777215.00, 25, 906
6, 0.00, 6430088.00, 8398031.00, 5656683.00, 4539813.00, 16777215.00, 25, 1178
7, 0.00, 6407113.00, 8397961.00, 5600715.00, 4472053.00, 16777215.00, 25, 1450
8, 0.00, 6397467.00, 8397947.00, 5665478.00, 4430992.00, 16777215.00, 25, 1723
9, 0.00, 6378677.00, 8398008.00, 5746401.00, 4414258.00, 16777215.00, 25, 1995
10, 0.00, 6362682.00, 8397976.00, 5789727.00, 4401101.00, 16777215.00, 25, 2357
11, 0.00, 6356894.00, 8397878.00, 5829926.00, 4408942.00, 16777215.00, 25, 2629
12, 0.00, 6348121.00, 8398009.00, 5839838.00, 4402444.00, 16777215.00, 25, 2992
13, 0.00, 6351227.00, 8397980.00, 5850012.00, 4411821.00, 16777215.00, 25, 3264
14, 0.00, 6345432.00, 8397871.00, 5867637.00, 4392909.00, 16777215.00, 25, 3446
15, 0.00, 6339499.00, 8398099.00, 5901359.00, 4380288.00, 16777215.00, 25, 3718
16, 0.00, 6339635.00, 8398016.00, 5908438.00, 4397357.00, 16777215.00, 25, 3990
17, 0.00, 6343541.00, 8397946.00, 5903484.00, 4396482.00, 16777215.00, 25, 4352
18, 0.00, 6338889.00, 8397995.00, 5886401.00, 4392018.00, 16777215.00, 25, 4715
19, 0.00, 6333662.00, 8397994.00, 5873349.00, 4385152.00, 16777215.00, 25, 5078
20, 0.00, 6333306.00, 8397930.00, 5877491.00, 4402330.00, 16777215.00, 25, 5441
21, 0.00, 6340447.00, 8397970.00, 5901111.00, 4381305.00, 16777215.00, 25, 5803
22, 0.00, 6342893.00, 8398074.00, 5891574.00, 4391830.00, 16777215.00, 25, 6075
23, 0.00, 6342302.00, 8398019.00, 5918943.00, 4384044.00, 16777215.00, 25, 6438
24, 0.00, 6333978.00, 8397979.00, 5952233.00, 4364731.00, 16777215.00, 25, 6710
25, 0.00, 6324226.00, 8398082.00, 5941291.00, 4374025.00, 16777215.00, 25, 7073
26, 0.00, 6319097.00, 8397908.00, 5938082.00, 4379910.00, 16777215.00, 25, 7345
27, 0.00, 6327769.00, 8398020.00, 5962071.00, 4379774.00, 16777215.00, 25, 7526
28, 0.00, 6334980.00, 8398010.00, 5961037.00, 4385923.00, 16777215.00, 25, 7798
29, 0.00, 6335802.00, 8397953.00, 5961295.00, 4364699.00, 16777215.00, 25, 7979
30, 0.00, 6329782.00, 8398019.00, 5948472.00, 4356017.00, 16777215.00, 25, 8161
31, 0.00, 6327495.00, 8398017.00, 5944797.00, 4365818.00, 16777215.00, 25, 8251
32, 0.00, 6327325.00, 8397963.00, 5943470.00, 4381370.00, 16777215.00, 25, 8433
33, 0.00, 6327542.00, 8397932.00, 5949393.00, 4377552.00, 16777215.00, 25, 8614
34, 0.00, 6327643.00, 8398028.00, 5958694.00, 4361690.00, 16777215.00, 25, 8886
35, 0.00, 6329438.00, 8397968.00, 5963715.00, 4366754.00, 16777215.00, 25, 9158
36, 0.00, 6330357.00, 8398006.00, 5970939.00, 4358813.00, 16777215.00, 25, 9430
37, 0.00, 6324122.00, 8398009.00, 5929498.00, 4362577.00, 16777215.00, 25, 9793
38, 0.00, 6305272.00, 8397896.00, 5823158.00, 4288150.00, 16777215.00, 25, 10156
39, 0.00, 6283257.00, 8398095.00, 5821394.00, 4285121.00, 16777215.00, 25, 10609
40, 0.00, 6296801.00, 8398005.00, 5797598.00, 4311275.00, 16777215.00, 25, 10790
41, 0.00, 6307085.00, 8398072.00, 5707014.00, 4301792.00, 16777215.00, 25, 10971
42, 0.00, 6343791.00, 8397880.00, 5588346.00, 4363370.00, 16777215.00, 25, 11243
43, 0.00, 6399492.00, 8397943.00, 5595044.00, 4399618.00, 16777215.00, 25, 11515
44, 0.00, 6409074.00, 8397950.00, 5628488.00, 4376468.00, 16777215.00, 25, 11697
45, 0.00, 6391625.00, 8398004.00, 5708190.00, 4341966.00, 16777215.00, 25, 11969
46, 0.00, 6382951.00, 8398056.00, 5706337.00, 4357777.00, 16777215.00, 25, 12241
47, 0.00, 6390105.00, 8397924.00, 5676344.00, 4376870.00, 16777215.00, 25, 12513
48, 0.00, 6374734.00, 8397938.00, 5608731.00, 4364421.00, 16777215.00, 25, 12785
49, 0.00, 6370435.00, 8397878.00, 5603302.00, 4352280.00, 16777215.00, 25, 13057
50, 0.00, 6367608.00, 8398080.00, 5597446.00, 4338009.00, 16777215.00, 25, 13329
51, 0.00, 6370507.00, 8397983.00, 5614454.00, 4349970.00, 16777215.00, 25, 13601
52, 0.00, 6381964.00, 8397968.00, 5657238.00, 4360735.00, 16777215.00, 25, 13964
53, 0.00, 6390686.00, 8398066.00, 5683958.00, 4367763.00, 16777215.00, 25, 14236
54, 0.00, 6395272.00, 8397998.00, 5700837.00, 4366962.00, 16777215.00, 25, 14418
55, 0.00, 6395812.00, 8397987.00, 5694904.00, 4375399.00, 16777215.00, 25, 14690
56, 0.00, 6389538.00, 8397908.00, 5676973.00, 4377542.00, 16777215.00, 25, 14962
57, 0.00, 6391458.00, 8398049.00, 5685515.00, 4382861.00, 16777215.00, 25, 15234
58, 0.00, 6395568.00, 8398092.00, 5693594.00, 4379463.00, 16777215.00, 25, 15506
59, 0.00, 6396129.00, 8397968.00, 5696254.00, 4376045.00, 16777215.00, 25, 15778
60, 0.00, 6395672.00, 8398065.00, 5687967.00, 4372189.00, 16777215.00, 25, 16050
61, 0.00, 6390188.00, 8398160.00, 5680340.00, 4370993.00, 16777215.00, 25, 16322
62, 0.00, 6392985.00, 8397943.00, 5700990.00, 4380168.00, 16777215.00, 25, 16684
63, 0.00, 6398034.00, 8398118.00, 5697617.00, 4372243.00, 16777215.00, 25, 17047
64, 0.00, 6384905.00, 8398111.00, 5669920.00, 4361061.00, 16777215.00, 25, 17501
65, 0.00, 6388649.00, 8398030.00, 5676965.00, 4368060.00, 16777215.00, 25, 17954
66, 0.00, 6395012.00, 8398029.00, 5695760.00, 4370681.00, 16777215.00, 25, 18226
67, 0.00, 6396161.00, 8397841.00, 5696146.00, 4372060.00, 16777215.00, 25, 18407
68, 0.00, 6390895.00, 8397951.00, 5675137.00, 4370025.00, 16777215.00, 25, 18679
69, 0.00, 6389816.00, 8397920.00, 5671309.00, 4354804.00, 16777215.00, 25, 18952
70, 0.00, 6386838.00, 8398041.00, 5665349.00, 4349893.00, 16777215.00, 25, 19133
71, 0.00, 6381003.00, 8397970.00, 5658083.00, 4348773.00, 16777215.00, 25, 19405
72, 0.00, 6384153.00, 8397858.00, 5668047.00, 4352145.00, 16777215.00, 25, 19677
73, 0.00, 6388659.00, 8397993.00, 5666465.00, 4370520.00, 16777215.00, 25, 19858
74, 0.00, 6393784.00, 8398031.00, 5626503.00, 4380270.00, 16777215.00, 25, 20130
75, 0.00, 6395178.00, 8398068.00, 5613182.00, 4368903.00, 16777215.00, 25, 20402
BASELINE Time: 10:43:51
RECORDING Time: 10:44:12
1, 0.00, 6285563.00, 8397978.00, 5546914.00, 5762576.00, 16777215.00, 25, 0
2, 0.00, 6284980.00, 8397962.00, 5539770.00, 5758893.00, 16777215.00, 25, 0
3, 0.00, 6287524.00, 8398060.00, 5560927.00, 5761944.00, 16777215.00, 25, 363
4, 0.00, 6291500.00, 8398002.00, 5568716.00, 5775012.00, 16777215.00, 25, 726
5, 0.00, 6292548.00, 8398032.00, 5568260.00, 5765103.00, 16777215.00, 25, 998
6, 0.00, 6304083.00, 8398028.00, 5593592.00, 5717151.00, 16777215.00, 25, 1179
7, 0.00, 6311408.00, 8398046.00, 5607915.00, 5716059.00, 16777215.00, 25, 1361
8, 0.00, 6317485.00, 8397939.00, 5632038.00, 5723044.00, 16777215.00, 25, 1542
9, 0.00, 6301202.00, 8397949.00, 5594214.00, 5729670.00, 16777215.00, 25, 1814
10, 0.00, 6304647.00, 8397959.00, 5605514.00, 5746670.00, 16777215.00, 25, 1996
11, 0.00, 6303175.00, 8397980.00, 5613545.00, 5756732.00, 16777215.00, 25, 2177
12, 0.00, 6304407.00, 8398084.00, 5588465.00, 5731737.00, 16777215.00, 25, 2449
13, 0.00, 6322258.00, 8398139.00, 5655339.00, 5870444.00, 16777215.00, 25, 2721
14, 0.00, 6295359.00, 8398000.00, 5846775.00, 5985215.00, 16777215.00, 25, 3175
15, 0.00, 6283016.00, 8398011.00, 5807122.00, 6070804.00, 16777215.00, 25, 3447
16, 0.00, 6310095.00, 8397972.00, 5686241.00, 3470778.00, 16777215.00, 25, 3810
17, 0.00, 6345226.00, 8397954.00, 5737242.00, 161813.00, 16777215.00, 25, 4172
18, 0.00, 6354998.00, 8397986.00, 5798965.00, 0.00, 16777215.00, 25, 4445
19, 0.00, 6331096.00, 8397832.00, 5849469.00, 593601.00, 16777215.00, 25, 4717
20, 0.00, 6316355.00, 8397959.00, 5858151.00, 16250.00, 16777215.00, 25, 5080
21, 0.00, 6289801.00, 8397915.00, 5768544.00, 0.00, 16777215.00, 25, 5352
22, 0.00, 6262795.00, 8397992.00, 5754039.00, 0.00, 16777215.00, 25, 5624
23, 0.00, 6278679.00, 8397786.00, 5795832.00, 0.00, 16777215.00, 25, 5896
24, 0.00, 6298630.00, 8397942.00, 5652450.00, 0.00, 16777215.00, 25, 6078
25, 0.00, 6305629.00, 8398092.00, 5629536.00, 0.00, 16777215.00, 25, 6259
26, 0.00, 6305693.00, 8398025.00, 5633907.00, 0.00, 16777215.00, 25, 6531
27, 0.00, 6319641.00, 8397879.00, 5656840.00, 0.00, 16777215.00, 25, 6713
28, 0.00, 6314170.00, 8397991.00, 5645855.00, 0.00, 16777215.00, 25, 6985
29, 0.00, 6301357.00, 8397951.00, 5625828.00, 0.00, 16777215.00, 25, 7348
30, 0.00, 6293479.00, 8398006.00, 5521223.00, 0.00, 16777215.00, 25, 7620
31, 0.00, 6328514.00, 8397945.00, 5464543.00, 0.00, 16777215.00, 25, 7892
32, 0.00, 6321958.00, 8397980.00, 5503087.00, 0.00, 16777215.00, 25, 8164
33, 0.00, 6296993.00, 8397957.00, 5593109.00, 0.00, 16777215.00, 25, 8346
34, 0.00, 6311778.00, 8397916.00, 5669375.00, 0.00, 16777215.00, 25, 8618
35, 0.00, 6320036.00, 8397928.00, 5640444.00, 0.00, 16777215.00, 25, 8890
36, 0.00, 6291435.00, 8397898.00, 5573823.00, 0.00, 16777215.00, 25, 9253
37, 0.00, 6289981.00, 8397958.00, 5570000.00, 0.00, 16777215.00, 25, 9525
38, 0.00, 6292200.00, 8397911.00, 5566870.00, 0.00, 16777215.00, 25, 9888
39, 0.00, 6296499.00, 8397865.00, 5580502.00, 0.00, 16777215.00, 25, 10160
40, 0.00, 6297847.00, 8398017.00, 5583775.00, 0.00, 16777215.00, 25, 10433
41, 0.00, 6298422.00, 8397951.00, 5589060.00, 0.00, 16777215.00, 25, 10796
42, 0.00, 6293991.00, 8397888.00, 5575985.00, 0.00, 16777215.00, 25, 11068
43, 0.00, 6296467.00, 8397980.00, 5583892.00, 0.00, 16777215.00, 25, 11431
44, 0.00, 6298437.00, 8397946.00, 5587989.00, 0.00, 16777215.00, 25, 11703
45, 0.00, 6299410.00, 8397956.00, 5587388.00, 0.00, 16777215.00, 25, 11975
46, 0.00, 6308786.00, 8398020.00, 5570814.00, 0.00, 16777215.00, 25, 12247
47, 0.00, 6311122.00, 8397995.00, 5607253.00, 0.00, 16777215.00, 25, 12610
48, 0.00, 6337604.00, 8397933.00, 5660672.00, 0.00, 16777215.00, 25, 12882
49, 0.00, 6355925.00, 8398113.00, 5733581.00, 0.00, 16777215.00, 25, 13154
50, 0.00, 6365819.00, 8397902.00, 5775404.00, 0.00, 16777215.00, 25, 13427
51, 0.00, 6353286.00, 8397957.00, 5748883.00, 0.00, 16777215.00, 25, 13608
52, 0.00, 6359058.00, 8398036.00, 5750686.00, 0.00, 16777215.00, 25, 13790
53, 0.00, 6363320.00, 8398006.00, 5685820.00, 0.00, 16777215.00, 25, 14062
54, 0.00, 6327952.00, 8397842.00, 5679075.00, 0.00, 16777215.00, 25, 14425
55, 0.00, 6383915.00, 8397991.00, 5683880.00, 1917790.00, 16777215.00, 25, 14788
56, 0.00, 6408986.00, 8397871.00, 5687189.00, 3589421.00, 16777215.00, 25, 15060
57, 0.00, 6358503.00, 8397968.00, 5633491.00, 3521603.00, 16777215.00, 25, 15423
58, 0.00, 6323051.00, 8397833.00, 5627625.00, 3489195.00, 16777215.00, 25, 15786
59, 0.00, 6345988.00, 8397951.00, 5733703.00, 3428501.00, 16777215.00, 25, 16058
60, 0.00, 6377200.00, 8397925.00, 5817091.00, 3452730.00, 16777215.00, 25, 16330
61, 0.00, 6375589.00, 8397937.00, 5720194.00, 3455340.00, 16777215.00, 25, 16602
62, 0.00, 6384733.00, 8397961.00, 5693312.00, 3398701.00, 16777215.00, 25, 16874
63, 0.00, 6369223.00, 8398012.00, 5646298.00, 3339971.00, 16777215.00, 25, 17147
64, 0.00, 6345252.00, 8397950.00, 5589007.00, 3328914.00, 16777215.00, 25, 17510
RECORDING Time: 10:44:30
BASELINE Time: 10:44:33
1, 0.00, 6331683.00, 8398113.00, 5546777.00, 3208644.00, 16777215.00, 25, 0
2, 0.00, 6328738.00, 8397903.00, 5536472.00, 3195574.00, 16777215.00, 25, 0
3, 0.00, 6330783.00, 8397937.00, 5542378.00, 3198413.00, 16777215.00, 25, 454
4, 0.00, 6327483.00, 8397932.00, 5537477.00, 3207003.00, 16777215.00, 25, 726
5, 0.00, 6334044.00, 8397785.00, 5540262.00, 3187049.00, 16777215.00, 25, 998
6, 0.00, 6320675.00, 8397912.00, 5494376.00, 3144464.00, 16777215.00, 25, 1361
7, 0.00, 6316690.00, 8397964.00, 5514901.00, 3165689.00, 16777215.00, 25, 1633
8, 0.00, 6324738.00, 8397827.00, 5478439.00, 3157911.00, 16777215.00, 25, 1996
9, 0.00, 6321920.00, 8397904.00, 5441921.00, 3146345.00, 16777215.00, 25, 2268
10, 0.00, 6324239.00, 8397868.00, 5426610.00, 3112489.00, 16777215.00, 25, 2631
11, 0.00, 6328187.00, 8397968.00, 5438998.00, 3069981.00, 16777215.00, 25, 2994
12, 0.00, 6320044.00, 8397913.00, 5431653.00, 3070395.00, 16777215.00, 25, 3267
13, 0.00, 6319769.00, 8398046.00, 5439246.00, 3039849.00, 16777215.00, 25, 3539
14, 0.00, 6344218.00, 8397994.00, 5465773.00, 3060680.00, 16777215.00, 25, 3902
15, 0.00, 6331979.00, 8398030.00, 5458227.00, 3027778.00, 16777215.00, 25, 4174
16, 0.00, 6333611.00, 8398094.00, 5486700.00, 3015000.00, 16777215.00, 25, 4537
17, 0.00, 6347370.00, 8397940.00, 5513961.00, 3020198.00, 16777215.00, 25, 4809
18, 0.00, 6344197.00, 8397828.00, 5517175.00, 3014997.00, 16777215.00, 25, 5081
19, 0.00, 6341274.00, 8398007.00, 5488957.00, 3009263.00, 16777215.00, 25, 5444
20, 0.00, 6341351.00, 8398027.00, 5465577.00, 3004263.00, 16777215.00, 25, 5535
21, 0.00, 6340791.00, 8398036.00, 5467846.00, 3005129.00, 16777215.00, 25, 5716
22, 0.00, 6336792.00, 8397987.00, 5489554.00, 3004806.00, 16777215.00, 25, 5988
23, 0.00, 6336500.00, 8397949.00, 5516444.00, 3019505.00, 16777215.00, 25, 6260
24, 0.00, 6345416.00, 8397973.00, 5534362.00, 3021944.00, 16777215.00, 25, 6442
25, 0.00, 6344492.00, 8397895.00, 5521168.00, 3015249.00, 16777215.00, 25, 6805
26, 0.00, 6342197.00, 8397846.00, 5516076.00, 3033225.00, 16777215.00, 25, 7077
27, 0.00, 6337066.00, 8398034.00, 5505896.00, 3036850.00, 16777215.00, 25, 7440
28, 0.00, 6326112.00, 8398046.00, 5496189.00, 3041700.00, 16777215.00, 25, 7803
29, 0.00, 6324322.00, 8397873.00, 5490489.00, 3035382.00, 16777215.00, 25, 8075
30, 0.00, 6324418.00, 8397976.00, 5495830.00, 3040112.00, 16777215.00, 25, 8347
31, 0.00, 6325825.00, 8398021.00, 5498995.00, 3040163.00, 16777215.00, 25, 8710
32, 0.00, 6324667.00, 8397991.00, 5493909.00, 3037249.00, 16777215.00, 25, 8982
33, 0.00, 6322071.00, 8398036.00, 5489687.00, 3037888.00, 16777215.00, 25, 9163
34, 0.00, 6321045.00, 8397893.00, 5485409.00, 3037848.00, 16777215.00, 25, 9436
35, 0.00, 6316239.00, 8398002.00, 5477925.00, 3035507.00, 16777215.00, 25, 9617
36, 0.00, 6313078.00, 8397983.00, 5479628.00, 3038100.00, 16777215.00, 25, 9799
37, 0.00, 6313979.00, 8398004.00, 5488451.00, 3046333.00, 16777215.00, 25, 10071
38, 0.00, 6320206.00, 8398049.00, 5503199.00, 3055279.00, 16777215.00, 25, 10343
39, 0.00, 6322097.00, 8398005.00, 5502202.00, 3056159.00, 16777215.00, 25, 10434
40, 0.00, 6317750.00, 8397858.00, 5487611.00, 3040934.00, 16777215.00, 25, 10706
41, 0.00, 6314797.00, 8397942.00, 5480731.00, 3035113.00, 16777215.00, 25, 10978
42, 0.00, 6316970.00, 8398062.00, 5494579.00, 3026568.00, 16777215.00, 25, 11250
43, 0.00, 6319093.00, 8398026.00, 5492621.00, 3036615.00, 16777215.00, 25, 11613
44, 0.00, 6285214.00, 8397974.00, 5502948.00, 3039579.00, 16777215.00, 25, 11976
45, 0.00, 6303507.00, 8397992.00, 5505924.00, 3025618.00, 16777215.00, 25, 12339
46, 0.00, 6309506.00, 8397995.00, 5465118.00, 3001745.00, 16777215.00, 25, 12792
47, 0.00, 6306528.00, 8397849.00, 5449078.00, 3005957.00, 16777215.00, 25, 12974
48, 0.00, 6303142.00, 8397994.00, 5416748.00, 3013846.00, 16777215.00, 25, 13155
49, 0.00, 6296169.00, 8398008.00, 5412245.00, 3003697.00, 16777215.00, 25, 13337
50, 0.00, 6311239.00, 8397995.00, 5440770.00, 2998075.00, 16777215.00, 25, 13609
51, 0.00, 6309594.00, 8397891.00, 5430888.00, 2985746.00, 16777215.00, 25, 13790
52, 0.00, 6305612.00, 8397893.00, 5419018.00, 2967337.00, 16777215.00, 25, 13972
BASELINE Time: 10:44:47
