Date: 27.3.2020 , In use by: Mena
Daytime: 10:59:44, Temperature: 25°C
ID, strain1, strain2, strain3, strain4, strain5, strain6, temp [°C], runtime [ms]
BASELINE Time: 10:59:49
1, 16777215.00, 6325357.00, 8397930.00, 5646607.00, 7850935.00, 16777215.00, 25, 0
2, 16777215.00, 6325520.00, 8398095.00, 5647096.00, 7850015.00, 16777215.00, 25, 0
3, 16777215.00, 6326187.00, 8398001.00, 5647788.00, 7852983.00, 16777215.00, 25, 272
4, 16777215.00, 6326325.00, 8398131.00, 5648043.00, 7857593.00, 16777215.00, 25, 544
5, 16777215.00, 6327519.00, 8398169.00, 5648986.00, 7862513.00, 16777215.00, 25, 817
6, 16777215.00, 6327235.00, 8398089.00, 5648551.00, 7860612.00, 16777215.00, 25, 998
7, 16777215.00, 6328241.00, 8397994.00, 5649366.00, 7868902.00, 16777215.00, 25, 1270
8, 16777215.00, 6327563.00, 8397942.00, 5647619.00, 7861966.00, 16777215.00, 25, 1542
9, 16777215.00, 6327428.00, 8398059.00, 5647182.00, 7861642.00, 16777215.00, 25, 1905
10, 16777215.00, 6327394.00, 8398078.00, 5647771.00, 7864811.00, 16777215.00, 25, 2268
11, 16777215.00, 6328332.00, 8398001.00, 5647328.00, 7868402.00, 16777215.00, 25, 2450
12, 16777215.00, 6328096.00, 8398142.00, 5647706.00, 7868197.00, 16777215.00, 25, 2722
13, 16777215.00, 6328004.00, 8397973.00, 5646905.00, 7866490.00, 16777215.00, 25, 2903
14, 16777215.00, 6328230.00, 8398038.00, 5646875.00, 7866325.00, 16777215.00, 25, 3266
15, 16777215.00, 6328031.00, 8398001.00, 5647254.00, 7868351.00, 16777215.00, 25, 3538
16, 16777215.00, 6328139.00, 8398034.00, 5647873.00, 7871835.00, 16777215.00, 25, 3810
17, 16777215.00, 6328530.00, 8398120.00, 5648110.00, 7873483.00, 16777215.00, 25, 4173
18, 16777215.00, 6329291.00, 8398141.00, 5646002.00, 7877671.00, 16777215.00, 25, 4445
19, 16777215.00, 6329411.00, 8397960.00, 5642746.00, 7866647.00, 16777215.00, 25, 4808
20, 16777215.00, 6329481.00, 8398016.00, 5644232.00, 7860032.00, 16777215.00, 25, 5081
21, 16777215.00, 6333913.00, 8398144.00, 5648395.00, 7872207.00, 16777215.00, 25, 5353
22, 16777215.00, 6333333.00, 8398129.00, 5647105.00, 7863823.00, 16777215.00, 25, 5625
23, 16777215.00, 6333528.00, 8397971.00, 5645733.00, 7869824.00, 16777215.00, 25, 5806
24, 16777215.00, 6335378.00, 8397910.00, 5641079.00, 7887892.00, 16777215.00, 25, 6079
25, 16777215.00, 6315873.00, 8397993.00, 5661355.00, 7891277.00, 16777215.00, 25, 6351
26, 16777215.00, 6313703.00, 8398170.00, 5650133.00, 7879139.00, 16777215.00, 25, 6714
27, 16777215.00, 6304745.00, 8397955.00, 5648940.00, 7878219.00, 16777215.00, 25, 6986
28, 16777215.00, 6309325.00, 8397852.00, 5651099.00, 7880248.00, 16777215.00, 25, 7258
29, 16777215.00, 6311905.00, 8397996.00, 5646804.00, 7873083.00, 16777215.00, 25, 7530
30, 16777215.00, 6312220.00, 8398182.00, 5647673.00, 7874888.00, 16777215.00, 25, 7802
31, 16777215.00, 6312661.00, 8398060.00, 5644898.00, 7870629.00, 16777215.00, 25, 8074
32, 16777215.00, 6314440.00, 8398125.00, 5645025.00, 7871747.00, 16777215.00, 25, 8347
33, 16777215.00, 6307079.00, 8398058.00, 5644707.00, 7871327.00, 16777215.00, 25, 8528
34, 16777215.00, 6317635.00, 8398126.00, 5645817.00, 7870528.00, 16777215.00, 25, 8800
35, 16777215.00, 6270204.00, 8397951.00, 5643918.00, 7867908.00, 16777215.00, 25, 9163
36, 16777215.00, 6272447.00, 8398070.00, 5642855.00, 7866446.00, 16777215.00, 25, 9526
37, 16777215.00, 6276308.00, 8398084.00, 5642842.00, 7867299.00, 16777215.00, 25, 9889
38, 16777215.00, 6278001.00, 8397986.00, 5642808.00, 7867468.00, 16777215.00, 25, 10252
39, 16777215.00, 6278363.00, 8397937.00, 5642428.00, 7867801.00, 16777215.00, 25, 10524
40, 16777215.00, 6291351.00, 8397980.00, 5642336.00, 7868547.00, 16777215.00, 25, 10887
41, 16777215.00, 6295587.00, 8397916.00, 5642873.00, 7868901.00, 16777215.00, 25, 11159
42, 16777215.00, 6295734.00, 8397895.00, 5641646.00, 7867991.00, 16777215.00, 25, 11522
43, 16777215.00, 6304795.00, 8398136.00, 5641202.00, 7867068.00, 16777215.00, 25, 11794
44, 16777215.00, 6326205.00, 8397986.00, 5640754.00, 7866296.00, 16777215.00, 25, 12157
45, 16777215.00, 6245767.00, 8397989.00, 5641296.00, 7867779.00, 16777215.00, 25, 12520
46, 16777215.00, 6219289.00, 8398002.00, 5641797.00, 7868918.00, 16777215.00, 25, 12883
47, 16777215.00, 6223180.00, 8397987.00, 5640302.00, 7867091.00, 16777215.00, 25, 13156
48, 16777215.00, 6228717.00, 8398027.00, 5641627.00, 7868467.00, 16777215.00, 25, 13337
49, 16777215.00, 6246828.00, 8397937.00, 5641501.00, 7864177.00, 16777215.00, 25, 13519
50, 16777215.00, 6261336.00, 8397997.00, 5640878.00, 7859507.00, 16777215.00, 25, 13700
51, 16777215.00, 6263324.00, 8397983.00, 5642564.00, 7855628.00, 16777215.00, 25, 13972
52, 16777215.00, 6265459.00, 8397983.00, 5648020.00, 7856951.00, 16777215.00, 25, 14245
53, 16777215.00, 6260872.00, 8398021.00, 5643532.00, 7866737.00, 16777215.00, 25, 14517
54, 16777215.00, 6263902.00, 8398056.00, 5641764.00, 7862703.00, 16777215.00, 25, 14971
55, 16777215.00, 6222864.00, 8398036.00, 5642444.00, 7863401.00, 16777215.00, 25, 15697
56, 16777215.00, 6247459.00, 8398030.00, 5640737.00, 7861140.00, 16777215.00, 25, 15969
57, 16777215.00, 6251386.00, 8398010.00, 5640057.00, 7859609.00, 16777215.00, 25, 16332
58, 16777215.00, 6253062.00, 8397943.00, 5637656.00, 7857016.00, 16777215.00, 25, 16514
59, 16777215.00, 6257270.00, 8397990.00, 5639494.00, 7858415.00, 16777215.00, 25, 16696
60, 16777215.00, 6268390.00, 8397936.00, 5638368.00, 7856824.00, 16777215.00, 25, 16968
61, 16777215.00, 6270587.00, 8397969.00, 5640232.00, 7855956.00, 16777215.00, 25, 17240
62, 16777215.00, 6272495.00, 8397961.00, 5640654.00, 7855565.00, 16777215.00, 25, 17422
63, 16777215.00, 6274715.00, 8397949.00, 5640089.00, 7855305.00, 16777215.00, 25, 17694
64, 16777215.00, 6273457.00, 8398051.00, 5640598.00, 7853938.00, 16777215.00, 25, 17966
65, 16777215.00, 6274319.00, 8398060.00, 5641903.00, 7854918.00, 16777215.00, 25, 18148
66, 16777215.00, 6273996.00, 8398015.00, 5642676.00, 7855901.00, 16777215.00, 25, 18420
67, 16777215.00, 6271136.00, 8398018.00, 5641113.00, 7853206.00, 16777215.00, 25, 18692
68, 16777215.00, 6271967.00, 8397972.00, 5641238.00, 7854368.00, 16777215.00, 25, 19055
69, 16777215.00, 6277773.00, 8397932.00, 5639250.00, 7853304.00, 16777215.00, 25, 19328
70, 16777215.00, 6280441.00, 8398034.00, 5640535.00, 7854204.00, 16777215.00, 25, 19781
71, 16777215.00, 6280030.00, 8398025.00, 5640526.00, 7854527.00, 16777215.00, 25, 20054
72, 16777215.00, 6280277.00, 8398010.00, 5642593.00, 7860315.00, 16777215.00, 25, 20417
73, 16777215.00, 6282376.00, 8397911.00, 5641492.00, 7857424.00, 16777215.00, 25, 20689
74, 16777215.00, 6283406.00, 8398015.00, 5645415.00, 7859031.00, 16777215.00, 25, 20871
75, 16777215.00, 6285091.00, 8398196.00, 5648509.00, 7861574.00, 16777215.00, 25, 21143
76, 16777215.00, 6284989.00, 8397984.00, 5647850.00, 7857128.00, 16777215.00, 25, 21415
77, 16777215.00, 6285693.00, 8398025.00, 5651339.00, 7869139.00, 16777215.00, 25, 21597
78, 16777215.00, 6286048.00, 8398075.00, 5646617.00, 7862145.00, 16777215.00, 25, 21960
79, 16777215.00, 6286619.00, 8397988.00, 5654404.00, 7872188.00, 16777215.00, 25, 22414
80, 16777215.00, 6286319.00, 8397984.00, 5649879.00, 7871151.00, 16777215.00, 25, 22777
81, 16777215.00, 6289201.00, 8398142.00, 5655445.00, 7874937.00, 16777215.00, 25, 23140
82, 16777215.00, 6288441.00, 8398077.00, 5653497.00, 7871824.00, 16777215.00, 25, 23412
83, 16777215.00, 6289439.00, 8397998.00, 5655524.00, 7871230.00, 16777215.00, 25, 23593
84, 16777215.00, 6290911.00, 8398042.00, 5657749.00, 7874777.00, 16777215.00, 25, 23866
85, 16777215.00, 6291221.00, 8397952.00, 5656937.00, 7873945.00, 16777215.00, 25, 24047
86, 16777215.00, 6290712.00, 8397983.00, 5654252.00, 7869996.00, 16777215.00, 25, 24229
87, 16777215.00, 6290012.00, 8398033.00, 5652485.00, 7867416.00, 16777215.00, 25, 24501
88, 16777215.00, 6290859.00, 8397882.00, 5655826.00, 7871140.00, 16777215.00, 25, 24773
89, 16777215.00, 6291749.00, 8398004.00, 5657239.00, 7874124.00, 16777215.00, 25, 24955
90, 16777215.00, 6292266.00, 8397966.00, 5656957.00, 7872903.00, 16777215.00, 25, 25227
91, 16777215.00, 6291664.00, 8397944.00, 5658139.00, 7875601.00, 16777215.00, 25, 25499
92, 16777215.00, 6293036.00, 8397935.00, 5656955.00, 7874170.00, 16777215.00, 25, 25680
93, 16777215.00, 6292736.00, 8398039.00, 5659942.00, 7879878.00, 16777215.00, 25, 26044
94, 16777215.00, 6293617.00, 8397980.00, 5662093.00, 7875197.00, 16777215.00, 25, 26407
95, 16777215.00, 6295826.00, 8397945.00, 5672154.00, 7878880.00, 16777215.00, 25, 26770
96, 16777215.00, 6296764.00, 8397856.00, 5673737.00, 7878202.00, 16777215.00, 25, 27223
97, 16777215.00, 6295953.00, 8398046.00, 5672191.00, 7880206.00, 16777215.00, 25, 27496
98, 16777215.00, 6298458.00, 8398033.00, 5679667.00, 7887030.00, 16777215.00, 25, 27768
99, 16777215.00, 6299946.00, 8397856.00, 5679952.00, 7888028.00, 16777215.00, 25, 28040
100, 16777215.00, 6299816.00, 8397972.00, 5681111.00, 7887841.00, 16777215.00, 25, 28222
101, 16777215.00, 6301495.00, 8398106.00, 5686727.00, 7890334.00, 16777215.00, 25, 28403
102, 16777215.00, 6300948.00, 8398032.00, 5686761.00, 7884613.00, 16777215.00, 25, 28676
103, 16777215.00, 6291426.00, 8397883.00, 5672920.00, 7893029.00, 16777215.00, 25, 28948
104, 16777215.00, 6297546.00, 8397984.00, 5668005.00, 7901603.00, 16777215.00, 25, 29130
105, 13773346.00, 6310092.00, 8397861.00, 5689892.00, 7944257.00, 16777215.00, 25, 29402
106, 16777215.00, 6310919.00, 8397965.00, 5693701.00, 7965656.00, 16777215.00, 25, 29674
107, 12159652.00, 6303931.00, 8398026.00, 5667004.00, 7962626.00, 16777215.00, 25, 30037
108, 16777215.00, 6303173.00, 8397942.00, 5664381.00, 7959179.00, 16777215.00, 25, 30400
109, 16777215.00, 6302587.00, 8398030.00, 5658404.00, 7950144.00, 16777215.00, 25, 30673
110, 16777215.00, 6300238.00, 8397990.00, 5647488.00, 7946203.00, 16777215.00, 25, 30854
111, 16777215.00, 6299575.00, 8397989.00, 5650418.00, 7949593.00, 16777215.00, 25, 31036
112, 16777215.00, 6302184.00, 8397943.00, 5658096.00, 7951477.00, 16777215.00, 25, 31217
113, 9413239.00, 6302875.00, 8397853.00, 5659090.00, 7954706.00, 16777215.00, 25, 31489
114, 16777215.00, 6302745.00, 8398033.00, 5659537.00, 7954641.00, 16777215.00, 25, 31761
115, 16777215.00, 6303128.00, 8397923.00, 5658895.00, 7954972.00, 16777215.00, 25, 32124
116, 16777215.00, 6303300.00, 8397875.00, 5659919.00, 7953548.00, 16777215.00, 25, 32397
117, 16777215.00, 6303301.00, 8398107.00, 5659764.00, 7953660.00, 16777215.00, 25, 32760
118, 16777215.00, 6303696.00, 8397863.00, 5657249.00, 7951908.00, 16777215.00, 25, 33032
119, 16777215.00, 6302815.00, 8398000.00, 5651930.00, 7949835.00, 16777215.00, 25, 33213
120, 16777215.00, 6302724.00, 8397921.00, 5654172.00, 7951975.00, 16777215.00, 25, 33486
121, 16777215.00, 6301649.00, 8397961.00, 5644996.00, 7946968.00, 16777215.00, 25, 33758
122, 16777215.00, 6301259.00, 8397997.00, 5643101.00, 7945257.00, 16777215.00, 25, 34121
123, 16777215.00, 6302230.00, 8398134.00, 5648354.00, 7950037.00, 16777215.00, 25, 34393
124, 6882295.00, 6301834.00, 8397973.00, 5648267.00, 7951197.00, 16777215.00, 25, 34757
125, 6835871.00, 6302081.00, 8397966.00, 5649372.00, 7950277.00, 16777215.00, 25, 35029
126, 6886449.00, 6300832.00, 8397859.00, 5646930.00, 7950411.00, 16777215.00, 25, 35301
127, 6785570.00, 6300676.00, 8397979.00, 5648608.00, 7950644.00, 16777215.00, 25, 35574
128, 6742397.00, 6300586.00, 8397972.00, 5649376.00, 7951232.00, 16777215.00, 25, 35755
129, 6743568.00, 6299923.00, 8397984.00, 5647987.00, 7951387.00, 16777215.00, 25, 35937
130, 6743815.00, 6299033.00, 8397900.00, 5644126.00, 7949394.00, 16777215.00, 25, 36209
131, 6741175.00, 6298498.00, 8397949.00, 5640434.00, 7946348.00, 16777215.00, 25, 36481
132, 6738653.00, 6298171.00, 8397969.00, 5637734.00, 7943909.00, 16777215.00, 25, 36663
133, 6739285.00, 6297759.00, 8397991.00, 5639837.00, 7946264.00, 16777215.00, 25, 36935
134, 6744169.00, 6297541.00, 8397932.00, 5639537.00, 7945082.00, 16777215.00, 25, 37208
135, 6747755.00, 6297057.00, 8397964.00, 5641866.00, 7948279.00, 16777215.00, 25, 37571
136, 6758964.00, 6296656.00, 8397973.00, 5644485.00, 7949237.00, 16777215.00, 25, 37934
137, 6758115.00, 6294839.00, 8397943.00, 5642308.00, 7947609.00, 16777215.00, 25, 38206
138, 6758845.00, 6294416.00, 8398065.00, 5640315.00, 7951407.00, 16777215.00, 25, 38478
139, 6761512.00, 6294466.00, 8398013.00, 5636704.00, 7951566.00, 16777215.00, 25, 38751
140, 6765850.00, 6291920.00, 8397866.00, 5613835.00, 7933729.00, 16777215.00, 25, 39023
141, 6766030.00, 6291579.00, 8398026.00, 5622593.00, 7943388.00, 16777215.00, 25, 39295
142, 6757615.00, 6291721.00, 8397991.00, 5628631.00, 7949340.00, 16777215.00, 25, 39658
143, 6755001.00, 6290195.00, 8397999.00, 5633344.00, 7953317.00, 16777215.00, 25, 39930
144, 6753374.00, 6291288.00, 8397904.00, 5637165.00, 7958790.00, 16777215.00, 25, 40293
145, 6752639.00, 6291314.00, 8397899.00, 5636765.00, 7960132.00, 16777215.00, 25, 40566
146, 6747958.00, 6292702.00, 8397970.00, 5645641.00, 7953966.00, 16777215.00, 25, 40747
147, 6739197.00, 6285740.00, 8397937.00, 5641998.00, 7954222.00, 16777215.00, 25, 41020
148, 6739453.00, 6287835.00, 8398017.00, 5637003.00, 7953939.00, 16777215.00, 25, 41292
149, 6740715.00, 6283294.00, 8398039.00, 5634111.00, 7956792.00, 16777215.00, 25, 41474
150, 6695431.00, 6247660.00, 8397994.00, 5644276.00, 7954170.00, 16777215.00, 25, 41746
151, 6704086.00, 6219345.00, 8398038.00, 5638650.00, 7949952.00, 16777215.00, 25, 42018
152, 6108259.00, 6217375.00, 8397752.00, 5640043.00, 7959931.00, 16777215.00, 25, 42381
153, 6371949.00, 6254434.00, 8398159.00, 5638548.00, 7954100.00, 16777215.00, 25, 42653
154, 7232120.00, 6272276.00, 8398055.00, 5628754.00, 7934140.00, 16777215.00, 25, 43017
155, 7240905.00, 6286535.00, 8398013.00, 5625188.00, 7936790.00, 16777215.00, 25, 43289
156, 7325987.00, 6283867.00, 8398052.00, 5616377.00, 7933005.00, 16777215.00, 25, 43652
157, 7386740.00, 6285336.00, 8398000.00, 5616551.00, 7931930.00, 16777215.00, 25, 44015
158, 7446864.00, 6288073.00, 8398342.00, 5619025.00, 7941274.00, 16777215.00, 25, 44378
159, 7445407.00, 6291141.00, 8398041.00, 5626665.00, 7942216.00, 16777215.00, 25, 44742
160, 7397485.00, 6284771.00, 8398027.00, 5612598.00, 7926246.00, 16777215.00, 25, 45105
161, 7313077.00, 6281858.00, 8397875.00, 5609321.00, 7919689.00, 16777215.00, 25, 45468
162, 7296482.00, 6284171.00, 8397904.00, 5617887.00, 7925518.00, 16777215.00, 25, 45740
163, 7301156.00, 6279571.00, 8398057.00, 5605854.00, 7915870.00, 16777215.00, 25, 46012
164, 7294434.00, 6282097.00, 8397927.00, 5629651.00, 7923719.00, 16777215.00, 25, 46285
165, 7255665.00, 6276220.00, 8398041.00, 5614767.00, 7896061.00, 16777215.00, 25, 46557
166, 7234995.00, 6272397.00, 8397876.00, 5618936.00, 7910308.00, 16777215.00, 25, 46829
167, 7183751.00, 6272627.00, 8397993.00, 5617981.00, 7901114.00, 16777215.00, 25, 47192
168, 7164966.00, 6270457.00, 8398015.00, 5615678.00, 7902053.00, 16777215.00, 25, 47464
169, 7138102.00, 6271649.00, 8397974.00, 5625343.00, 7912155.00, 16777215.00, 25, 47827
170, 7135416.00, 6271010.00, 8398069.00, 5623888.00, 7915974.00, 16777215.00, 25, 48100
171, 7131582.00, 6270670.00, 8398001.00, 5622494.00, 7911261.00, 16777215.00, 25, 48281
172, 7107412.00, 6268213.00, 8397834.00, 5616650.00, 7905031.00, 16777215.00, 25, 48553
173, 7115047.00, 6267039.00, 8398023.00, 13025279.00, 7905513.00, 16777215.00, 25, 48826
174, 7123340.00, 6266429.00, 8398022.00, 5611580.00, 7908352.00, 16777215.00, 25, 48916
175, 7134557.00, 6269721.00, 8397964.00, 5617347.00, 7917280.00, 16777215.00, 25, 49189
BASELINE Time: 11:0:39
RECORDING Time: 11:0:41
1, 7087242.00, 6264064.00, 8398024.00, 5610996.00, 7912728.00, 16777215.00, 25, 0
2, 7069685.00, 6262585.00, 8398027.00, 5610057.00, 7912806.00, 16777215.00, 25, 0
3, 7063525.00, 6262377.00, 8397981.00, 5611478.00, 7916129.00, 16777215.00, 25, 363
4, 7068441.00, 6262966.00, 8398040.00, 5607716.00, 7909682.00, 16777215.00, 25, 545
5, 7073513.00, 6260513.00, 8398102.00, 5601603.00, 7891219.00, 16777215.00, 25, 726
6, 7073454.00, 6264915.00, 8398033.00, 5631117.00, 7865304.00, 16777215.00, 25, 998
7, 7076435.00, 6283209.00, 8398070.00, 5669266.00, 7862657.00, 16777215.00, 25, 1271
8, 7072570.00, 6292232.00, 8397996.00, 5684752.00, 7859585.00, 16777215.00, 25, 1362
9, 7067200.00, 6311585.00, 8397965.00, 5699548.00, 7872803.00, 16777215.00, 25, 1543
10, 7059539.00, 6311345.00, 8397997.00, 5695763.00, 7881290.00, 16777215.00, 25, 1725
11, 7048293.00, 6297119.00, 8398032.00, 5684406.00, 7879309.00, 16777215.00, 25, 1906
12, 7022356.00, 6292500.00, 8397906.00, 5706493.00, 7869427.00, 16777215.00, 25, 2269
13, 7017419.00, 6290776.00, 8398026.00, 5700708.00, 7873683.00, 16777215.00, 25, 2542
14, 7019110.00, 6285705.00, 8397901.00, 5714300.00, 7882151.00, 16777215.00, 25, 2905
15, 7008425.00, 6283362.00, 8398020.00, 5718764.00, 7907233.00, 16777215.00, 25, 3268
16, 6995726.00, 6265630.00, 8397941.00, 5679765.00, 7902500.00, 16777215.00, 25, 3722
17, 6986655.00, 6265878.00, 8398008.00, 5686410.00, 7916975.00, 16777215.00, 25, 3994
18, 6978655.00, 6258419.00, 8397976.00, 5685436.00, 7933048.00, 16777215.00, 25, 4266
19, 6978030.00, 6256331.00, 8397979.00, 5683143.00, 7914698.00, 16777215.00, 25, 4539
20, 6978619.00, 6256431.00, 8397977.00, 5690178.00, 7919597.00, 16777215.00, 25, 4720
21, 6977998.00, 6255377.00, 8398006.00, 5684636.00, 7922197.00, 16777215.00, 25, 4992
22, 6970373.00, 6256246.00, 8397994.00, 5690179.00, 7922118.00, 16777215.00, 25, 5265
23, 6962845.00, 6254874.00, 8397936.00, 5690692.00, 7921167.00, 16777215.00, 25, 5537
24, 6959432.00, 6252341.00, 8398002.00, 5687726.00, 7923842.00, 16777215.00, 25, 5809
25, 6955574.00, 6251821.00, 8397980.00, 5687428.00, 7921928.00, 16777215.00, 25, 6082
26, 6950422.00, 6251011.00, 8397997.00, 5687127.00, 7919246.00, 16777215.00, 25, 6445
27, 6948893.00, 6250039.00, 8398056.00, 5688055.00, 7916833.00, 16777215.00, 25, 6717
28, 6950077.00, 6249232.00, 8398000.00, 5685154.00, 7914880.00, 16777215.00, 25, 7080
29, 6945674.00, 6248412.00, 8397966.00, 5682459.00, 7921438.00, 16777215.00, 25, 7353
30, 6937729.00, 6247354.00, 8398010.00, 5677511.00, 7917995.00, 16777215.00, 25, 7716
31, 6929160.00, 6246270.00, 8397971.00, 5676383.00, 7920515.00, 16777215.00, 25, 7988
32, 6922285.00, 6246744.00, 8398017.00, 5676565.00, 7922561.00, 16777215.00, 25, 8170
33, 6912172.00, 6246208.00, 8397913.00, 5677154.00, 7928719.00, 16777215.00, 25, 8442
34, 6901249.00, 6247142.00, 8397833.00, 5677572.00, 7930593.00, 16777215.00, 25, 8714
35, 6895877.00, 6246331.00, 8398052.00, 5671390.00, 7926316.00, 16777215.00, 25, 8896
RECORDING Time: 11:0:50
BASELINE Time: 11:1:7
1, 6761719.00, 6222990.00, 8397928.00, 5654081.00, 7908992.00, 16777215.00, 25, 0
2, 6760710.00, 6223137.00, 8397987.00, 5652988.00, 7904990.00, 16777215.00, 25, 0
3, 6759335.00, 6223137.00, 8398085.00, 5655571.00, 7906447.00, 16777215.00, 25, 182
4, 6758431.00, 6223461.00, 8397957.00, 5654832.00, 7908633.00, 16777215.00, 25, 454
5, 6757767.00, 6222829.00, 8398071.00, 5652873.00, 7900996.00, 16777215.00, 25, 817
6, 6756311.00, 6221812.00, 8398044.00, 5654305.00, 7896835.00, 16777215.00, 25, 1090
7, 6754290.00, 6222447.00, 8397891.00, 5654298.00, 7877578.00, 16777215.00, 25, 1453
8, 6753374.00, 6220642.00, 8397935.00, 5664263.00, 7887642.00, 16777215.00, 25, 1816
9, 6751593.00, 6221164.00, 8398000.00, 5654241.00, 7888182.00, 16777215.00, 25, 2179
10, 6761381.00, 6243080.00, 8397965.00, 5683313.00, 7883741.00, 16777215.00, 25, 2542
11, 6773273.00, 6306440.00, 8397933.00, 5763057.00, 7887030.00, 16777215.00, 25, 2815
12, 6782859.00, 6305455.00, 8397978.00, 5766296.00, 7901332.00, 16777215.00, 25, 3087
13, 6781486.00, 6297449.00, 8397938.00, 5763814.00, 7900083.00, 16777215.00, 25, 3450
14, 6771413.00, 6288016.00, 8397950.00, 5768891.00, 7903415.00, 16777215.00, 25, 3723
15, 6767379.00, 6282311.00, 8398039.00, 5781671.00, 7908626.00, 16777215.00, 25, 3995
16, 6763915.00, 6283039.00, 8397922.00, 5777450.00, 7906899.00, 16777215.00, 25, 4358
17, 6764527.00, 6283736.00, 8397932.00, 5777471.00, 7905010.00, 16777215.00, 25, 4631
18, 6761307.00, 6282608.00, 8397986.00, 5772170.00, 7904279.00, 16777215.00, 25, 4994
19, 6758756.00, 6285101.00, 8397967.00, 5768045.00, 7913021.00, 16777215.00, 25, 5176
20, 6760946.00, 6291096.00, 8397952.00, 5770647.00, 7911702.00, 16777215.00, 25, 5357
21, 6769004.00, 6308255.00, 8397927.00, 5775179.00, 7900586.00, 16777215.00, 25, 5629
22, 6751830.00, 6290803.00, 8398035.00, 5762032.00, 7891433.00, 16777215.00, 25, 5902
23, 6733661.00, 6267800.00, 8397963.00, 5713421.00, 7881420.00, 16777215.00, 25, 6174
24, 6730316.00, 6237730.00, 8397992.00, 5674960.00, 7886729.00, 16777215.00, 25, 6537
25, 6714654.00, 6220683.00, 8397996.00, 5685408.00, 7880178.00, 16777215.00, 25, 6901
26, 6712801.00, 6225217.00, 8397929.00, 5676688.00, 7904407.00, 16777215.00, 25, 7173
27, 6712539.00, 6229828.00, 8397903.00, 5682802.00, 7908639.00, 16777215.00, 25, 7446
28, 6711654.00, 6230560.00, 8397927.00, 5678315.00, 7914823.00, 16777215.00, 25, 7627
29, 6710692.00, 6231456.00, 8398043.00, 5685203.00, 7917934.00, 16777215.00, 25, 7809
30, 6711484.00, 6234121.00, 8398034.00, 5682722.00, 7918164.00, 16777215.00, 25, 7990
31, 6707961.00, 6230370.00, 8397852.00, 5677089.00, 7906606.00, 16777215.00, 25, 8263
BASELINE Time: 11:1:16
RECORDING Time: 11:1:17
1, 6696669.00, 6229280.00, 8398000.00, 5679762.00, 7907343.00, 16777215.00, 25, 0
2, 6695400.00, 6229406.00, 8398016.00, 5683438.00, 7900994.00, 16777215.00, 25, 0
3, 6694815.00, 6229982.00, 8397914.00, 5685527.00, 7901570.00, 16777215.00, 25, 272
4, 6694121.00, 6228949.00, 8397989.00, 5683267.00, 7905833.00, 16777215.00, 25, 545
5, 6694130.00, 6229113.00, 8398010.00, 5679454.00, 7907010.00, 16777215.00, 25, 727
6, 6693001.00, 6227362.00, 8398000.00, 5675926.00, 7911753.00, 16777215.00, 25, 908
7, 6693045.00, 6226725.00, 8397984.00, 5667723.00, 7918715.00, 16777215.00, 25, 1090
8, 6694447.00, 6230350.00, 8398112.00, 5670320.00, 7903596.00, 16777215.00, 25, 1271
9, 6695774.00, 6231517.00, 8398115.00, 5677910.00, 7884012.00, 16777215.00, 25, 1453
10, 6705479.00, 6263169.00, 8398072.00, 5749392.00, 7882957.00, 16777215.00, 25, 1726
11, 6699997.00, 6268291.00, 8398041.00, 5779663.00, 7898717.00, 16777215.00, 25, 1907
12, 6715432.00, 6279429.00, 8398200.00, 5760805.00, 7924786.00, 16777215.00, 25, 2180
13, 6725634.00, 6278439.00, 8397956.00, 5771323.00, 7941280.00, 16777215.00, 25, 2543
14, 6716454.00, 6259059.00, 8398037.00, 5773834.00, 7933911.00, 16777215.00, 25, 2815
15, 6723601.00, 6264373.00, 8397980.00, 5758077.00, 7930021.00, 16777215.00, 25, 3179
16, 6717902.00, 6251501.00, 8398077.00, 5735872.00, 7932814.00, 16777215.00, 25, 3451
17, 6709873.00, 6241566.00, 8397923.00, 5719547.00, 7933055.00, 16777215.00, 25, 3814
18, 6702546.00, 6236207.00, 8398066.00, 5712994.00, 7922283.00, 16777215.00, 25, 4178
19, 6701074.00, 6236587.00, 8397971.00, 5728197.00, 7949956.00, 16777215.00, 25, 4450
20, 6708485.00, 6241613.00, 8397953.00, 5713214.00, 7923367.00, 16777215.00, 25, 4722
21, 6707763.00, 6239716.00, 8398032.00, 5715584.00, 7924491.00, 16777215.00, 25, 5086
22, 6708443.00, 6239744.00, 8398019.00, 5716988.00, 7925371.00, 16777215.00, 25, 5267
23, 6709218.00, 6239366.00, 8398006.00, 5717121.00, 7928165.00, 16777215.00, 25, 5449
24, 6710509.00, 6239976.00, 8398032.00, 5716666.00, 7927415.00, 16777215.00, 25, 5721
25, 6710459.00, 6238525.00, 8397863.00, 5713847.00, 7930191.00, 16777215.00, 25, 5903
26, 6710456.00, 6237076.00, 8397925.00, 5712494.00, 7923486.00, 16777215.00, 25, 6084
27, 6713329.00, 6239777.00, 8398150.00, 5711855.00, 7901674.00, 16777215.00, 25, 6448
28, 6716680.00, 6246942.00, 8397986.00, 5725384.00, 7892336.00, 16777215.00, 25, 6720
29, 6718724.00, 6248317.00, 8398078.00, 5735294.00, 7891171.00, 16777215.00, 25, 6992
30, 6720079.00, 6246317.00, 8398052.00, 5726988.00, 7902797.00, 16777215.00, 25, 7356
31, 6714459.00, 6240641.00, 8397948.00, 5730595.00, 7891756.00, 16777215.00, 25, 7537
32, 6713295.00, 6237273.00, 8398023.00, 5744666.00, 7896645.00, 16777215.00, 25, 7810
33, 6710639.00, 6236519.00, 8398001.00, 5730562.00, 7895216.00, 16777215.00, 25, 8082
34, 6708053.00, 6240486.00, 8397993.00, 5731946.00, 7892713.00, 16777215.00, 25, 8354
35, 6708263.00, 6233253.00, 8398018.00, 5714974.00, 7892116.00, 16777215.00, 25, 8627
36, 6704726.00, 6226626.00, 8398044.00, 5709365.00, 7890534.00, 16777215.00, 25, 8899
37, 6700336.00, 6218247.00, 8397952.00, 5696505.00, 7900036.00, 16777215.00, 25, 9262
38, 6701587.00, 6221618.00, 8398008.00, 5704365.00, 7906162.00, 16777215.00, 25, 9535
39, 6701543.00, 6221860.00, 8397994.00, 5699914.00, 7912049.00, 16777215.00, 25, 9898
40, 6701191.00, 6220935.00, 8398138.00, 5701135.00, 7907835.00, 16777215.00, 25, 10080
41, 6700807.00, 6222063.00, 8398090.00, 5704847.00, 7916196.00, 16777215.00, 25, 10352
42, 6700613.00, 6222009.00, 8398036.00, 5699947.00, 7919140.00, 16777215.00, 25, 10715
RECORDING Time: 11:1:29
BASELINE Time: 11:1:31
1, 6694385.00, 6222303.00, 8397977.00, 5694144.00, 7924603.00, 16777215.00, 25, 0
2, 6694295.00, 6221927.00, 8398018.00, 5693834.00, 7922471.00, 16777215.00, 25, 0
3, 6695059.00, 6222554.00, 8397920.00, 5696203.00, 7925971.00, 16777215.00, 25, 182
4, 6694499.00, 6220998.00, 8397876.00, 5693528.00, 7921507.00, 16777215.00, 25, 545
5, 6694543.00, 6222733.00, 8397953.00, 5703130.00, 7931916.00, 16777215.00, 25, 817
6, 6695043.00, 6223634.00, 8397984.00, 5711775.00, 7903916.00, 16777215.00, 25, 1271
7, 6695129.00, 6223181.00, 8397949.00, 5699505.00, 7917759.00, 16777215.00, 25, 1635
8, 6692212.00, 6219559.00, 8397972.00, 5681721.00, 7936529.00, 16777215.00, 25, 1907
9, 6695548.00, 6225866.00, 8398052.00, 5692358.00, 7911143.00, 16777215.00, 25, 2179
10, 6706348.00, 6251874.00, 8398004.00, 5763104.00, 7896200.00, 16777215.00, 25, 2452
11, 6705149.00, 6272892.00, 8398015.00, 5796149.00, 7914065.00, 16777215.00, 25, 2724
12, 6730651.00, 6291441.00, 8398013.00, 5808606.00, 7936160.00, 16777215.00, 25, 2997
13, 6731505.00, 6276450.00, 8398074.00, 5772107.00, 7913918.00, 16777215.00, 25, 3360
14, 6723293.00, 6272906.00, 8397972.00, 5775856.00, 7912736.00, 16777215.00, 25, 3632
15, 6720792.00, 6264956.00, 8398005.00, 5781469.00, 7917592.00, 16777215.00, 25, 3996
16, 6719740.00, 6265787.00, 8398053.00, 5783380.00, 7916678.00, 16777215.00, 25, 4177
17, 6720623.00, 6267072.00, 8398020.00, 5782306.00, 7913647.00, 16777215.00, 25, 4359
18, 6720229.00, 6269217.00, 8398005.00, 5780478.00, 7912989.00, 16777215.00, 25, 4540
19, 6721914.00, 6270845.00, 8397949.00, 5777022.00, 7919111.00, 16777215.00, 25, 4813
20, 6726426.00, 6284069.00, 8397864.00, 5773747.00, 7920319.00, 16777215.00, 25, 5085
21, 6733123.00, 6295051.00, 8397994.00, 5771242.00, 7911704.00, 16777215.00, 25, 5448
22, 6719761.00, 6275247.00, 8397877.00, 5765300.00, 7908625.00, 16777215.00, 25, 5721
23, 6713068.00, 6270554.00, 8397923.00, 5768885.00, 7906599.00, 16777215.00, 25, 5902
24, 6701379.00, 6249273.00, 8398011.00, 5734132.00, 7906643.00, 16777215.00, 25, 6265
25, 6706617.00, 6235615.00, 8397998.00, 5705288.00, 7934435.00, 16777215.00, 25, 6538
26, 6689584.00, 6212796.00, 8398085.00, 5685675.00, 7891919.00, 16777215.00, 25, 6810
27, 6685635.00, 6211449.00, 8397901.00, 5692317.00, 7901306.00, 16777215.00, 25, 7083
28, 6687072.00, 6216142.00, 8397913.00, 5698099.00, 7934881.00, 16777215.00, 25, 7446
29, 6689847.00, 6220289.00, 8397951.00, 5688274.00, 7920682.00, 16777215.00, 25, 7718
30, 6688947.00, 6219306.00, 8397868.00, 5690071.00, 7914886.00, 16777215.00, 25, 7991
BASELINE Time: 11:1:39
RECORDING Time: 11:1:40
1, 6685609.00, 6214615.00, 8397930.00, 5694804.00, 7901794.00, 16777215.00, 25, 0
2, 6685252.00, 6215003.00, 8397901.00, 5697104.00, 7900873.00, 16777215.00, 25, 0
3, 6685190.00, 6216367.00, 8398021.00, 5700639.00, 7900479.00, 16777215.00, 25, 272
4, 6684284.00, 6213988.00, 8397911.00, 5693585.00, 7896549.00, 16777215.00, 25, 454
5, 6682814.00, 6213048.00, 8398107.00, 5697237.00, 7910391.00, 16777215.00, 25, 726
6, 6682824.00, 6212973.00, 8398066.00, 5681897.00, 7916001.00, 16777215.00, 25, 999
7, 6681925.00, 6211279.00, 8398026.00, 5675019.00, 7908930.00, 16777215.00, 25, 1180
8, 6681258.00, 6211236.00, 8398035.00, 5696172.00, 7886396.00, 16777215.00, 25, 1453
9, 6677637.00, 6227380.00, 8397952.00, 5730501.00, 7881019.00, 16777215.00, 25, 1725
10, 6679889.00, 6243897.00, 8398031.00, 5753557.00, 7884229.00, 16777215.00, 25, 2088
11, 6674007.00, 6243424.00, 8397997.00, 5717646.00, 7922794.00, 16777215.00, 25, 2270
12, 6684834.00, 6255536.00, 8397967.00, 5673251.00, 7948607.00, 16777215.00, 25, 2542
13, 6690290.00, 6262722.00, 8397870.00, 5614878.00, 7953016.00, 16777215.00, 25, 2905
14, 6687031.00, 6262936.00, 8397972.00, 5594618.00, 7949452.00, 16777215.00, 25, 3178
15, 6685328.00, 6266364.00, 8397913.00, 5563514.00, 7969003.00, 16777215.00, 25, 3541
16, 6690472.00, 6269027.00, 8398008.00, 5651013.00, 7900752.00, 16777215.00, 25, 3813
17, 6687185.00, 6243814.00, 8398040.00, 5673130.00, 7917391.00, 16777215.00, 25, 4176
18, 6714831.00, 6248536.00, 8398117.00, 5673332.00, 7916109.00, 16777215.00, 25, 4540
19, 6704909.00, 6234158.00, 8398023.00, 5665099.00, 7909531.00, 16777215.00, 25, 4812
20, 6706217.00, 6236234.00, 8397987.00, 5669818.00, 7942465.00, 16777215.00, 25, 5084
21, 6698904.00, 6226499.00, 8397981.00, 5631224.00, 7924935.00, 16777215.00, 25, 5447
22, 6698045.00, 6226900.00, 8397867.00, 5639828.00, 7931746.00, 16777215.00, 25, 5720
23, 6698225.00, 6226855.00, 8398087.00, 5633579.00, 7917947.00, 16777215.00, 25, 5992
24, 6696842.00, 6226845.00, 8398016.00, 5639036.00, 7933224.00, 16777215.00, 25, 6264
25, 6697588.00, 6229542.00, 8398023.00, 5641384.00, 7928761.00, 16777215.00, 25, 6537
26, 6695413.00, 6222019.00, 8398034.00, 5645656.00, 7936007.00, 16777215.00, 25, 6900
27, 6695664.00, 6224021.00, 8398047.00, 5647350.00, 7932877.00, 16777215.00, 25, 7081
28, 6695941.00, 6222725.00, 8397958.00, 5650101.00, 7935025.00, 16777215.00, 25, 7263
29, 6699670.00, 6215632.00, 8398037.00, 5655952.00, 7937372.00, 16777215.00, 25, 7535
30, 6698213.00, 6216030.00, 8397902.00, 5653086.00, 7936639.00, 16777215.00, 25, 7807
31, 6695987.00, 6217456.00, 8397976.00, 5650629.00, 7936421.00, 16777215.00, 25, 7989
32, 6692727.00, 6217161.00, 8397866.00, 5646592.00, 7932485.00, 16777215.00, 25, 8261
33, 6690300.00, 6218111.00, 8398069.00, 5647941.00, 7933627.00, 16777215.00, 25, 8624
34, 6689472.00, 6217924.00, 8397991.00, 5637845.00, 7932789.00, 16777215.00, 25, 8988
35, 6685026.00, 6217719.00, 8398120.00, 5632418.00, 7911063.00, 16777215.00, 25, 9351
36, 6679780.00, 6218743.00, 8397848.00, 5666038.00, 7883435.00, 16777215.00, 25, 9714
37, 6681975.00, 6228973.00, 8397987.00, 5693789.00, 7879204.00, 16777215.00, 25, 9986
38, 6688048.00, 6231511.00, 8398090.00, 5699712.00, 7882149.00, 16777215.00, 25, 10349
39, 6688339.00, 6225143.00, 8397983.00, 5690441.00, 7881055.00, 16777215.00, 25, 10621
40, 6678692.00, 6222087.00, 8397964.00, 5724024.00, 7877276.00, 16777215.00, 25, 10984
41, 6681283.00, 6218463.00, 8397914.00, 5743348.00, 7892282.00, 16777215.00, 25, 11257
42, 6684023.00, 6218339.00, 8397957.00, 5744728.00, 7934327.00, 16777215.00, 25, 11620
43, 6688642.00, 6218520.00, 8397889.00, 5730168.00, 7962487.00, 16777215.00, 25, 11983
44, 6688159.00, 6220247.00, 8397980.00, 5713108.00, 7963235.00, 16777215.00, 25, 12164
45, 6671323.00, 6223424.00, 8398046.00, 5704840.00, 7879901.00, 16777215.00, 25, 12437
46, 6660298.00, 6211066.00, 8397995.00, 5695824.00, 7874022.00, 16777215.00, 25, 12709
47, 6658839.00, 6210334.00, 8398086.00, 5688464.00, 7881202.00, 16777215.00, 25, 12982
48, 6664011.00, 6213299.00, 8398088.00, 5691051.00, 7900488.00, 16777215.00, 25, 13254
49, 6664364.00, 6210944.00, 8398006.00, 5673577.00, 7913745.00, 16777215.00, 25, 13526
50, 6661778.00, 6210255.00, 8397987.00, 5667092.00, 7905353.00, 16777215.00, 25, 13799
51, 6659246.00, 6209143.00, 8397943.00, 5688856.00, 7865858.00, 16777215.00, 25, 13980
52, 6648522.00, 6206222.00, 8398049.00, 5706647.00, 7856872.00, 16777215.00, 25, 14253
53, 6649652.00, 6207285.00, 8397976.00, 5712163.00, 7872462.00, 16777215.00, 25, 14616
54, 6653374.00, 6209452.00, 8397881.00, 5715833.00, 7872594.00, 16777215.00, 25, 14797
55, 6653389.00, 6210057.00, 8397972.00, 5718853.00, 7877336.00, 16777215.00, 25, 15070
56, 6655055.00, 6211588.00, 8398008.00, 5719853.00, 7879111.00, 16777215.00, 25, 15342
57, 6655800.00, 6212011.00, 8397949.00, 5719636.00, 7882047.00, 16777215.00, 25, 15615
58, 6656678.00, 6213537.00, 8397980.00, 5721759.00, 7885991.00, 16777215.00, 25, 15978
59, 6657916.00, 6212764.00, 8397974.00, 5715063.00, 7887752.00, 16777215.00, 25, 16250
60, 6659578.00, 6214357.00, 8397933.00, 5720583.00, 7886313.00, 16777215.00, 25, 16614
61, 6657207.00, 6216804.00, 8397912.00, 5732568.00, 7889467.00, 16777215.00, 25, 16977
62, 6667626.00, 6218727.00, 8397882.00, 5713961.00, 7904414.00, 16777215.00, 25, 17249
63, 6664442.00, 6211482.00, 8398115.00, 5696704.00, 7898585.00, 16777215.00, 25, 17522
64, 6658387.00, 6208368.00, 8398047.00, 5685969.00, 7902036.00, 16777215.00, 25, 17794
65, 6657810.00, 6203158.00, 8397958.00, 5674692.00, 7893079.00, 16777215.00, 25, 17975
66, 6654920.00, 6203713.00, 8397942.00, 5680754.00, 7888190.00, 16777215.00, 25, 18157
67, 6654735.00, 6202585.00, 8397979.00, 5675324.00, 7915337.00, 16777215.00, 25, 18338
68, 6655966.00, 6203715.00, 8397984.00, 5664397.00, 7905786.00, 16777215.00, 25, 18611
69, 6655125.00, 6205366.00, 8398147.00, 5669285.00, 7908365.00, 16777215.00, 25, 18792
RECORDING Time: 11:1:59
BASELINE Time: 11:2:1
1, 6651751.00, 6175064.00, 8397961.00, 5668941.00, 7899883.00, 16777215.00, 25, 0
2, 6648328.00, 6168295.00, 8397993.00, 5667183.00, 7892856.00, 16777215.00, 25, 0
3, 6646748.00, 6167256.00, 8397940.00, 5668616.00, 7898248.00, 16777215.00, 25, 363
4, 6646731.00, 6167809.00, 8397878.00, 5666466.00, 7906299.00, 16777215.00, 25, 636
5, 6645919.00, 6167435.00, 8398079.00, 5653948.00, 7919213.00, 16777215.00, 25, 908
6, 6646278.00, 6168625.00, 8397969.00, 5664395.00, 7886230.00, 16777215.00, 25, 1272
7, 6650610.00, 6187319.00, 8397916.00, 5715857.00, 7879693.00, 16777215.00, 25, 1544
8, 6659282.00, 6215745.00, 8397975.00, 5761933.00, 7878415.00, 16777215.00, 25, 1726
9, 6665651.00, 6221435.00, 8397916.00, 5773118.00, 7892558.00, 16777215.00, 25, 1998
10, 6669867.00, 6214502.00, 8397903.00, 5753890.00, 7896173.00, 16777215.00, 25, 2180
11, 6670919.00, 6209926.00, 8397958.00, 5744458.00, 7904928.00, 16777215.00, 25, 2361
12, 6668868.00, 6218869.00, 8398014.00, 5766976.00, 7920293.00, 16777215.00, 25, 2634
13, 6677060.00, 6217006.00, 8397867.00, 5770011.00, 7917582.00, 16777215.00, 25, 2997
14, 6671669.00, 6207268.00, 8397915.00, 5767356.00, 7903913.00, 16777215.00, 25, 3360
15, 6676828.00, 6207912.00, 8397889.00, 5774119.00, 7904935.00, 16777215.00, 25, 3723
16, 6677707.00, 6206952.00, 8398008.00, 5772501.00, 7905659.00, 16777215.00, 25, 3996
17, 6677546.00, 6209602.00, 8397973.00, 5775492.00, 7904438.00, 16777215.00, 25, 4177
18, 6679509.00, 6213926.00, 8397965.00, 5773186.00, 7901791.00, 16777215.00, 25, 4359
19, 6681270.00, 6215835.00, 8397964.00, 5772910.00, 7901448.00, 16777215.00, 25, 4541
20, 6682470.00, 6213748.00, 8397906.00, 5771041.00, 7900864.00, 16777215.00, 25, 4722
21, 6685451.00, 6212530.00, 8398019.00, 5769218.00, 7905461.00, 16777215.00, 25, 4904
22, 6689360.00, 6213846.00, 8398009.00, 5769712.00, 7904355.00, 16777215.00, 25, 5085
23, 6696227.00, 6218592.00, 8398032.00, 5767780.00, 7896184.00, 16777215.00, 25, 5448
24, 6696048.00, 6216493.00, 8397980.00, 5770138.00, 7895596.00, 16777215.00, 25, 5721
25, 6698848.00, 6218540.00, 8397961.00, 5767370.00, 7892506.00, 16777215.00, 25, 6084
26, 6696088.00, 6217753.00, 8398079.00, 5769939.00, 7888956.00, 16777215.00, 25, 6356
27, 6694490.00, 6214144.00, 8397990.00, 5769003.00, 7892050.00, 16777215.00, 25, 6538
28, 6687629.00, 6218837.00, 8398012.00, 5768452.00, 7899393.00, 16777215.00, 25, 6810
29, 6659369.00, 6217360.00, 8397958.00, 5773856.00, 7897275.00, 16777215.00, 25, 7174
30, 6646950.00, 6226641.00, 8397884.00, 5770840.00, 7891369.00, 16777215.00, 25, 7537
31, 6641740.00, 6211133.00, 8398032.00, 5771752.00, 7893884.00, 16777215.00, 25, 7900
32, 6647480.00, 6215022.00, 8397875.00, 5776760.00, 7887195.00, 16777215.00, 25, 8172
33, 6632794.00, 6187918.00, 8397944.00, 5735450.00, 7894123.00, 16777215.00, 25, 8445
34, 6641689.00, 6176573.00, 8398028.00, 5707032.00, 7898048.00, 16777215.00, 25, 8808
35, 6633863.00, 6165511.00, 8398049.00, 5695038.00, 7884007.00, 16777215.00, 25, 8990
36, 6625360.00, 6159129.00, 8397910.00, 5705868.00, 7863791.00, 16777215.00, 25, 9171
37, 6624187.00, 6158331.00, 8397918.00, 5702082.00, 7871002.00, 16777215.00, 25, 9353
38, 6633525.00, 6160554.00, 8397910.00, 5689047.00, 7899073.00, 16777215.00, 25, 9625
39, 6636772.00, 6164531.00, 8397993.00, 5684877.00, 7920219.00, 16777215.00, 25, 9807
40, 6637183.00, 6163275.00, 8398016.00, 5673796.00, 7913433.00, 16777215.00, 25, 9989
BASELINE Time: 11:2:11
RECORDING Time: 11:2:13
1, 6647011.00, 6162700.00, 8397952.00, 5677489.00, 7906121.00, 16777215.00, 25, 0
2, 6648385.00, 6164791.00, 8398089.00, 5683878.00, 7903263.00, 16777215.00, 25, 0
3, 6648745.00, 6163735.00, 8397953.00, 5675970.00, 7905336.00, 16777215.00, 25, 364
4, 6648712.00, 6161486.00, 8398013.00, 5666943.00, 7912716.00, 16777215.00, 25, 636
5, 6649006.00, 6167229.00, 8398133.00, 5691423.00, 7895896.00, 16777215.00, 25, 999
6, 6647361.00, 6176375.00, 8397963.00, 5727987.00, 7881539.00, 16777215.00, 25, 1272
7, 6636519.00, 6179848.00, 8397902.00, 5769408.00, 7881749.00, 16777215.00, 25, 1544
8, 6647182.00, 6211860.00, 8397999.00, 5752640.00, 7918846.00, 16777215.00, 25, 1907
9, 6660742.00, 6220939.00, 8397950.00, 5685594.00, 7955121.00, 16777215.00, 25, 2089
10, 6665660.00, 6215388.00, 8397879.00, 5692092.00, 7924846.00, 16777215.00, 25, 2270
11, 6666513.00, 6209072.00, 8398070.00, 5715255.00, 7966910.00, 16777215.00, 25, 2543
12, 6680687.00, 6243345.00, 8397851.00, 5538963.00, 8011431.00, 16777215.00, 25, 2815
13, 6673868.00, 6249090.00, 8397850.00, 5487204.00, 8020338.00, 16777215.00, 25, 3269
14, 6665328.00, 6248680.00, 8398021.00, 5455366.00, 8015831.00, 16777215.00, 25, 3541
15, 6657998.00, 6248503.00, 8397957.00, 5416643.00, 8035922.00, 16777215.00, 25, 3814
16, 6653587.00, 6248725.00, 8397993.00, 6910833.00, 8004162.00, 16777215.00, 25, 4086
17, 6684071.00, 6273769.00, 8397905.00, 5418609.00, 8033108.00, 16777215.00, 25, 4812
18, 6679389.00, 6287782.00, 8398021.00, 5361254.00, 8066379.00, 16777215.00, 25, 5266
19, 6696256.00, 6268372.00, 8397948.00, 5462850.00, 8216491.00, 16777215.00, 25, 5539
20, 6738971.00, 6253909.00, 8397977.00, 5501395.00, 8222675.00, 16777215.00, 25, 5902
21, 6719625.00, 6235392.00, 8398030.00, 5498676.00, 8219662.00, 16777215.00, 25, 6174
22, 6710930.00, 6219100.00, 8397890.00, 5455432.00, 8224935.00, 16777215.00, 25, 6538
23, 6705974.00, 6217100.00, 8397958.00, 5467529.00, 8221028.00, 16777215.00, 25, 6810
24, 6705500.00, 6215482.00, 8398078.00, 5478534.00, 8201085.00, 16777215.00, 25, 7082
25, 6690675.00, 6204018.00, 8397911.00, 5475280.00, 8189558.00, 16777215.00, 25, 7355
26, 6687267.00, 6208486.00, 8397994.00, 5489374.00, 8190890.00, 16777215.00, 25, 7627
27, 6691850.00, 6208157.00, 8398083.00, 5474568.00, 8206622.00, 16777215.00, 25, 7900
28, 6690253.00, 6206375.00, 8398004.00, 5477176.00, 8208335.00, 16777215.00, 25, 8172
29, 6693867.00, 6209866.00, 8398060.00, 5479620.00, 8213316.00, 16777215.00, 25, 8444
30, 6693812.00, 6210830.00, 8398023.00, 5481889.00, 8214929.00, 16777215.00, 25, 8717
31, 6693965.00, 6210107.00, 8397961.00, 5480241.00, 8214409.00, 16777215.00, 25, 8989
32, 6693515.00, 6210867.00, 8397972.00, 5482861.00, 8217170.00, 16777215.00, 25, 9352
33, 6693670.00, 6211265.00, 8397841.00, 5482287.00, 8216112.00, 16777215.00, 25, 9716
34, 6693518.00, 6211383.00, 8397865.00, 5485982.00, 8219697.00, 16777215.00, 25, 10079
35, 6694903.00, 6215051.00, 8397929.00, 5490175.00, 8225000.00, 16777215.00, 25, 10351
36, 6695878.00, 6214448.00, 8397953.00, 5497819.00, 8230571.00, 16777215.00, 25, 10714
37, 6701826.00, 6221105.00, 8397844.00, 5497363.00, 8209855.00, 16777215.00, 25, 10987
38, 6692698.00, 6215030.00, 8398021.00, 5496314.00, 8218799.00, 16777215.00, 25, 11350
39, 6691756.00, 6214273.00, 8398086.00, 5576013.00, 8219595.00, 16777215.00, 25, 11713
40, 6689138.00, 6212272.00, 8397808.00, 5494710.00, 8207243.00, 16777215.00, 25, 12076
41, 6689765.00, 6212808.00, 8398003.00, 5490349.00, 8214857.00, 16777215.00, 25, 12349
42, 6689082.00, 6213470.00, 8397983.00, 5494093.00, 8209987.00, 16777215.00, 25, 12712
43, 6687874.00, 6213636.00, 8397941.00, 5494255.00, 8211844.00, 16777215.00, 25, 12984
44, 6687789.00, 6213390.00, 8397836.00, 5496301.00, 8212582.00, 16777215.00, 25, 13257
45, 6688209.00, 6213506.00, 8397978.00, 5495205.00, 8212479.00, 16777215.00, 25, 13529
46, 6686993.00, 6213032.00, 8397992.00, 5492914.00, 8212589.00, 16777215.00, 25, 13802
47, 6687009.00, 6213856.00, 8397900.00, 5491367.00, 8223324.00, 16777215.00, 25, 14165
48, 6687350.00, 6212939.00, 8397994.00, 5489874.00, 8223615.00, 16777215.00, 25, 14437
49, 6687286.00, 6211708.00, 8398081.00, 5486942.00, 8218634.00, 16777215.00, 25, 14619
50, 6684894.00, 6211520.00, 8398108.00, 5487854.00, 8216431.00, 16777215.00, 25, 14891
51, 6685588.00, 6212597.00, 8397929.00, 5490668.00, 8220384.00, 16777215.00, 25, 15073
52, 6685374.00, 6211889.00, 8397974.00, 5490215.00, 8220118.00, 16777215.00, 25, 15254
53, 6685343.00, 6212267.00, 8397934.00, 5488117.00, 8234879.00, 16777215.00, 25, 15617
54, 6683248.00, 6209658.00, 8397967.00, 5481055.00, 8205228.00, 16777215.00, 25, 15890
55, 6678041.00, 6210016.00, 8397921.00, 5479402.00, 8188301.00, 16777215.00, 25, 16253
56, 6666268.00, 6221090.00, 8397924.00, 5513218.00, 8187948.00, 16777215.00, 25, 16616
57, 6679160.00, 6221972.00, 8397797.00, 5514306.00, 8194159.00, 16777215.00, 25, 16979
58, 6675520.00, 6218537.00, 8397870.00, 5511792.00, 8190634.00, 16777215.00, 25, 17252
59, 6671535.00, 6216599.00, 8397877.00, 5514658.00, 8182294.00, 16777215.00, 25, 17615
60, 6667378.00, 6215766.00, 8397943.00, 5520789.00, 8181115.00, 16777215.00, 25, 17797
61, 6667095.00, 6212592.00, 8398092.00, 5507242.00, 8188424.00, 16777215.00, 25, 17978
62, 6668253.00, 6213142.00, 8398110.00, 5518775.00, 8188227.00, 16777215.00, 25, 18251
63, 6666474.00, 6212506.00, 8398024.00, 5517516.00, 8187730.00, 16777215.00, 25, 18432
64, 6667914.00, 6212379.00, 8398068.00, 5521156.00, 8191187.00, 16777215.00, 25, 18614
65, 6668315.00, 6211674.00, 8397920.00, 5522464.00, 8186642.00, 16777215.00, 25, 18886
66, 6664074.00, 6207060.00, 8398076.00, 5547234.00, 8190512.00, 16777215.00, 25, 19159
67, 6669022.00, 6206483.00, 8397977.00, 5576415.00, 8208587.00, 16777215.00, 25, 19431
68, 6667991.00, 6198793.00, 8397895.00, 5598276.00, 8237002.00, 16777215.00, 25, 19703
69, 6668135.00, 6194906.00, 8397990.00, 5600622.00, 8252938.00, 16777215.00, 25, 19976
70, 6670728.00, 6193626.00, 8398008.00, 5599392.00, 8274883.00, 16777215.00, 25, 20248
71, 6670098.00, 6191419.00, 8398039.00, 5587728.00, 8283339.00, 16777215.00, 25, 20520
72, 6669341.00, 6192520.00, 8398021.00, 5585461.00, 8288411.00, 16777215.00, 25, 20793
73, 6671897.00, 6196008.00, 8398012.00, 5566936.00, 8293481.00, 16777215.00, 25, 21065
74, 6669771.00, 6198957.00, 8397924.00, 5549368.00, 8280115.00, 16777215.00, 25, 21428
75, 6669823.00, 6201229.00, 8397893.00, 5654632.00, 8231660.00, 16777215.00, 25, 21791
76, 6650427.00, 6199196.00, 8398016.00, 5669499.00, 8204933.00, 16777215.00, 25, 22064
77, 6628102.00, 6176187.00, 8398088.00, 5660181.00, 8164921.00, 16777215.00, 25, 22336
78, 6617600.00, 6167411.00, 8397957.00, 5669874.00, 8159366.00, 16777215.00, 25, 22608
79, 6613136.00, 6159594.00, 8398044.00, 5660250.00, 8169139.00, 16777215.00, 25, 22790
80, 6616107.00, 6157183.00, 8398027.00, 5643647.00, 8170799.00, 16777215.00, 25, 23062
81, 6613951.00, 6153240.00, 8398012.00, 5639600.00, 8181861.00, 16777215.00, 25, 23425
82, 6617748.00, 6155032.00, 8398008.00, 5615920.00, 8173950.00, 16777215.00, 25, 23789
83, 6617394.00, 6161893.00, 8397999.00, 5646756.00, 8174043.00, 16777215.00, 25, 24152
84, 6610637.00, 6148884.00, 8397952.00, 5629376.00, 8148963.00, 16777215.00, 25, 24515
85, 6607842.00, 6149051.00, 8398068.00, 5633071.00, 8178778.00, 16777215.00, 25, 24787
86, 6609123.00, 6151972.00, 8397968.00, 5625362.00, 8187469.00, 16777215.00, 25, 25150
87, 6608439.00, 6152422.00, 8397965.00, 5619856.00, 8184290.00, 16777215.00, 25, 25332
88, 6607966.00, 6151625.00, 8398012.00, 5620175.00, 8172692.00, 16777215.00, 25, 25514
89, 6607918.00, 6152962.00, 8398033.00, 5624396.00, 8187818.00, 16777215.00, 25, 25786
90, 6607942.00, 6152782.00, 8397874.00, 5611244.00, 8197522.00, 16777215.00, 25, 25967
RECORDING Time: 11:2:39
BASELINE Time: 11:2:41
1, 6603927.00, 6152704.00, 8398056.00, 5587436.00, 8202333.00, 16777215.00, 25, 0
2, 6603535.00, 6152268.00, 8397964.00, 5586960.00, 8197158.00, 16777215.00, 25, 0
3, 6603314.00, 6152512.00, 8397827.00, 5585803.00, 8195289.00, 16777215.00, 25, 363
4, 6602753.00, 6151694.00, 8398038.00, 5586002.00, 8197643.00, 16777215.00, 25, 727
5, 6602668.00, 6151984.00, 8397946.00, 5585663.00, 8192745.00, 16777215.00, 25, 999
6, 6601813.00, 6150190.00, 8398007.00, 5585682.00, 8186727.00, 16777215.00, 25, 1362
7, 6601737.00, 6150120.00, 8398139.00, 5586427.00, 8188462.00, 16777215.00, 25, 1634
8, 6601930.00, 6150439.00, 8397933.00, 5587806.00, 8192209.00, 16777215.00, 25, 1907
9, 6602209.00, 6150416.00, 8398034.00, 5588013.00, 8193028.00, 16777215.00, 25, 2179
10, 6602230.00, 6151079.00, 8397957.00, 5588753.00, 8195185.00, 16777215.00, 25, 2361
11, 6602625.00, 6151103.00, 8397854.00, 5587936.00, 8194070.00, 16777215.00, 25, 2633
12, 6602819.00, 6151221.00, 8398057.00, 5588191.00, 8199633.00, 16777215.00, 25, 2906
13, 6602952.00, 6151085.00, 8397944.00, 5587499.00, 8198639.00, 16777215.00, 25, 3087
14, 6602436.00, 6151076.00, 8397913.00, 5587183.00, 8201058.00, 16777215.00, 25, 3450
15, 6601664.00, 6151321.00, 8398045.00, 5586367.00, 8199328.00, 16777215.00, 25, 3813
16, 6601638.00, 6151315.00, 8398039.00, 5587427.00, 8201393.00, 16777215.00, 25, 4177
17, 6601518.00, 6150377.00, 8398037.00, 5585942.00, 8197791.00, 16777215.00, 25, 4358
18, 6601286.00, 6150859.00, 8397914.00, 5586986.00, 8200962.00, 16777215.00, 25, 4631
19, 6601403.00, 6150685.00, 8398024.00, 5587312.00, 8202409.00, 16777215.00, 25, 4812
BASELINE Time: 11:2:46
