Date: 27.3.2020 , In use by: Mena
Daytime: 10:59:44, Temperature: 24°C
ID, strain1, strain2, strain3, temp [°C], runtime [ms]
BASELINE Time: 10:59:49
1, 5989110.00, 6076145.00, 5179085.00, 24, 0
2, 5999014.00, 6065984.00, 5171345.00, 24, 0
3, 5997520.00, 6060806.00, 5172323.00, 24, 103
4, 5967692.00, 6059452.00, 5298527.00, 24, 206
5, 5778370.00, 6060791.00, 5454130.00, 24, 309
6, 5700818.00, 6065485.00, 5472658.00, 24, 412
7, 5782257.00, 6065083.00, 5495617.00, 24, 515
8, 5785422.00, 6063126.00, 5515225.00, 24, 618
9, 5620910.00, 6064784.00, 5546726.00, 24, 721
10, 5545403.00, 6065722.00, 5562340.00, 24, 824
11, 5572718.00, 6064521.00, 5545434.00, 24, 927
12, 5578903.00, 6064653.00, 5525395.00, 24, 1030
13, 5579559.00, 6065858.00, 5520713.00, 24, 1133
14, 5580813.00, 6065690.00, 5510021.00, 24, 1236
15, 5685787.00, 6063196.00, 5506793.00, 24, 1339
16, 5794412.00, 6059890.00, 5528359.00, 24, 1442
17, 5826863.00, 6059408.00, 5548052.00, 24, 1545
18, 5815201.00, 6061996.00, 5536710.00, 24, 1648
19, 5785856.00, 6063729.00, 5536520.00, 24, 1750
20, 5768315.00, 6064223.00, 5549508.00, 24, 1853
21, 5752248.00, 6062597.00, 5559316.00, 24, 1956
22, 5729092.00, 6063025.00, 5561879.00, 24, 2059
23, 5722791.00, 6060085.00, 5563844.00, 24, 2162
24, 5720089.00, 6056472.00, 5570828.00, 24, 2265
25, 5715304.00, 6055626.00, 5576095.00, 24, 2368
26, 5708087.00, 6055183.00, 5575035.00, 24, 2471
27, 5693904.00, 6054533.00, 5565459.00, 24, 2574
28, 5692703.00, 6051628.00, 5546587.00, 24, 2677
29, 5696001.00, 6051249.00, 5544594.00, 24, 2780
30, 5698875.00, 6053528.00, 5545132.00, 24, 2883
31, 5700349.00, 6053573.00, 5549422.00, 24, 2986
32, 5700835.00, 6052520.00, 5542013.00, 24, 3089
33, 5704253.00, 6050838.00, 5539758.00, 24, 3192
34, 5708812.00, 6048426.00, 5548402.00, 24, 3295
35, 5712156.00, 6050467.00, 5546482.00, 24, 3398
36, 5711163.00, 6051378.00, 5542490.00, 24, 3500
37, 5708727.00, 6051131.00, 5539396.00, 24, 3603
38, 5708151.00, 6052292.00, 5535229.00, 24, 3706
39, 5708968.00, 6050570.00, 5524511.00, 24, 3809
40, 5707425.00, 6047201.00, 5499598.00, 24, 3912
41, 5703199.00, 6048344.00, 5494086.00, 24, 4015
42, 5702507.00, 6049043.00, 5496797.00, 24, 4118
43, 5699343.00, 6046929.00, 5496083.00, 24, 4221
44, 5700650.00, 6046691.00, 5495386.00, 24, 4324
45, 5706660.00, 6046358.00, 5508416.00, 24, 4427
46, 5708161.00, 6044223.00, 5519035.00, 24, 4530
47, 5707198.00, 6045199.00, 5517457.00, 24, 4633
48, 5708386.00, 6046825.00, 5511714.00, 24, 4736
49, 5709155.00, 6047214.00, 5508711.00, 24, 4839
50, 5708710.00, 6047449.00, 5508520.00, 24, 4942
51, 5709398.00, 6046479.00, 5509773.00, 24, 5044
52, 5710971.00, 6045178.00, 5512537.00, 24, 5147
53, 5711235.00, 6044810.00, 5513750.00, 24, 5250
54, 5710039.00, 6046129.00, 5512086.00, 24, 5353
55, 5709068.00, 6046820.00, 5509747.00, 24, 5456
56, 5710085.00, 6045204.00, 5509824.00, 24, 5559
57, 5709716.00, 6044231.00, 5510964.00, 24, 5662
58, 5708865.00, 6042057.00, 5506209.00, 24, 5765
59, 5709337.00, 6042269.00, 5502643.00, 24, 5868
60, 5709539.00, 6043016.00, 5507879.00, 24, 5971
61, 5709751.00, 6041693.00, 5510353.00, 24, 6074
62, 5710121.00, 6039759.00, 5502486.00, 24, 6177
63, 5710586.00, 6038414.00, 5464799.00, 24, 6280
64, 5711631.00, 6037142.00, 5436859.00, 24, 6383
65, 5718117.00, 6033962.00, 5446292.00, 24, 6486
66, 5722603.00, 6031662.00, 5454017.00, 24, 6588
67, 5726488.00, 6029867.00, 5454487.00, 24, 6691
68, 5727966.00, 6030019.00, 5454601.00, 24, 6794
69, 5726052.00, 6033844.00, 5449238.00, 24, 6897
70, 5727417.00, 6034143.00, 5441367.00, 24, 7000
71, 5724502.00, 6030926.00, 5420656.00, 24, 7103
72, 5719164.00, 6045823.00, 5376915.00, 24, 7206
73, 5722772.00, 6060119.00, 5353868.00, 24, 7309
74, 5731689.00, 6055178.00, 5366618.00, 24, 7412
75, 5734285.00, 6035642.00, 5393587.00, 24, 7515
76, 5727340.00, 6045601.00, 5376548.00, 24, 7618
77, 5722595.00, 6051971.00, 5363526.00, 24, 7721
78, 5726161.00, 6041474.00, 5381683.00, 24, 7824
79, 5727353.00, 6038654.00, 5385377.00, 24, 7927
80, 5730869.00, 6036566.00, 5389698.00, 24, 8030
81, 5738105.00, 6021630.00, 5420861.00, 24, 8133
82, 5742062.00, 6017098.00, 5440902.00, 24, 8235
83, 5738385.00, 6031021.00, 5426532.00, 24, 8338
84, 5733599.00, 6049182.00, 5394555.00, 24, 8441
85, 5732035.00, 6051091.00, 5384744.00, 24, 8544
86, 5729420.00, 6043921.00, 5396091.00, 24, 8647
87, 5724880.00, 6040209.00, 5400300.00, 24, 8750
88, 5720426.00, 6035198.00, 5403687.00, 24, 8853
89, 5716265.00, 6032754.00, 5407998.00, 24, 8956
90, 5714895.00, 6036292.00, 5394343.00, 24, 9059
91, 5716574.00, 6039155.00, 5395970.00, 24, 9162
92, 5717857.00, 6037848.00, 5399190.00, 24, 9265
93, 5715899.00, 6039326.00, 5390962.00, 24, 9368
94, 5713345.00, 6041482.00, 5389016.00, 24, 9471
95, 5711517.00, 6038471.00, 5391532.00, 24, 9574
96, 5710903.00, 6037547.00, 5390078.00, 24, 9677
97, 5711501.00, 6037871.00, 5390456.00, 24, 9780
98, 5711511.00, 6037343.00, 5390515.00, 24, 9882
99, 5710305.00, 6037996.00, 5388252.00, 24, 9985
100, 5709222.00, 6036559.00, 5389986.00, 24, 10088
101, 5708425.00, 6037149.00, 5388460.00, 24, 10191
102, 5709008.00, 6035618.00, 5385889.00, 24, 10294
103, 5709070.00, 6033120.00, 5390080.00, 24, 10397
104, 5708201.00, 6033220.00, 5390166.00, 24, 10500
105, 5707948.00, 6032562.00, 5390229.00, 24, 10603
106, 5707516.00, 6033754.00, 5386442.00, 24, 10706
107, 5706711.00, 6037544.00, 5378714.00, 24, 10809
108, 5706300.00, 6037697.00, 5378055.00, 24, 10912
109, 5706026.00, 6034261.00, 5383826.00, 24, 11015
110, 5704595.00, 6034607.00, 5382005.00, 24, 11118
111, 5703682.00, 6035198.00, 5379571.00, 24, 11221
112, 5703178.00, 6034948.00, 5379268.00, 24, 11324
113, 5702773.00, 6034310.00, 5379213.00, 24, 11427
114, 5702580.00, 6032583.00, 5381493.00, 24, 11530
115, 5701477.00, 6033082.00, 5380934.00, 24, 11633
116, 5700757.00, 6033837.00, 5378049.00, 24, 11735
117, 5700723.00, 6033092.00, 5378474.00, 24, 11838
118, 5700823.00, 6032172.00, 5380297.00, 24, 11941
119, 5701009.00, 6032300.00, 5380635.00, 24, 12044
120, 5700953.00, 6031490.00, 5381732.00, 24, 12147
121, 5700555.00, 6030798.00, 5380311.00, 24, 12250
122, 5700799.00, 6031713.00, 5378215.00, 24, 12353
123, 5701458.00, 6031859.00, 5379639.00, 24, 12456
124, 5701848.00, 6030720.00, 5380844.00, 24, 12559
125, 5702201.00, 6029682.00, 5382690.00, 24, 12662
126, 5702449.00, 6028345.00, 5383328.00, 24, 12765
127, 5702975.00, 6028217.00, 5382506.00, 24, 12868
128, 5703358.00, 6027274.00, 5382904.00, 24, 12971
129, 5703034.00, 6027710.00, 5382876.00, 24, 13074
130, 5703483.00, 6027434.00, 5380831.00, 24, 13177
131, 5703881.00, 6027690.00, 5381490.00, 24, 13280
132, 5702884.00, 6028752.00, 5376412.00, 24, 13382
133, 5703147.00, 6027062.00, 5379362.00, 24, 13485
134, 5703863.00, 6026070.00, 5380730.00, 24, 13588
135, 5702208.00, 6026228.00, 5378560.00, 24, 13691
136, 5700545.00, 6026045.00, 5376994.00, 24, 13794
137, 5700349.00, 6026131.00, 5375817.00, 24, 13897
138, 5700858.00, 6026736.00, 5374754.00, 24, 14000
139, 5700734.00, 6026388.00, 5375221.00, 24, 14103
140, 5700264.00, 6025564.00, 5376021.00, 24, 14206
141, 5699797.00, 6024629.00, 5377140.00, 24, 14309
142, 5699160.00, 6024629.00, 5376900.00, 24, 14412
143, 5698644.00, 6025790.00, 5374049.00, 24, 14515
144, 5699016.00, 6024707.00, 5374666.00, 24, 14618
145, 5699444.00, 6023171.00, 5377877.00, 24, 14721
146, 5700260.00, 6023485.00, 5378767.00, 24, 14823
147, 5700703.00, 6022291.00, 5382053.00, 24, 14926
148, 5699889.00, 6020369.00, 5382225.00, 24, 15029
149, 5698991.00, 6020376.00, 5379241.00, 24, 15132
150, 5699196.00, 6021349.00, 5378567.00, 24, 15235
151, 5699434.00, 6021591.00, 5376489.00, 24, 15338
152, 5697743.00, 6023957.00, 5370291.00, 24, 15441
153, 5694090.00, 6026832.00, 5365760.00, 24, 15544
154, 5691436.00, 6029373.00, 5364358.00, 24, 15647
155, 5691072.00, 6029765.00, 5365139.00, 24, 15750
156, 5690767.00, 6031237.00, 5366225.00, 24, 15853
157, 5689279.00, 6034761.00, 5363637.00, 24, 15956
158, 5685917.00, 6038223.00, 5358146.00, 24, 16059
159, 5682654.00, 6041349.00, 5352503.00, 24, 16162
160, 5681109.00, 6045106.00, 5336864.00, 24, 16265
161, 5682309.00, 6047057.00, 5329619.00, 24, 16367
162, 5686669.00, 6043170.00, 5336218.00, 24, 16470
163, 5692963.00, 6028526.00, 5363221.00, 24, 16573
164, 5696000.00, 6019329.00, 5375783.00, 24, 16676
165, 5694705.00, 6021790.00, 5368918.00, 24, 16779
166, 5692661.00, 6025496.00, 5361169.00, 24, 16882
167, 5690451.00, 6027519.00, 5356315.00, 24, 16985
168, 5688540.00, 6028522.00, 5353147.00, 24, 17088
169, 5688357.00, 6027890.00, 5353631.00, 24, 17191
170, 5688464.00, 6029426.00, 5350793.00, 24, 17294
171, 5689376.00, 6029648.00, 5350125.00, 24, 17397
172, 5690171.00, 6024482.00, 5359587.00, 24, 17500
173, 5689572.00, 6021838.00, 5365586.00, 24, 17603
174, 5689986.00, 6023023.00, 5366010.00, 24, 17706
175, 5691094.00, 6021006.00, 5368466.00, 24, 17809
176, 5690839.00, 6020645.00, 5367193.00, 24, 17911
177, 5690683.00, 6020530.00, 5370770.00, 24, 18014
178, 5689838.00, 6018423.00, 5370572.00, 24, 18117
179, 5688912.00, 6019286.00, 5367268.00, 24, 18220
180, 5688401.00, 6020333.00, 5366969.00, 24, 18323
181, 5687521.00, 6018753.00, 5368242.00, 24, 18426
182, 5685795.00, 6019702.00, 5367188.00, 24, 18529
183, 5684830.00, 6021962.00, 5362857.00, 24, 18632
184, 5685034.00, 6022572.00, 5359077.00, 24, 18735
185, 5685948.00, 6019874.00, 5361629.00, 24, 18838
186, 5685011.00, 6019580.00, 5365710.00, 24, 18941
187, 5683155.00, 6023066.00, 5361776.00, 24, 19044
188, 5682377.00, 6025966.00, 5349147.00, 24, 19147
189, 5680993.00, 6027491.00, 5345379.00, 24, 19250
190, 5679232.00, 6029328.00, 5341718.00, 24, 19353
191, 5679255.00, 6029811.00, 5341935.00, 24, 19455
192, 5679977.00, 6028226.00, 5344735.00, 24, 19558
193, 5680220.00, 6027418.00, 5345855.00, 24, 19661
194, 5679518.00, 6026728.00, 5346320.00, 24, 19764
195, 5678414.00, 6027498.00, 5343765.00, 24, 19867
196, 5677597.00, 6028054.00, 5342134.00, 24, 19970
197, 5676563.00, 6029516.00, 5338370.00, 24, 20073
198, 5676281.00, 6031756.00, 5333940.00, 24, 20176
199, 5676342.00, 6031452.00, 5334241.00, 24, 20279
200, 5675692.00, 6030631.00, 5335255.00, 24, 20382
201, 5675939.00, 6031881.00, 5332527.00, 24, 20485
202, 5677162.00, 6031229.00, 5337790.00, 24, 20588
203, 5676039.00, 6028667.00, 5335471.00, 24, 20691
204, 5674879.00, 6029926.00, 5333032.00, 24, 20794
205, 5674824.00, 6030540.00, 5332937.00, 24, 20896
206, 5675011.00, 6030479.00, 5331987.00, 24, 20999
207, 5675047.00, 6029057.00, 5332912.00, 24, 21102
208, 5676050.00, 6025612.00, 5337996.00, 24, 21205
209, 5676644.00, 6023283.00, 5343660.00, 24, 21308
210, 5675537.00, 6023744.00, 5344015.00, 24, 21411
211, 5674610.00, 6024619.00, 5342207.00, 24, 21514
212, 5674819.00, 6025629.00, 5340252.00, 24, 21617
213, 5675496.00, 6024877.00, 5339581.00, 24, 21720
214, 5675226.00, 6023996.00, 5341978.00, 24, 21823
215, 5674320.00, 6025655.00, 5340972.00, 24, 21926
216, 5674081.00, 6026392.00, 5337776.00, 24, 22029
217, 5674381.00, 6025167.00, 5340003.00, 24, 22132
218, 5674386.00, 6024014.00, 5340540.00, 24, 22235
219, 5675276.00, 6023301.00, 5341219.00, 24, 22338
220, 5676825.00, 6022527.00, 5342137.00, 24, 22440
221, 5678201.00, 6021168.00, 5345734.00, 24, 22543
222, 5677399.00, 6018837.00, 5348485.00, 24, 22646
223, 5674863.00, 6021495.00, 5340450.00, 24, 22749
224, 5671929.00, 6028584.00, 5326802.00, 24, 22852
225, 5672978.00, 6032865.00, 5320847.00, 24, 22955
226, 5676841.00, 6031289.00, 5325833.00, 24, 23058
227, 5676226.00, 6031790.00, 5324980.00, 24, 23161
228, 5673597.00, 6034575.00, 5318962.00, 24, 23264
229, 5670565.00, 6037855.00, 5312436.00, 24, 23367
230, 5668379.00, 6039127.00, 5309354.00, 24, 23470
231, 5671514.00, 6038512.00, 5315020.00, 24, 23573
232, 5676499.00, 6035918.00, 5327927.00, 24, 23676
233, 5678761.00, 6029505.00, 5331766.00, 24, 23779
234, 5678973.00, 6030841.00, 5329616.00, 24, 23882
235, 5678644.00, 6027177.00, 5333810.00, 24, 23985
236, 5678894.00, 6020915.00, 5344067.00, 24, 24087
237, 5676754.00, 6021111.00, 5346063.00, 24, 24190
238, 5675539.00, 6027399.00, 5333325.00, 24, 24293
239, 5678968.00, 6027082.00, 5330525.00, 24, 24396
240, 5680454.00, 6025560.00, 5336919.00, 24, 24499
241, 5680028.00, 6030903.00, 5332567.00, 24, 24602
242, 5679530.00, 6035581.00, 5320814.00, 24, 24705
243, 5681401.00, 6025891.00, 5323749.00, 24, 24808
244, 5682187.00, 6017480.00, 5344481.00, 24, 24911
245, 5680494.00, 6027790.00, 5323909.00, 24, 25014
246, 5681545.00, 6033769.00, 5324064.00, 24, 25117
247, 5683271.00, 6028903.00, 5336055.00, 24, 25220
248, 5683127.00, 6023724.00, 5341790.00, 24, 25323
249, 5681505.00, 6023162.00, 5338809.00, 24, 25426
250, 5678644.00, 6027826.00, 5326423.00, 24, 25528
251, 5677874.00, 6033441.00, 5317667.00, 24, 25631
252, 5679595.00, 6033011.00, 5320623.00, 24, 25734
253, 5680517.00, 6032085.00, 5322271.00, 24, 25837
254, 5680602.00, 6032190.00, 5322206.00, 24, 25940
255, 5680185.00, 6031434.00, 5323004.00, 24, 26043
256, 5679013.00, 6030818.00, 5322943.00, 24, 26146
257, 5677366.00, 6029550.00, 5323137.00, 24, 26249
258, 5675785.00, 6029414.00, 5316342.00, 24, 26352
259, 5674782.00, 6030927.00, 5316559.00, 24, 26455
260, 5674364.00, 6029535.00, 5316102.00, 24, 26558
261, 5674396.00, 6031145.00, 5312894.00, 24, 26661
262, 5675181.00, 6031354.00, 5312489.00, 24, 26764
263, 5676049.00, 6031040.00, 5313231.00, 24, 26867
264, 5676824.00, 6030660.00, 5314161.00, 24, 26969
265, 5677502.00, 6029835.00, 5315475.00, 24, 27072
266, 5677744.00, 6029415.00, 5316247.00, 24, 27175
267, 5677050.00, 6028322.00, 5316673.00, 24, 27278
268, 5675193.00, 6027154.00, 5317310.00, 24, 27381
269, 5675628.00, 6028260.00, 5314181.00, 24, 27484
270, 5678326.00, 6027825.00, 5314661.00, 24, 27587
271, 5679266.00, 6026867.00, 5318591.00, 24, 27690
272, 5677905.00, 6026336.00, 5319095.00, 24, 27793
273, 5675247.00, 6025609.00, 5315815.00, 24, 27896
274, 5674939.00, 6026559.00, 5313950.00, 24, 27999
275, 5677635.00, 6025713.00, 5320589.00, 24, 28102
276, 5678977.00, 6023912.00, 5320797.00, 24, 28205
277, 5679161.00, 6028134.00, 5314044.00, 24, 28307
278, 5677872.00, 6029944.00, 5312627.00, 24, 28410
279, 5675920.00, 6030660.00, 5306703.00, 24, 28513
280, 5675298.00, 6036088.00, 5294446.00, 24, 28616
281, 5675118.00, 6044763.00, 5281647.00, 24, 28719
282, 5673917.00, 6048905.00, 5274929.00, 24, 28822
283, 5674472.00, 6053535.00, 5265965.00, 24, 28925
284, 5677203.00, 6057144.00, 5263305.00, 24, 29028
285, 5680968.00, 6056380.00, 5271090.00, 24, 29131
286, 5679835.00, 6044026.00, 5290294.00, 24, 29234
287, 5674755.00, 6056898.00, 5262880.00, 24, 29337
288, 5672580.00, 6056142.00, 5261583.00, 24, 29440
289, 5673057.00, 6050395.00, 5269070.00, 24, 29543
290, 5678320.00, 6055248.00, 5265504.00, 24, 29646
291, 5682420.00, 6055078.00, 5272298.00, 24, 29748
292, 5683536.00, 6065706.00, 5256851.00, 24, 29851
293, 5686235.00, 6072784.00, 5243919.00, 24, 29954
294, 5687357.00, 6064814.00, 5256685.00, 24, 30057
295, 5686747.00, 6065034.00, 5258723.00, 24, 30160
296, 5685897.00, 6072382.00, 5244955.00, 24, 30263
297, 5687126.00, 6078302.00, 5235398.00, 24, 30366
298, 5686487.00, 6083592.00, 5230096.00, 24, 30469
299, 5682526.00, 6089404.00, 5218967.00, 24, 30572
300, 5680373.00, 6098367.00, 5202131.00, 24, 30675
301, 5683867.00, 6095965.00, 5229819.00, 24, 30778
302, 5687858.00, 6070118.00, 5268020.00, 24, 30881
303, 5693338.00, 6055713.00, 5268199.00, 24, 30984
304, 5696749.00, 6069333.00, 5239139.00, 24, 31087
305, 5697164.00, 6072423.00, 5224852.00, 24, 31189
306, 5710076.00, 6067858.00, 5205002.00, 24, 31292
307, 5723360.00, 6098807.00, 5165710.00, 24, 31395
308, 5724332.00, 6121163.00, 5163143.00, 24, 31498
309, 5720478.00, 6114453.00, 5203632.00, 24, 31601
310, 5718370.00, 6102115.00, 5240789.00, 24, 31704
311, 5717556.00, 6088344.00, 5270695.00, 24, 31807
312, 5716427.00, 6070486.00, 5302510.00, 24, 31910
313, 5716155.00, 6054443.00, 5321077.00, 24, 32013
314, 5720786.00, 6039295.00, 5337355.00, 24, 32116
315, 5726773.00, 6026813.00, 5388150.00, 24, 32219
316, 5726929.00, 6029199.00, 5382406.00, 24, 32322
317, 5726207.00, 6033014.00, 5376333.00, 24, 32425
318, 5726729.00, 6035727.00, 5369226.00, 24, 32528
319, 5728584.00, 6039096.00, 5354322.00, 24, 32630
320, 5731034.00, 6036537.00, 5346058.00, 24, 32733
321, 5731521.00, 6026279.00, 5359570.00, 24, 32836
322, 5730478.00, 6018137.00, 5380023.00, 24, 32939
323, 5729898.00, 6018020.00, 5389303.00, 24, 33042
324, 5729366.00, 6022731.00, 5385027.00, 24, 33145
325, 5728621.00, 6028934.00, 5373997.00, 24, 33248
326, 5728047.00, 6032285.00, 5367633.00, 24, 33351
327, 5727427.00, 6031029.00, 5369932.00, 24, 33454
328, 5726886.00, 6028437.00, 5375742.00, 24, 33557
329, 5726861.00, 6026251.00, 5382421.00, 24, 33660
330, 5727007.00, 6026010.00, 5379557.00, 24, 33763
331, 5726853.00, 6027758.00, 5375602.00, 24, 33866
332, 5726956.00, 6030219.00, 5370837.00, 24, 33969
333, 5727596.00, 6031108.00, 5370521.00, 24, 34072
334, 5727180.00, 6028450.00, 5376644.00, 24, 34174
335, 5726043.00, 6026588.00, 5380458.00, 24, 34277
336, 5725980.00, 6027444.00, 5378776.00, 24, 34380
337, 5726299.00, 6028993.00, 5373499.00, 24, 34483
338, 5726195.00, 6030635.00, 5371362.00, 24, 34586
339, 5725974.00, 6029117.00, 5372133.00, 24, 34689
340, 5725339.00, 6028776.00, 5375281.00, 24, 34792
341, 5724862.00, 6030174.00, 5375201.00, 24, 34895
342, 5725390.00, 6028701.00, 5373171.00, 24, 34998
343, 5726674.00, 6026083.00, 5373238.00, 24, 35101
344, 5727713.00, 6023041.00, 5374377.00, 24, 35204
345, 5728313.00, 6019782.00, 5377135.00, 24, 35307
346, 5727730.00, 6017857.00, 5379762.00, 24, 35410
347, 5725626.00, 6020237.00, 5379480.00, 24, 35513
348, 5724608.00, 6019972.00, 5384619.00, 24, 35616
349, 5727922.00, 6014369.00, 5398041.00, 24, 35718
350, 5730705.00, 6013300.00, 5399639.00, 24, 35821
351, 5730968.00, 6017258.00, 5387675.00, 24, 35924
352, 5730982.00, 6016389.00, 5385274.00, 24, 36027
353, 5730914.00, 6014337.00, 5387680.00, 24, 36130
354, 5730320.00, 6015669.00, 5384922.00, 24, 36233
355, 5729506.00, 6016802.00, 5384425.00, 24, 36336
356, 5728844.00, 6017360.00, 5386227.00, 24, 36439
357, 5728117.00, 6017575.00, 5392664.00, 24, 36542
358, 5727138.00, 6014489.00, 5401733.00, 24, 36645
359, 5727782.00, 6012070.00, 5402996.00, 24, 36748
360, 5728379.00, 6013030.00, 5395659.00, 24, 36851
361, 5727938.00, 6016029.00, 5390384.00, 24, 36954
362, 5727461.00, 6017519.00, 5390534.00, 24, 37057
363, 5727293.00, 6017267.00, 5390068.00, 24, 37160
364, 5727419.00, 6016989.00, 5392287.00, 24, 37263
365, 5727274.00, 6009522.00, 5400136.00, 24, 37365
366, 5726893.00, 6011713.00, 5403123.00, 24, 37468
367, 5726847.00, 6015432.00, 5395707.00, 24, 37571
368, 5726444.00, 6014760.00, 5391992.00, 24, 37674
369, 5726126.00, 6014900.00, 5395476.00, 24, 37777
370, 5726257.00, 6013771.00, 5393844.00, 24, 37880
371, 5726337.00, 6010615.00, 5401253.00, 24, 37983
372, 5726989.00, 6010471.00, 5398276.00, 24, 38086
373, 5727885.00, 6010096.00, 5395934.00, 24, 38189
374, 5728093.00, 6008847.00, 5396635.00, 24, 38292
375, 5728401.00, 6007755.00, 5396409.00, 24, 38395
376, 5729315.00, 6009387.00, 5389278.00, 24, 38498
377, 5729906.00, 6011841.00, 5381918.00, 24, 38601
378, 5730028.00, 6011223.00, 5381290.00, 24, 38704
379, 5729673.00, 6007142.00, 5388322.00, 24, 38807
380, 5728837.00, 6006524.00, 5391634.00, 24, 38910
381, 5727835.00, 6008359.00, 5390867.00, 24, 39013
382, 5727631.00, 6007992.00, 5393322.00, 24, 39115
383, 5728029.00, 6008051.00, 5392549.00, 24, 39218
384, 5727808.00, 6009792.00, 5387207.00, 24, 39321
385, 5727389.00, 6009728.00, 5388107.00, 24, 39424
386, 5726764.00, 6009027.00, 5391964.00, 24, 39527
387, 5726010.00, 6007844.00, 5396486.00, 24, 39630
388, 5725565.00, 6006999.00, 5399076.00, 24, 39733
389, 5724955.00, 6006508.00, 5399701.00, 24, 39836
390, 5723967.00, 6007590.00, 5399005.00, 24, 39939
391, 5723384.00, 6008660.00, 5402503.00, 24, 40042
392, 5722923.00, 6001608.00, 5411202.00, 24, 40145
393, 5722509.00, 6002506.00, 5414013.00, 24, 40248
394, 5722427.00, 6003571.00, 5409800.00, 24, 40351
395, 5722939.00, 6001245.00, 5411494.00, 24, 40454
396, 5725602.00, 5998514.00, 5421240.00, 24, 40557
397, 5727212.00, 5997109.00, 5429826.00, 24, 40659
398, 5728268.00, 5995894.00, 5435673.00, 24, 40762
399, 5730082.00, 5995903.00, 5428689.00, 24, 40865
400, 5731565.00, 5994461.00, 5411888.00, 24, 40968
401, 5729241.00, 5989872.00, 5403279.00, 24, 41071
402, 5728386.00, 5984877.00, 5404778.00, 24, 41174
403, 5728722.00, 5987698.00, 5399598.00, 24, 41277
404, 5728552.00, 5990747.00, 5399320.00, 24, 41380
405, 5727752.00, 5991478.00, 5403929.00, 24, 41483
406, 5726953.00, 5990716.00, 5410751.00, 24, 41586
407, 5726553.00, 5987834.00, 5419962.00, 24, 41689
408, 5726046.00, 5985317.00, 5426467.00, 24, 41792
409, 5725464.00, 5985156.00, 5429744.00, 24, 41895
410, 5725500.00, 5985727.00, 5433077.00, 24, 41998
411, 5724729.00, 5988025.00, 5435241.00, 24, 42101
412, 5724912.00, 5989435.00, 5437560.00, 24, 42203
413, 5725216.00, 5988922.00, 5442986.00, 24, 42306
414, 5725210.00, 5989060.00, 5446265.00, 24, 42409
415, 5725742.00, 5987879.00, 5449152.00, 24, 42512
416, 5725493.00, 5987971.00, 5442774.00, 24, 42615
417, 5725280.00, 5992616.00, 5424820.00, 24, 42718
418, 5725740.00, 6017522.00, 5397296.00, 24, 42821
419, 5727295.00, 6015063.00, 5390895.00, 24, 42924
420, 5730081.00, 6009192.00, 5399791.00, 24, 43027
421, 5732741.00, 6013638.00, 5388652.00, 24, 43130
422, 5734375.00, 6016036.00, 5373415.00, 24, 43233
423, 5735669.00, 6013537.00, 5372968.00, 24, 43336
424, 5736946.00, 6010093.00, 5373963.00, 24, 43439
425, 5736745.00, 6009332.00, 5375679.00, 24, 43542
426, 5735539.00, 6017922.00, 5373220.00, 24, 43644
427, 5735557.00, 6028819.00, 5345244.00, 24, 43747
428, 5736576.00, 6027561.00, 5353243.00, 24, 43850
429, 5737943.00, 6017624.00, 5362041.00, 24, 43953
430, 5739173.00, 6021564.00, 5339244.00, 24, 44056
431, 5740727.00, 6040231.00, 5301070.00, 24, 44159
432, 5741624.00, 6051716.00, 5280345.00, 24, 44262
433, 5742378.00, 6049052.00, 5285277.00, 24, 44365
434, 5742849.00, 6038969.00, 5306712.00, 24, 44468
435, 5742560.00, 6031360.00, 5322869.00, 24, 44571
436, 5742808.00, 6031343.00, 5322994.00, 24, 44674
437, 5743177.00, 6032467.00, 5317704.00, 24, 44777
438, 5742726.00, 6031217.00, 5314982.00, 24, 44880
439, 5741715.00, 6032018.00, 5310557.00, 24, 44983
440, 5740082.00, 6034443.00, 5301404.00, 24, 45085
441, 5740065.00, 6034174.00, 5305153.00, 24, 45188
442, 5739837.00, 6030433.00, 5311139.00, 24, 45291
443, 5737800.00, 6027394.00, 5302743.00, 24, 45394
444, 5735656.00, 6027989.00, 5296996.00, 24, 45497
445, 5733337.00, 6024757.00, 5298064.00, 24, 45600
446, 5731171.00, 6024746.00, 5295569.00, 24, 45703
447, 5729977.00, 6026906.00, 5289547.00, 24, 45806
448, 5730010.00, 6027174.00, 5287069.00, 24, 45909
449, 5729874.00, 6026219.00, 5288490.00, 24, 46012
450, 5729410.00, 6026583.00, 5286962.00, 24, 46115
451, 5729209.00, 6026804.00, 5283861.00, 24, 46218
452, 5729522.00, 6025481.00, 5282617.00, 24, 46321
453, 5730524.00, 6022157.00, 5286942.00, 24, 46423
454, 5731462.00, 6019938.00, 5294932.00, 24, 46526
455, 5731730.00, 6021706.00, 5293122.00, 24, 46629
456, 5731662.00, 6026954.00, 5282415.00, 24, 46732
457, 5732393.00, 6034784.00, 5277027.00, 24, 46835
458, 5732396.00, 6027840.00, 5302230.00, 24, 46938
459, 5731153.00, 6010100.00, 5327462.00, 24, 47041
460, 5730104.00, 6009505.00, 5325793.00, 24, 47144
461, 5727535.00, 6015880.00, 5321029.00, 24, 47247
462, 5724361.00, 6012747.00, 5322814.00, 24, 47350
463, 5722315.00, 6014444.00, 5313664.00, 24, 47453
464, 5720690.00, 6020345.00, 5301523.00, 24, 47556
465, 5720736.00, 6025199.00, 5291641.00, 24, 47659
466, 5721763.00, 6030444.00, 5285372.00, 24, 47761
467, 5722264.00, 6030640.00, 5289180.00, 24, 47864
468, 5720807.00, 6024742.00, 5300805.00, 24, 47967
469, 5716692.00, 6017762.00, 5292607.00, 24, 48070
470, 5717059.00, 6022440.00, 5285738.00, 24, 48173
471, 5718540.00, 6039516.00, 5279906.00, 24, 48276
472, 5718007.00, 6050935.00, 5274110.00, 24, 48379
473, 5715456.00, 6041978.00, 5296488.00, 24, 48482
474, 5702960.00, 6026168.00, 5312468.00, 24, 48585
475, 5693507.00, 6021714.00, 5307957.00, 24, 48688
476, 5697112.00, 6017174.00, 5319232.00, 24, 48791
477, 5703246.00, 6010086.00, 5343813.00, 24, 48894
478, 5705763.00, 6008870.00, 5358469.00, 24, 48997
479, 5705611.00, 6011917.00, 5361003.00, 24, 49100
480, 5703743.00, 6012744.00, 5361573.00, 24, 49203
481, 5699623.00, 6013268.00, 5351710.00, 24, 49305
482, 5701853.00, 6009817.00, 5349569.00, 24, 49408
483, 5703817.00, 6005908.00, 5366148.00, 24, 49511
484, 5701062.00, 6007963.00, 5357465.00, 24, 49614
485, 5700541.00, 6010531.00, 5355752.00, 24, 49717
486, 5700622.00, 6008651.00, 5353055.00, 24, 49820
487, 5701767.00, 6004121.00, 5361057.00, 24, 49923
488, 5703385.00, 5999299.00, 5382007.00, 24, 50026
489, 5701996.00, 5997124.00, 5390489.00, 24, 50129
490, 5700671.00, 6000013.00, 5386610.00, 24, 50232
491, 5700234.00, 6001464.00, 5368283.00, 24, 50335
492, 5698956.00, 5998839.00, 5316789.00, 24, 50438
493, 5697276.00, 5997452.00, 5254496.00, 24, 50541
494, 5695793.00, 5994547.00, 5138429.00, 24, 50644
495, 5694711.00, 5990989.00, 5085999.00, 24, 50747
496, 5692457.00, 5986441.00, 5014675.00, 24, 50849
497, 5688768.00, 5981199.00, 5117969.00, 24, 50952
498, 5689581.00, 5989036.00, 5115716.00, 24, 51055
499, 5691742.00, 5998005.00, 5117882.00, 24, 51158
500, 5690042.00, 5997320.00, 5141248.00, 24, 51261
501, 5687401.00, 5995915.00, 5110339.00, 24, 51364
502, 5684151.00, 5994745.00, 5083013.00, 24, 51467
503, 5683401.00, 5990250.00, 5086800.00, 24, 51570
504, 5684965.00, 5987901.00, 5095911.00, 24, 51673
BASELINE Time: 14:59:48
RECORDING Time: 14:59:49
1, 5686265.00, 5976655.00, 5043995.00, 24, 0
2, 5692566.00, 5976187.00, 5106169.00, 24, 0
3, 5689647.00, 5977672.00, 5100743.00, 24, 103
4, 5688325.00, 5976105.00, 5045992.00, 24, 206
5, 5694934.00, 5973904.00, 5110020.00, 24, 309
6, 5702118.00, 5972958.00, 5146739.00, 24, 411
7, 5703777.00, 5973032.00, 5158004.00, 24, 514
8, 5705238.00, 5972782.00, 5161990.00, 24, 617
9, 5704184.00, 5972308.00, 5161823.00, 24, 720
10, 5698715.00, 5972215.00, 5153330.00, 24, 823
11, 5692699.00, 5972141.00, 5138226.00, 24, 926
12, 5686602.00, 5988782.00, 5095299.00, 24, 1029
13, 5673344.00, 6030923.00, 5010777.00, 24, 1132
14, 5649178.00, 6086290.00, 4909845.00, 24, 1235
15, 5627350.00, 6150736.00, 4798883.00, 24, 1338
16, 5609519.00, 6195804.00, 4706801.00, 24, 1441
17, 5594919.00, 6231310.00, 4629047.00, 24, 1544
18, 5598213.00, 6266049.00, 4549485.00, 24, 1647
19, 5597516.00, 6270087.00, 4539259.00, 24, 1750
20, 5605759.00, 6260695.00, 4563854.00, 24, 1853
21, 5617602.00, 6249053.00, 4592432.00, 24, 1955
22, 5614752.00, 6232502.00, 4616489.00, 24, 2058
23, 5607684.00, 6212206.00, 4638934.00, 24, 2161
24, 5604110.00, 6198594.00, 4641067.00, 24, 2264
25, 5599551.00, 6207287.00, 4618247.00, 24, 2367
26, 5590656.00, 6221407.00, 4592130.00, 24, 2470
27, 5588873.00, 6227817.00, 4577121.00, 24, 2573
28, 5590585.00, 6231240.00, 4572998.00, 24, 2676
29, 5584245.00, 6227070.00, 4588448.00, 24, 2779
30, 5568435.00, 6181686.00, 4616543.00, 24, 2882
31, 5541303.00, 6155546.00, 4634192.00, 24, 2985
32, 5528980.00, 6160795.00, 4657376.00, 24, 3088
33, 5539564.00, 6185304.00, 4630976.00, 24, 3191
34, 5538012.00, 6178056.00, 4605141.00, 24, 3294
35, 5553993.00, 6189583.00, 4591013.00, 24, 3396
36, 5563086.00, 6208360.00, 4563721.00, 24, 3499
37, 5576915.00, 6214681.00, 4566636.00, 24, 3602
38, 5586420.00, 6202105.00, 4596039.00, 24, 3705
39, 5589815.00, 6178547.00, 4636138.00, 24, 3808
40, 5587220.00, 6147603.00, 4683495.00, 24, 3911
41, 5591296.00, 6118376.00, 4731742.00, 24, 4014
42, 5608459.00, 6105211.00, 4768141.00, 24, 4117
43, 5612606.00, 6096393.00, 4797924.00, 24, 4220
44, 5612747.00, 6083289.00, 4822529.00, 24, 4323
45, 5623849.00, 6062385.00, 4864285.00, 24, 4426
46, 5630726.00, 6055135.00, 4895690.00, 24, 4529
47, 5622643.00, 6062763.00, 4891679.00, 24, 4632
48, 5613980.00, 6066302.00, 4865290.00, 24, 4735
49, 5611633.00, 6073988.00, 4844393.00, 24, 4837
50, 5612674.00, 6086070.00, 4839407.00, 24, 4940
51, 5620829.00, 6081940.00, 4868347.00, 24, 5043
52, 5624403.00, 6065499.00, 4889549.00, 24, 5146
53, 5619930.00, 6059989.00, 4880397.00, 24, 5249
54, 5616966.00, 6069135.00, 4857692.00, 24, 5352
55, 5617160.00, 6079054.00, 4848311.00, 24, 5455
56, 5618098.00, 6073753.00, 4853876.00, 24, 5558
57, 5617819.00, 6074760.00, 4860595.00, 24, 5661
58, 5614617.00, 6079718.00, 4852060.00, 24, 5764
59, 5612605.00, 6076604.00, 4845244.00, 24, 5867
60, 5615139.00, 6069957.00, 4852669.00, 24, 5970
61, 5618850.00, 6065839.00, 4864602.00, 24, 6073
62, 5619876.00, 6064735.00, 4872862.00, 24, 6175
63, 5618574.00, 6065790.00, 4869150.00, 24, 6278
64, 5617374.00, 6067037.00, 4865901.00, 24, 6381
65, 5616893.00, 6067217.00, 4865089.00, 24, 6484
66, 5616380.00, 6067412.00, 4864119.00, 24, 6587
67, 5614927.00, 6068316.00, 4861609.00, 24, 6690
68, 5614250.00, 6068037.00, 4861995.00, 24, 6793
69, 5613378.00, 6067518.00, 4863459.00, 24, 6896
70, 5611086.00, 6072661.00, 4854411.00, 24, 6999
71, 5609485.00, 6079699.00, 4841487.00, 24, 7102
72, 5609720.00, 6078561.00, 4842129.00, 24, 7205
73, 5610533.00, 6073885.00, 4849734.00, 24, 7308
74, 5612058.00, 6068428.00, 4858870.00, 24, 7411
75, 5614497.00, 6062479.00, 4870645.00, 24, 7514
76, 5617649.00, 6056592.00, 4901513.00, 24, 7617
77, 5622269.00, 6046090.00, 4924481.00, 24, 7720
78, 5623864.00, 6035441.00, 4931357.00, 24, 7822
79, 5620264.00, 6035225.00, 4922050.00, 24, 7925
80, 5618087.00, 6039170.00, 4920885.00, 24, 8028
81, 5619487.00, 6037202.00, 4927745.00, 24, 8131
82, 5622044.00, 6033263.00, 4933929.00, 24, 8234
83, 5622955.00, 6029777.00, 4936554.00, 24, 8337
84, 5623063.00, 6026491.00, 4940774.00, 24, 8440
85, 5624219.00, 6024603.00, 4946635.00, 24, 8543
86, 5626464.00, 6024361.00, 4952425.00, 24, 8646
87, 5627921.00, 6026215.00, 4955229.00, 24, 8749
88, 5628715.00, 6025288.00, 4953894.00, 24, 8852
89, 5634965.00, 6018366.00, 4958384.00, 24, 8955
90, 5640036.00, 6014217.00, 4936797.00, 24, 9058
91, 5640244.00, 6010825.00, 4906314.00, 24, 9161
92, 5641751.00, 6008941.00, 4831725.00, 24, 9264
RECORDING Time: 11:0:50
BASELINE Time: 11:1:7
1, 5541208.00, 5974740.00, 4921573.00, 24, 0
2, 5528911.00, 5977766.00, 4920096.00, 24, 0
3, 5486111.00, 5976532.00, 4894253.00, 24, 102
4, 5447335.00, 5975477.00, 4856315.00, 24, 205
5, 5434947.00, 5975476.00, 4846707.00, 24, 308
6, 5415792.00, 5970106.00, 4860784.00, 24, 411
7, 5413241.00, 5965805.00, 4858675.00, 24, 514
8, 5414387.00, 5966946.00, 4857328.00, 24, 617
9, 5411265.00, 5969798.00, 4852392.00, 24, 720
10, 5402580.00, 5974992.00, 4839128.00, 24, 823
11, 5394409.00, 5985569.00, 4818782.00, 24, 926
12, 5391363.00, 5990270.00, 4813678.00, 24, 1029
13, 5388578.00, 5989673.00, 4817254.00, 24, 1132
14, 5384356.00, 5989973.00, 4819339.00, 24, 1235
15, 5382039.00, 5991525.00, 4820938.00, 24, 1338
16, 5382244.00, 5992092.00, 4825378.00, 24, 1440
17, 5385253.00, 5986690.00, 4834028.00, 24, 1543
18, 5390222.00, 5981202.00, 4845507.00, 24, 1646
19, 5390940.00, 5981521.00, 4847089.00, 24, 1749
20, 5388193.00, 5985174.00, 4839972.00, 24, 1852
21, 5390334.00, 5982405.00, 4844059.00, 24, 1955
22, 5403737.00, 5970097.00, 4865795.00, 24, 2058
23, 5413702.00, 5959466.00, 4895877.00, 24, 2161
24, 5398650.00, 5969505.00, 4888910.00, 24, 2264
25, 5383297.00, 5999950.00, 4828398.00, 24, 2367
26, 5377925.00, 6025052.00, 4769067.00, 24, 2470
27, 5360473.00, 6045979.00, 4733348.00, 24, 2573
28, 5347452.00, 6065347.00, 4689566.00, 24, 2676
29, 5357638.00, 6057012.00, 4717142.00, 24, 2778
30, 5367965.00, 6036328.00, 4754354.00, 24, 2881
31, 5379125.00, 6017923.00, 4789888.00, 24, 2984
32, 5387577.00, 6001022.00, 4816388.00, 24, 3087
33, 5386810.00, 5993506.00, 4820480.00, 24, 3190
34, 5378672.00, 6000222.00, 4798681.00, 24, 3293
35, 5374272.00, 6013320.00, 4782153.00, 24, 3396
36, 5380886.00, 6008329.00, 4804934.00, 24, 3499
37, 5390368.00, 5993204.00, 4831905.00, 24, 3602
38, 5401600.00, 5981201.00, 4850425.00, 24, 3705
39, 5407465.00, 5970692.00, 4860711.00, 24, 3808
40, 5409999.00, 5967003.00, 4859888.00, 24, 3911
41, 5411497.00, 5967244.00, 4853848.00, 24, 4014
42, 5412664.00, 5968837.00, 4851912.00, 24, 4116
43, 5413015.00, 5965331.00, 4862782.00, 24, 4219
44, 5420101.00, 5959338.00, 4883032.00, 24, 4322
45, 5428312.00, 5954193.00, 4910108.00, 24, 4425
46, 5431714.00, 5948511.00, 4931678.00, 24, 4528
47, 5432571.00, 5939474.00, 4946563.00, 24, 4631
48, 5421545.00, 5952100.00, 4910964.00, 24, 4734
49, 5393725.00, 5991084.00, 4829028.00, 24, 4837
50, 5362540.00, 6033334.00, 4742499.00, 24, 4940
51, 5322561.00, 6068232.00, 4664952.00, 24, 5043
52, 5300051.00, 6131385.00, 4548719.00, 24, 5146
53, 5325857.00, 6231275.00, 4398569.00, 24, 5249
54, 5339682.00, 6282336.00, 4301859.00, 24, 5352
55, 5339242.00, 6276865.00, 4277825.00, 24, 5454
56, 5352738.00, 6251783.00, 4299408.00, 24, 5557
57, 5366205.00, 6226780.00, 4391835.00, 24, 5660
58, 5367524.00, 6211751.00, 4407878.00, 24, 5763
59, 5358002.00, 6209695.00, 4399411.00, 24, 5866
60, 5346882.00, 6215573.00, 4383264.00, 24, 5969
61, 5298949.00, 6214041.00, 4371728.00, 24, 6072
62, 5257624.00, 6186669.00, 4365959.00, 24, 6175
63, 5319503.00, 6176380.00, 4373425.00, 24, 6278
64, 5347619.00, 6199465.00, 4379852.00, 24, 6381
65, 5352281.00, 6208628.00, 4376701.00, 24, 6484
66, 5366087.00, 6198679.00, 4410274.00, 24, 6587
67, 5366510.00, 6180014.00, 4438791.00, 24, 6690
68, 5355380.00, 6184963.00, 4413425.00, 24, 6792
69, 5349051.00, 6189967.00, 4385157.00, 24, 6895
70, 5356760.00, 6156194.00, 4408602.00, 24, 6998
71, 5371541.00, 6120768.00, 4545865.00, 24, 7101
72, 5390144.00, 6101739.00, 4595157.00, 24, 7204
73, 5400206.00, 6095137.00, 4623662.00, 24, 7307
74, 5402359.00, 6089512.00, 4648640.00, 24, 7410
75, 5397397.00, 6085776.00, 4661039.00, 24, 7513
76, 5396774.00, 6084250.00, 4665610.00, 24, 7616
77, 5406800.00, 6071373.00, 4689937.00, 24, 7719
78, 5411899.00, 6053764.00, 4720827.00, 24, 7822
79, 5411306.00, 6034193.00, 4751294.00, 24, 7925
80, 5418539.00, 6019395.00, 4780233.00, 24, 8028
81, 5423114.00, 6013076.00, 4798985.00, 24, 8131
82, 5419486.00, 6006203.00, 4812420.00, 24, 8233
83, 5417175.00, 6007171.00, 4813984.00, 24, 8336
84, 5417627.00, 6011997.00, 4807308.00, 24, 8439
85, 5419482.00, 6007457.00, 4813790.00, 24, 8542
86, 5423685.00, 5998645.00, 4844311.00, 24, 8645
87, 5424810.00, 5995871.00, 4829613.00, 24, 8748
88, 5421041.00, 5998589.00, 4643676.00, 24, 8851
89, 5418074.00, 6006651.00, 4565513.00, 24, 8954
90, 5423388.00, 6007052.00, 4834678.00, 24, 9057
BASELINE Time: 11:1:16
RECORDING Time: 11:1:17
1, 5488904.00, 5981612.00, 5215681.00, 24, 0
2, 5497581.00, 5981755.00, 5137672.00, 24, 0
3, 5514703.00, 5982061.00, 5163306.00, 24, 103
4, 5518046.00, 5982717.00, 5171913.00, 24, 206
5, 5518022.00, 5982926.00, 5155690.00, 24, 309
6, 5517665.00, 5983874.00, 5151244.00, 24, 412
7, 5521258.00, 5981818.00, 5188221.00, 24, 515
8, 5548913.00, 5979799.00, 5238679.00, 24, 618
9, 5580499.00, 5981915.00, 5247639.00, 24, 721
10, 5584283.00, 5988738.00, 5253294.00, 24, 823
11, 5583030.00, 5989800.00, 5210978.00, 24, 926
12, 5584574.00, 5985143.00, 5171102.00, 24, 1029
13, 5581762.00, 5991074.00, 5217757.00, 24, 1132
14, 5575540.00, 6000378.00, 5241313.00, 24, 1235
15, 5572164.00, 6006070.00, 5237963.00, 24, 1338
16, 5571363.00, 6002745.00, 5228287.00, 24, 1441
17, 5556026.00, 6002023.00, 5212134.00, 24, 1544
18, 5542221.00, 6015008.00, 5172400.00, 24, 1647
19, 5546635.00, 6017942.00, 5154094.00, 24, 1750
20, 5556320.00, 6004145.00, 5172843.00, 24, 1853
21, 5562901.00, 5994295.00, 5195530.00, 24, 1956
22, 5579893.00, 5986860.00, 5227772.00, 24, 2059
23, 5597610.00, 5976825.00, 5267015.00, 24, 2161
24, 5582989.00, 5971324.00, 5259307.00, 24, 2264
25, 5554118.00, 6014852.00, 5152645.00, 24, 2367
26, 5535284.00, 6045767.00, 5083889.00, 24, 2470
27, 5501454.00, 6075421.00, 5015584.00, 24, 2573
28, 5487881.00, 6160367.00, 4860094.00, 24, 2676
29, 5480492.00, 6245891.00, 4705047.00, 24, 2779
30, 5484328.00, 6262216.00, 4628339.00, 24, 2882
31, 5499402.00, 6288333.00, 4593222.00, 24, 2985
32, 5498360.00, 6301398.00, 4624799.00, 24, 3088
33, 5499379.00, 6271354.00, 4659618.00, 24, 3191
34, 5504417.00, 6254098.00, 4647059.00, 24, 3294
35, 5499842.00, 6263401.00, 4631520.00, 24, 3397
36, 5500294.00, 6267960.00, 4634654.00, 24, 3500
37, 5499461.00, 6267455.00, 4626590.00, 24, 3602
38, 5486477.00, 6250566.00, 4637853.00, 24, 3705
39, 5481968.00, 6241944.00, 4654869.00, 24, 3808
40, 5478730.00, 6243777.00, 4657703.00, 24, 3911
41, 5479490.00, 6251069.00, 4646493.00, 24, 4014
42, 5484164.00, 6256345.00, 4637537.00, 24, 4117
43, 5488357.00, 6255953.00, 4635197.00, 24, 4220
44, 5490755.00, 6253129.00, 4636215.00, 24, 4323
45, 5487403.00, 6251878.00, 4632157.00, 24, 4426
46, 5482084.00, 6247824.00, 4634041.00, 24, 4529
47, 5480648.00, 6246641.00, 4625823.00, 24, 4632
48, 5487823.00, 6247437.00, 4614776.00, 24, 4735
49, 5495470.00, 6249106.00, 4606038.00, 24, 4838
50, 5492653.00, 6249250.00, 4599220.00, 24, 4940
51, 5490856.00, 6242460.00, 4607218.00, 24, 5043
52, 5494516.00, 6233852.00, 4620974.00, 24, 5146
53, 5499076.00, 6236906.00, 4619515.00, 24, 5249
54, 5498259.00, 6241286.00, 4623236.00, 24, 5352
55, 5496199.00, 6239149.00, 4642185.00, 24, 5455
56, 5494125.00, 6233207.00, 4663995.00, 24, 5558
57, 5498573.00, 6227798.00, 4676119.00, 24, 5661
58, 5504266.00, 6233235.00, 4616958.00, 24, 5764
59, 5495665.00, 6242791.00, 4594767.00, 24, 5867
60, 5486292.00, 6238661.00, 4619101.00, 24, 5970
61, 5473591.00, 6207162.00, 4679348.00, 24, 6073
62, 5473594.00, 6157624.00, 4732711.00, 24, 6176
63, 5492755.00, 6102121.00, 4786204.00, 24, 6278
64, 5528602.00, 6078313.00, 4851105.00, 24, 6381
65, 5560737.00, 6054715.00, 4918061.00, 24, 6484
66, 5559570.00, 6042959.00, 4965084.00, 24, 6587
67, 5551136.00, 6040778.00, 4986543.00, 24, 6690
68, 5547117.00, 6048650.00, 4989190.00, 24, 6793
69, 5545272.00, 6060008.00, 4966115.00, 24, 6896
70, 5554683.00, 6052142.00, 4958425.00, 24, 6999
71, 5571283.00, 6027765.00, 4994880.00, 24, 7102
72, 5578194.00, 6018940.00, 5028226.00, 24, 7205
73, 5580827.00, 6027663.00, 5014325.00, 24, 7308
74, 5588703.00, 6023824.00, 5024997.00, 24, 7411
75, 5580517.00, 6012028.00, 5058840.00, 24, 7514
76, 5575146.00, 6016551.00, 5115105.00, 24, 7616
77, 5583469.00, 6028085.00, 5147363.00, 24, 7719
78, 5595918.00, 6027757.00, 5178878.00, 24, 7822
79, 5601435.00, 6024566.00, 5209401.00, 24, 7925
80, 5598752.00, 6023976.00, 5223310.00, 24, 8028
81, 5594473.00, 6024889.00, 5212338.00, 24, 8131
82, 5592296.00, 6024529.00, 5176282.00, 24, 8234
83, 5592193.00, 6023801.00, 5183298.00, 24, 8337
RECORDING Time: 11:1:29
BASELINE Time: 11:1:31
1, 5420015.00, 6021987.00, 5180577.00, 24, 0
2, 5421220.00, 6020197.00, 5181796.00, 24, 0
3, 5417281.00, 6028724.00, 5135774.00, 24, 103
4, 5416091.00, 6037236.00, 5116201.00, 24, 206
5, 5415328.00, 6043468.00, 5089106.00, 24, 309
6, 5415981.00, 6045719.00, 5089440.00, 24, 411
7, 5416412.00, 6043630.00, 5080347.00, 24, 514
8, 5406171.00, 6037035.00, 5087932.00, 24, 617
9, 5402002.00, 6030809.00, 5098338.00, 24, 720
10, 5410080.00, 6025715.00, 5131092.00, 24, 823
11, 5418981.00, 6014916.00, 5146414.00, 24, 926
12, 5427120.00, 6007352.00, 5126215.00, 24, 1029
13, 5435755.00, 6000701.00, 5141580.00, 24, 1132
14, 5444828.00, 5990013.00, 5164212.00, 24, 1235
15, 5445883.00, 5988622.00, 5150011.00, 24, 1338
16, 5427559.00, 6004037.00, 5104597.00, 24, 1441
17, 5401835.00, 6031627.00, 5034146.00, 24, 1544
18, 5382907.00, 6060335.00, 4966974.00, 24, 1647
19, 5375609.00, 6094277.00, 4733842.00, 24, 1750
20, 5353198.00, 6232945.00, 4622679.00, 24, 1852
21, 5328345.00, 6234665.00, 4580689.00, 24, 1955
22, 5336552.00, 6274855.00, 4509587.00, 24, 2058
23, 5340691.00, 6293298.00, 4475273.00, 24, 2161
24, 5364907.00, 6307252.00, 4465128.00, 24, 2264
25, 5389128.00, 6283889.00, 4512325.00, 24, 2367
26, 5391812.00, 6244654.00, 4585190.00, 24, 2470
27, 5404553.00, 6243968.00, 4603314.00, 24, 2573
28, 5399430.00, 6243468.00, 4594525.00, 24, 2676
29, 5368015.00, 6228739.00, 4619456.00, 24, 2779
30, 5349988.00, 6242276.00, 4606916.00, 24, 2882
31, 5332773.00, 6233891.00, 4587325.00, 24, 2985
32, 5363326.00, 6240890.00, 4579209.00, 24, 3088
33, 5376730.00, 6247525.00, 4586298.00, 24, 3191
34, 5374771.00, 6246989.00, 4588042.00, 24, 3293
35, 5377409.00, 6238947.00, 4604784.00, 24, 3396
36, 5385733.00, 6226346.00, 4638261.00, 24, 3499
37, 5386884.00, 6202835.00, 4678369.00, 24, 3602
38, 5393487.00, 6184133.00, 4705543.00, 24, 3705
39, 5402577.00, 6179412.00, 4733090.00, 24, 3808
40, 5401875.00, 6171536.00, 4767564.00, 24, 3911
41, 5398472.00, 6150859.00, 4814417.00, 24, 4014
42, 5401652.00, 6120640.00, 4864168.00, 24, 4117
43, 5404383.00, 6101713.00, 4897899.00, 24, 4220
44, 5395719.00, 6099254.00, 4898921.00, 24, 4323
45, 5399766.00, 6103136.00, 4891566.00, 24, 4426
46, 5417394.00, 6090525.00, 4911347.00, 24, 4529
47, 5437349.00, 6099001.00, 4934325.00, 24, 4632
48, 5433234.00, 6105434.00, 4914259.00, 24, 4735
49, 5413422.00, 6111321.00, 4881406.00, 24, 4837
50, 5405484.00, 6116059.00, 4866390.00, 24, 4940
51, 5406019.00, 6118319.00, 4862258.00, 24, 5043
52, 5406239.00, 6118486.00, 4860464.00, 24, 5146
53, 5405355.00, 6117947.00, 4860198.00, 24, 5249
54, 5405410.00, 6118950.00, 4857802.00, 24, 5352
55, 5405352.00, 6117672.00, 4858243.00, 24, 5455
56, 5406800.00, 6115250.00, 4861913.00, 24, 5558
57, 5408642.00, 6117414.00, 4860027.00, 24, 5661
58, 5408249.00, 6117547.00, 4855994.00, 24, 5764
59, 5408790.00, 6113769.00, 4858399.00, 24, 5867
60, 5411964.00, 6109130.00, 4863821.00, 24, 5970
61, 5415163.00, 6099507.00, 4890196.00, 24, 6073
62, 5411459.00, 6094728.00, 4880174.00, 24, 6176
63, 5407008.00, 6101503.00, 4860646.00, 24, 6278
64, 5404941.00, 6106324.00, 4852120.00, 24, 6381
65, 5391235.00, 6107827.00, 4821595.00, 24, 6484
66, 5378276.00, 6124554.00, 4771638.00, 24, 6587
67, 5372487.00, 6134789.00, 4748883.00, 24, 6690
68, 5358600.00, 6135752.00, 4722286.00, 24, 6793
69, 5345772.00, 6147071.00, 4685455.00, 24, 6896
70, 5344760.00, 6154847.00, 4668084.00, 24, 6999
71, 5341229.00, 6151808.00, 4668770.00, 24, 7102
72, 5333034.00, 6157247.00, 4657113.00, 24, 7205
73, 5330511.00, 6160584.00, 4640284.00, 24, 7308
74, 5344092.00, 6155290.00, 4638958.00, 24, 7411
75, 5351829.00, 6146227.00, 4675496.00, 24, 7513
76, 5345896.00, 6147454.00, 4663240.00, 24, 7616
77, 5322537.00, 6149802.00, 4637782.00, 24, 7719
78, 5275165.00, 6134948.00, 4625307.00, 24, 7822
79, 5228072.00, 6104667.00, 4641482.00, 24, 7925
80, 5232576.00, 6080581.00, 4654223.00, 24, 8028
81, 5311788.00, 6098661.00, 4650013.00, 24, 8131
82, 5338314.00, 6122511.00, 4636416.00, 24, 8234
83, 5331127.00, 6137191.00, 4610036.00, 24, 8337
84, 5329570.00, 6140142.00, 4598121.00, 24, 8440
85, 5336848.00, 6135360.00, 4609072.00, 24, 8543
86, 5347211.00, 6122804.00, 4640415.00, 24, 8646
87, 5357224.00, 6115252.00, 4667377.00, 24, 8749
88, 5357463.00, 6102928.00, 4696723.00, 24, 8851
89, 5365605.00, 6094294.00, 4730786.00, 24, 8954
90, 5373125.00, 6096383.00, 4734385.00, 24, 9057
91, 5373309.00, 6096384.00, 4750922.00, 24, 9160
92, 5376645.00, 6085991.00, 4779716.00, 24, 9263
93, 5388499.00, 6071896.00, 4806162.00, 24, 9366
94, 5393054.00, 6060587.00, 4815254.00, 24, 9469
95, 5386354.00, 6064376.00, 4794592.00, 24, 9572
96, 5386092.00, 6076022.00, 4782274.00, 24, 9675
97, 5390852.00, 6076519.00, 4790176.00, 24, 9778
98, 5393703.00, 6069723.00, 4804031.00, 24, 9881
99, 5371427.00, 6052418.00, 4815411.00, 24, 9984
100, 5334311.00, 6041807.00, 4815119.00, 24, 10087
101, 5354535.00, 6050732.00, 4807773.00, 24, 10189
102, 5365407.00, 6057558.00, 4789223.00, 24, 10292
103, 5366774.00, 6060120.00, 4783214.00, 24, 10395
104, 5365969.00, 6064205.00, 4777605.00, 24, 10498
105, 5372681.00, 6059902.00, 4788437.00, 24, 10601
106, 5380817.00, 6050754.00, 4804416.00, 24, 10704
107, 5384456.00, 6045156.00, 4812963.00, 24, 10807
108, 5384799.00, 6043150.00, 4815599.00, 24, 10910
109, 5388512.00, 6042758.00, 4816660.00, 24, 11013
110, 5394113.00, 6038071.00, 4823957.00, 24, 11116
111, 5394259.00, 6033441.00, 4830009.00, 24, 11219
BASELINE Time: 11:1:39
RECORDING Time: 11:1:40
1, 5339812.00, 6024177.00, 4705367.00, 24, 0
2, 5233954.00, 6022467.00, 4603499.00, 24, 0
3, 5230496.00, 6024810.00, 4624665.00, 24, 103
4, 5233784.00, 6025613.00, 4632210.00, 24, 206
5, 5233698.00, 6027388.00, 4635699.00, 24, 309
6, 5237748.00, 6027512.00, 4654808.00, 24, 412
7, 5308333.00, 6024660.00, 4652537.00, 24, 515
8, 5495249.00, 6022368.00, 4664582.00, 24, 618
9, 5560890.00, 6016147.00, 4680171.00, 24, 720
10, 5562194.00, 6016256.00, 4678523.00, 24, 823
11, 5563668.00, 6021988.00, 4671849.00, 24, 926
12, 5569142.00, 6021633.00, 4678296.00, 24, 1029
13, 5579866.00, 6020217.00, 4689912.00, 24, 1132
14, 5586958.00, 6029073.00, 4694188.00, 24, 1235
15, 5578705.00, 6043358.00, 4662525.00, 24, 1338
16, 5569501.00, 6049407.00, 4649891.00, 24, 1441
17, 5555389.00, 6052575.00, 4608952.00, 24, 1544
18, 5543819.00, 6074153.00, 4565341.00, 24, 1647
19, 5551531.00, 6089868.00, 4578467.00, 24, 1750
20, 5572995.00, 6070362.00, 4647486.00, 24, 1853
21, 5592674.00, 5999868.00, 4716140.00, 24, 1955
22, 5600110.00, 5999405.00, 4733332.00, 24, 2058
23, 5605662.00, 5996930.00, 4728399.00, 24, 2161
24, 5603038.00, 6002089.00, 4727963.00, 24, 2264
25, 5580652.00, 6046380.00, 4665903.00, 24, 2367
26, 5561182.00, 6109401.00, 4542620.00, 24, 2470
27, 5535251.00, 6169312.00, 4425988.00, 24, 2573
28, 5497142.00, 6214451.00, 4311030.00, 24, 2676
29, 5478930.00, 6234463.00, 4183097.00, 24, 2779
30, 5484104.00, 6254053.00, 4139016.00, 24, 2882
31, 5504955.00, 6297886.00, 4076391.00, 24, 2985
32, 5519397.00, 6337649.00, 4034445.00, 24, 3088
33, 5535143.00, 6350624.00, 4032459.00, 24, 3190
34, 5548698.00, 6329299.00, 4084088.00, 24, 3293
35, 5544287.00, 6285677.00, 4152282.00, 24, 3396
36, 5532276.00, 6253597.00, 4188586.00, 24, 3499
37, 5517760.00, 6255403.00, 4174563.00, 24, 3602
38, 5504604.00, 6262851.00, 4159543.00, 24, 3705
39, 5496752.00, 6260610.00, 4162453.00, 24, 3808
40, 5484843.00, 6248991.00, 4173602.00, 24, 3911
41, 5479837.00, 6230807.00, 4192781.00, 24, 4014
42, 5481240.00, 6224343.00, 4206053.00, 24, 4117
43, 5483864.00, 6233289.00, 4173374.00, 24, 4220
44, 5487745.00, 6241432.00, 4179342.00, 24, 4323
45, 5485924.00, 6239048.00, 4190646.00, 24, 4426
46, 5476958.00, 6233170.00, 4203991.00, 24, 4528
47, 5471660.00, 6223852.00, 4213238.00, 24, 4631
48, 5475926.00, 6221240.00, 4208148.00, 24, 4734
49, 5485653.00, 6223576.00, 4202684.00, 24, 4837
50, 5490514.00, 6225525.00, 4202517.00, 24, 4940
51, 5492352.00, 6226352.00, 4203269.00, 24, 5043
52, 5494556.00, 6228598.00, 4207152.00, 24, 5146
53, 5492809.00, 6229216.00, 4208710.00, 24, 5249
54, 5490956.00, 6216008.00, 4235004.00, 24, 5352
55, 5485554.00, 6194659.00, 4288411.00, 24, 5455
56, 5479832.00, 6184466.00, 4333653.00, 24, 5558
57, 5474901.00, 6184799.00, 4343526.00, 24, 5661
58, 5472175.00, 6189031.00, 4299895.00, 24, 5764
59, 5476542.00, 6192495.00, 4270690.00, 24, 5866
60, 5479241.00, 6194182.00, 4250089.00, 24, 5969
61, 5476341.00, 6200646.00, 4228626.00, 24, 6072
62, 5471279.00, 6202884.00, 4233909.00, 24, 6175
63, 5466127.00, 6183192.00, 4270519.00, 24, 6278
64, 5460206.00, 6145061.00, 4324107.00, 24, 6381
65, 5469305.00, 6111123.00, 4369476.00, 24, 6484
66, 5513447.00, 6103862.00, 4411787.00, 24, 6587
67, 5562124.00, 6080478.00, 4520126.00, 24, 6690
68, 5581007.00, 6036743.00, 4631244.00, 24, 6793
69, 5580282.00, 6018905.00, 4673397.00, 24, 6896
70, 5564292.00, 6022590.00, 4673395.00, 24, 6999
71, 5552154.00, 6037827.00, 4648264.00, 24, 7102
72, 5549317.00, 6056144.00, 4597125.00, 24, 7204
73, 5556372.00, 6064221.00, 4622411.00, 24, 7307
74, 5568450.00, 6033568.00, 4654779.00, 24, 7410
75, 5575654.00, 6029446.00, 4659101.00, 24, 7513
76, 5584679.00, 6023019.00, 4663765.00, 24, 7616
77, 5600370.00, 6013988.00, 4686069.00, 24, 7719
78, 5604273.00, 6017470.00, 4690676.00, 24, 7822
79, 5596336.00, 6020902.00, 4682650.00, 24, 7925
80, 5593493.00, 6021799.00, 4682407.00, 24, 8028
81, 5592613.00, 6027022.00, 4677347.00, 24, 8131
82, 5586514.00, 6031633.00, 4666498.00, 24, 8234
83, 5581620.00, 6032874.00, 4655914.00, 24, 8336
RECORDING Time: 11:1:59
BASELINE Time: 11:2:1
1, 5581571.00, 6045981.00, 4726442.00, 24, 0
2, 5582567.00, 6039010.00, 4732849.00, 24, 0
3, 5576456.00, 6037016.00, 4716402.00, 24, 103
4, 5568217.00, 6042839.00, 4716254.00, 24, 206
5, 5565801.00, 6054245.00, 4712817.00, 24, 309
6, 5565926.00, 6058229.00, 4716676.00, 24, 412
7, 5568129.00, 6050837.00, 4762524.00, 24, 515
8, 5570653.00, 6042646.00, 4787582.00, 24, 618
9, 5563020.00, 6043677.00, 4706206.00, 24, 721
10, 5551551.00, 6043183.00, 4626774.00, 24, 824
11, 5556479.00, 6035872.00, 4628367.00, 24, 927
12, 5566190.00, 6024970.00, 4644010.00, 24, 1030
13, 5580621.00, 6011310.00, 4667569.00, 24, 1133
14, 5591476.00, 6004945.00, 4684899.00, 24, 1236
15, 5589166.00, 6006553.00, 4690449.00, 24, 1338
16, 5578801.00, 6010452.00, 4677829.00, 24, 1441
17, 5555038.00, 6023520.00, 4650204.00, 24, 1544
18, 5527707.00, 6053061.00, 4583761.00, 24, 1647
19, 5513166.00, 6059025.00, 4540736.00, 24, 1750
20, 5487100.00, 6056766.00, 4530520.00, 24, 1853
21, 5453803.00, 6067435.00, 4425902.00, 24, 1956
22, 5442238.00, 6084764.00, 4359921.00, 24, 2059
23, 5452231.00, 6121380.00, 4318055.00, 24, 2162
24, 5481082.00, 6129119.00, 4334807.00, 24, 2265
25, 5557857.00, 6134383.00, 4299655.00, 24, 2368
26, 5691671.00, 6205388.00, 4186444.00, 24, 2471
27, 5831376.00, 6321714.00, 4030968.00, 24, 2574
28, 5919227.00, 6416601.00, 3931479.00, 24, 2676
29, 5973599.00, 6450469.00, 3888589.00, 24, 2779
30, 6024517.00, 6457063.00, 3883480.00, 24, 2882
31, 6052742.00, 6452136.00, 3895515.00, 24, 2985
32, 6059295.00, 6443061.00, 3892156.00, 24, 3088
33, 6071513.00, 6434729.00, 3891986.00, 24, 3191
34, 6073853.00, 6418037.00, 3898824.00, 24, 3294
35, 6070616.00, 6417423.00, 3878596.00, 24, 3397
36, 6076556.00, 6409838.00, 3887414.00, 24, 3500
37, 6088872.00, 6402578.00, 3902507.00, 24, 3603
38, 6101379.00, 6404559.00, 3891129.00, 24, 3706
39, 6100025.00, 6399907.00, 3872836.00, 24, 3809
40, 6021963.00, 6366808.00, 3900284.00, 24, 3911
41, 5679235.00, 6219607.00, 4089523.00, 24, 4014
42, 5487690.00, 6096969.00, 4243488.00, 24, 4117
43, 5474689.00, 6076628.00, 4259057.00, 24, 4220
44, 5497628.00, 6124993.00, 4183243.00, 24, 4323
45, 5514229.00, 6157273.00, 4131443.00, 24, 4426
46, 5531608.00, 6166089.00, 4130888.00, 24, 4529
47, 5535685.00, 6172318.00, 4143176.00, 24, 4632
48, 5534019.00, 6174129.00, 4144713.00, 24, 4735
49, 5531657.00, 6165602.00, 4183366.00, 24, 4838
50, 5520219.00, 6148604.00, 4209768.00, 24, 4941
51, 5534025.00, 6131913.00, 4254655.00, 24, 5044
52, 5567717.00, 6112368.00, 4328273.00, 24, 5147
53, 5579317.00, 6092377.00, 4361377.00, 24, 5249
54, 5588001.00, 6090712.00, 4376094.00, 24, 5352
55, 5591036.00, 6081853.00, 4404088.00, 24, 5455
56, 5589319.00, 6061393.00, 4430470.00, 24, 5558
57, 5587127.00, 6044240.00, 4434610.00, 24, 5661
58, 5586712.00, 6043927.00, 4421267.00, 24, 5764
59, 5586894.00, 6052970.00, 4402152.00, 24, 5867
60, 5589776.00, 6056236.00, 4394225.00, 24, 5970
61, 5589404.00, 6053864.00, 4403963.00, 24, 6073
62, 5577270.00, 6065222.00, 4400482.00, 24, 6176
63, 5576368.00, 6062482.00, 4389451.00, 24, 6279
64, 5591397.00, 6046723.00, 4417400.00, 24, 6382
65, 5591666.00, 6052796.00, 4404795.00, 24, 6484
66, 5586177.00, 6062831.00, 4388418.00, 24, 6587
67, 5583840.00, 6067265.00, 4381906.00, 24, 6690
68, 5584054.00, 6068545.00, 4380586.00, 24, 6793
69, 5587814.00, 6065286.00, 4387814.00, 24, 6896
70, 5590494.00, 6054400.00, 4409247.00, 24, 6999
71, 5587131.00, 6050855.00, 4418774.00, 24, 7102
72, 5581812.00, 6059242.00, 4405000.00, 24, 7205
73, 5581816.00, 6067073.00, 4388482.00, 24, 7308
74, 5590397.00, 6061314.00, 4400431.00, 24, 7411
75, 5594851.00, 6044927.00, 4439685.00, 24, 7514
76, 5594769.00, 6038135.00, 4462920.00, 24, 7617
77, 5595220.00, 6039727.00, 4463000.00, 24, 7720
78, 5595354.00, 6038616.00, 4463915.00, 24, 7822
79, 5593518.00, 6038661.00, 4457738.00, 24, 7925
80, 5590810.00, 6042320.00, 4446272.00, 24, 8028
81, 5589835.00, 6046179.00, 4440627.00, 24, 8131
82, 5589364.00, 6045446.00, 4441100.00, 24, 8234
83, 5586732.00, 6045003.00, 4433230.00, 24, 8337
84, 5585220.00, 6050083.00, 4420690.00, 24, 8440
85, 5586374.00, 6053453.00, 4419625.00, 24, 8543
86, 5586017.00, 6054275.00, 4420201.00, 24, 8646
87, 5581508.00, 6063348.00, 4404445.00, 24, 8749
88, 5583150.00, 6062627.00, 4389071.00, 24, 8852
89, 5587259.00, 6055961.00, 4397202.00, 24, 8955
90, 5587167.00, 6054412.00, 4406523.00, 24, 9058
91, 5586292.00, 6052970.00, 4417172.00, 24, 9160
92, 5588010.00, 6046364.00, 4440383.00, 24, 9263
93, 5594377.00, 6030735.00, 4476355.00, 24, 9366
94, 5599036.00, 6021661.00, 4486675.00, 24, 9469
95, 5584566.00, 6031143.00, 4456148.00, 24, 9572
96, 5553754.00, 6060981.00, 4388402.00, 24, 9675
97, 5529318.00, 6091665.00, 4316625.00, 24, 9778
98, 5508224.00, 6111397.00, 4254587.00, 24, 9881
99, 5493160.00, 6117387.00, 4217937.00, 24, 9984
100, 5486889.00, 6133161.00, 4173114.00, 24, 10087
101, 5482278.00, 6156010.00, 4122119.00, 24, 10190
102, 5476186.00, 6178128.00, 4072160.00, 24, 10293
103, 5469409.00, 6190226.00, 4038049.00, 24, 10396
104, 5472805.00, 6187592.00, 4035042.00, 24, 10499
105, 5483060.00, 6177622.00, 4057056.00, 24, 10601
106, 5485085.00, 6163219.00, 4114026.00, 24, 10704
107, 5479100.00, 6152145.00, 4121499.00, 24, 10807
108, 5471623.00, 6147012.00, 4130049.00, 24, 10910
109, 5456869.00, 6142474.00, 4136545.00, 24, 11013
110, 5440751.00, 6142830.00, 4113795.00, 24, 11116
111, 5430054.00, 6150662.00, 4095225.00, 24, 11219
112, 5421831.00, 6149227.00, 4082591.00, 24, 11322
113, 5410733.00, 6136464.00, 4079169.00, 24, 11425
114, 5402639.00, 6132301.00, 4076196.00, 24, 11528
115, 5397734.00, 6131047.00, 4064103.00, 24, 11631
116, 5388151.00, 6124656.00, 4052332.00, 24, 11734
117, 5371822.00, 6104338.00, 4054629.00, 24, 11837
118, 5352779.00, 6075323.00, 4084330.00, 24, 11940
119, 5334829.00, 6054816.00, 4100588.00, 24, 12042
120, 5321129.00, 6038134.00, 4064829.00, 24, 12145
121, 5318720.00, 6034230.00, 4032544.00, 24, 12248
122, 5358204.00, 6047168.00, 4033697.00, 24, 12351
123, 5419734.00, 6075571.00, 4181776.00, 24, 12454
124, 5443156.00, 6106937.00, 4238084.00, 24, 12557
125, 5438287.00, 6109356.00, 4251055.00, 24, 12660
126, 5434508.00, 6089107.00, 4281669.00, 24, 12763
127, 5433426.00, 6072487.00, 4305750.00, 24, 12866
128, 5434534.00, 6078071.00, 4296745.00, 24, 12969
129, 5439405.00, 6082369.00, 4297621.00, 24, 13072
130, 5450620.00, 6071907.00, 4326975.00, 24, 13175
131, 5466176.00, 6071165.00, 4346706.00, 24, 13277
132, 5473769.00, 6077151.00, 4356111.00, 24, 13380
133, 5482209.00, 6086584.00, 4355990.00, 24, 13483
134, 5494948.00, 6086866.00, 4407009.00, 24, 13586
135, 5512561.00, 6069982.00, 4461803.00, 24, 13689
136, 5521981.00, 6047878.00, 4488426.00, 24, 13792
137, 5519996.00, 6042316.00, 4485142.00, 24, 13895
138, 5507252.00, 6050813.00, 4450671.00, 24, 13998
139, 5491056.00, 6090337.00, 4409164.00, 24, 14101
140, 5474098.00, 6096599.00, 4383185.00, 24, 14204
141, 5459297.00, 6088072.00, 4371366.00, 24, 14307
142, 5451383.00, 6078202.00, 4375037.00, 24, 14410
143, 5448762.00, 6081215.00, 4372188.00, 24, 14512
144, 5448041.00, 6093649.00, 4352579.00, 24, 14615
145, 5451547.00, 6106174.00, 4327882.00, 24, 14718
146, 5451629.00, 6109896.00, 4316289.00, 24, 14821
147, 5448949.00, 6110534.00, 4313390.00, 24, 14924
148, 5448381.00, 6111413.00, 4307090.00, 24, 15027
149, 5449321.00, 6114559.00, 4300902.00, 24, 15130
150, 5450846.00, 6119617.00, 4294592.00, 24, 15233
151, 5451409.00, 6122182.00, 4292820.00, 24, 15336
152, 5451388.00, 6122117.00, 4293194.00, 24, 15439
153, 5452160.00, 6122385.00, 4292863.00, 24, 15542
154, 5453284.00, 6123081.00, 4292550.00, 24, 15645
155, 5453775.00, 6123242.00, 4292986.00, 24, 15748
156, 5454140.00, 6123514.00, 4292801.00, 24, 15850
157, 5455064.00, 6123191.00, 4294386.00, 24, 15953
158, 5456323.00, 6122951.00, 4295791.00, 24, 16056
159, 5457293.00, 6126312.00, 4291431.00, 24, 16159
160, 5458326.00, 6130545.00, 4285730.00, 24, 16262
161, 5462951.00, 6129136.00, 4289570.00, 24, 16365
162, 5467090.00, 6124038.00, 4307743.00, 24, 16468
163, 5465941.00, 6122944.00, 4301665.00, 24, 16571
164, 5464176.00, 6126117.00, 4293311.00, 24, 16674
165, 5463597.00, 6130855.00, 4290182.00, 24, 16777
166, 5461387.00, 6131100.00, 4288650.00, 24, 16880
167, 5456345.00, 6133851.00, 4283203.00, 24, 16983
168, 5453904.00, 6143599.00, 4268375.00, 24, 17086
169, 5462321.00, 6154595.00, 4254075.00, 24, 17189
170, 5478602.00, 6166100.00, 4247191.00, 24, 17291
171, 5492312.00, 6154098.00, 4261318.00, 24, 17394
172, 5504203.00, 6120322.00, 4320665.00, 24, 17497
173, 5511201.00, 6099689.00, 4377555.00, 24, 17600
174, 5500243.00, 6104825.00, 4390275.00, 24, 17703
175, 5498771.00, 6110166.00, 4368692.00, 24, 17806
176, 5516568.00, 6088358.00, 4449655.00, 24, 17909
177, 5515874.00, 6057510.00, 4481148.00, 24, 18012
178, 5504909.00, 6058632.00, 4465004.00, 24, 18115
179, 5497588.00, 6068844.00, 4453968.00, 24, 18218
180, 5500456.00, 6067890.00, 4465409.00, 24, 18321
181, 5516909.00, 6056695.00, 4494030.00, 24, 18424
182, 5534816.00, 6035944.00, 4537086.00, 24, 18527
183, 5533705.00, 6018034.00, 4566806.00, 24, 18630
184, 5524663.00, 6016811.00, 4562875.00, 24, 18733
185, 5524505.00, 6024740.00, 4548620.00, 24, 18835
186, 5524862.00, 6028879.00, 4542192.00, 24, 18938
187, 5520747.00, 6031686.00, 4537580.00, 24, 19041
BASELINE Time: 11:2:11
RECORDING Time: 11:2:13
1, 5350986.00, 6018223.00, 4604337.00, 24, 0
2, 5381995.00, 6013325.00, 4596430.00, 24, 0
3, 5406323.00, 6012382.00, 4588389.00, 24, 103
4, 5407067.00, 6020607.00, 4592998.00, 24, 206
5, 5409844.00, 6022809.00, 4590171.00, 24, 309
6, 5410857.00, 6022641.00, 4596050.00, 24, 412
7, 5408627.00, 6030087.00, 4587466.00, 24, 515
8, 5408750.00, 6034470.00, 4588329.00, 24, 618
9, 5409967.00, 6034627.00, 4591891.00, 24, 721
10, 5414784.00, 6031976.00, 4600761.00, 24, 824
11, 5419871.00, 6026247.00, 4609936.00, 24, 927
12, 5422753.00, 6024591.00, 4622114.00, 24, 1030
13, 5426908.00, 6019516.00, 4647648.00, 24, 1133
14, 5434492.00, 6012985.00, 4680678.00, 24, 1235
15, 5444984.00, 6004845.00, 4703260.00, 24, 1338
16, 5456135.00, 5996375.00, 4721595.00, 24, 1441
17, 5461858.00, 5988990.00, 4737057.00, 24, 1544
18, 5463762.00, 5986731.00, 4742070.00, 24, 1647
19, 5438598.00, 5993614.00, 4716915.00, 24, 1750
20, 5398079.00, 6089875.00, 4494869.00, 24, 1853
21, 5379316.00, 6145237.00, 4373425.00, 24, 1956
22, 5356880.00, 6185046.00, 4275846.00, 24, 2059
23, 5323720.00, 6197915.00, 4212217.00, 24, 2162
24, 5313390.00, 6211306.00, 4169128.00, 24, 2265
25, 5316028.00, 6215528.00, 4160642.00, 24, 2368
26, 5322758.00, 6216194.00, 4163914.00, 24, 2471
27, 5325668.00, 6197171.00, 4203285.00, 24, 2573
28, 5327801.00, 6183235.00, 4224824.00, 24, 2676
29, 5333904.00, 6169951.00, 4252386.00, 24, 2779
30, 5333610.00, 6167901.00, 4269537.00, 24, 2882
31, 5331070.00, 6180160.00, 4254913.00, 24, 2985
32, 5331691.00, 6200432.00, 4224580.00, 24, 3088
33, 5335201.00, 6205557.00, 4212094.00, 24, 3191
34, 5329726.00, 6195471.00, 4245645.00, 24, 3294
35, 5327577.00, 6185847.00, 4236671.00, 24, 3397
36, 5330809.00, 6190050.00, 4230349.00, 24, 3500
37, 5328081.00, 6199995.00, 4207625.00, 24, 3603
38, 5321828.00, 6208143.00, 4205566.00, 24, 3706
39, 5325831.00, 6194315.00, 4224296.00, 24, 3809
40, 5337397.00, 6190602.00, 4218511.00, 24, 3911
41, 5339722.00, 6206731.00, 4186772.00, 24, 4014
42, 5340500.00, 6220178.00, 4172775.00, 24, 4117
43, 5343490.00, 6222418.00, 4179295.00, 24, 4220
44, 5345951.00, 6217719.00, 4190349.00, 24, 4323
45, 5346691.00, 6214748.00, 4191225.00, 24, 4426
46, 5347914.00, 6225068.00, 4180895.00, 24, 4529
47, 5351088.00, 6222865.00, 4179860.00, 24, 4632
48, 5354405.00, 6221742.00, 4199075.00, 24, 4735
49, 5352059.00, 6224059.00, 4194133.00, 24, 4838
50, 5352642.00, 6224229.00, 4199068.00, 24, 4941
51, 5351003.00, 6224327.00, 4198257.00, 24, 5044
52, 5347189.00, 6220266.00, 4199153.00, 24, 5146
53, 5349544.00, 6213000.00, 4209120.00, 24, 5249
54, 5350687.00, 6216003.00, 4205166.00, 24, 5352
55, 5347802.00, 6222253.00, 4188838.00, 24, 5455
56, 5353461.00, 6221833.00, 4190727.00, 24, 5558
57, 5359404.00, 6223716.00, 4193429.00, 24, 5661
58, 5354273.00, 6225135.00, 4192371.00, 24, 5764
59, 5346108.00, 6218811.00, 4199358.00, 24, 5867
60, 5342721.00, 6208980.00, 4215687.00, 24, 5970
61, 5343026.00, 6202326.00, 4228434.00, 24, 6073
62, 5341876.00, 6202179.00, 4224383.00, 24, 6176
63, 5340905.00, 6204754.00, 4222857.00, 24, 6279
64, 5341392.00, 6204140.00, 4230425.00, 24, 6382
65, 5343958.00, 6200509.00, 4238823.00, 24, 6485
66, 5346636.00, 6199495.00, 4238137.00, 24, 6587
67, 5343743.00, 6200928.00, 4240714.00, 24, 6690
68, 5331936.00, 6197609.00, 4244843.00, 24, 6793
69, 5330196.00, 6189170.00, 4248908.00, 24, 6896
70, 5336490.00, 6190399.00, 4242831.00, 24, 6999
71, 5341524.00, 6193566.00, 4238279.00, 24, 7102
72, 5343810.00, 6199572.00, 4228310.00, 24, 7205
73, 5347503.00, 6205936.00, 4221940.00, 24, 7308
74, 5351713.00, 6206155.00, 4225965.00, 24, 7411
75, 5351374.00, 6212629.00, 4220660.00, 24, 7514
76, 5348174.00, 6213303.00, 4212641.00, 24, 7617
77, 5344703.00, 6207829.00, 4224575.00, 24, 7720
78, 5342288.00, 6204051.00, 4231774.00, 24, 7823
79, 5338911.00, 6199332.00, 4244172.00, 24, 7926
80, 5335851.00, 6187405.00, 4278862.00, 24, 8029
81, 5334928.00, 6176979.00, 4308910.00, 24, 8131
82, 5339825.00, 6183764.00, 4284180.00, 24, 8234
83, 5346306.00, 6192332.00, 4248602.00, 24, 8337
84, 5343300.00, 6204296.00, 4217648.00, 24, 8440
85, 5335062.00, 6216542.00, 4186224.00, 24, 8543
86, 5328390.00, 6211333.00, 4184998.00, 24, 8646
87, 5320064.00, 6166715.00, 4244346.00, 24, 8749
88, 5320429.00, 6104452.00, 4335137.00, 24, 8852
89, 5345853.00, 6088243.00, 4386728.00, 24, 8955
90, 5374653.00, 6105689.00, 4391608.00, 24, 9058
91, 5392566.00, 6098106.00, 4477395.00, 24, 9161
92, 5411491.00, 6076544.00, 4537155.00, 24, 9264
93, 5418806.00, 6055382.00, 4571477.00, 24, 9367
94, 5408219.00, 6056118.00, 4562307.00, 24, 9470
95, 5395730.00, 6069580.00, 4558462.00, 24, 9572
96, 5394990.00, 6068316.00, 4563542.00, 24, 9675
97, 5399926.00, 6067458.00, 4560164.00, 24, 9778
98, 5410205.00, 6069746.00, 4560243.00, 24, 9881
99, 5428065.00, 6048677.00, 4574223.00, 24, 9984
100, 5443400.00, 6025880.00, 4613587.00, 24, 10087
101, 5452808.00, 6012033.00, 4651412.00, 24, 10190
102, 5456983.00, 6006288.00, 4671339.00, 24, 10293
103, 5456882.00, 5999405.00, 4681229.00, 24, 10396
104, 5440275.00, 5996860.00, 4854232.00, 24, 10499
105, 5437068.00, 5997492.00, 5237771.00, 24, 10602
106, 5453575.00, 5993194.00, 5256865.00, 24, 10704
RECORDING Time: 11:2:39
BASELINE Time: 11:2:41
1, 5468970.00, 6001184.00, 5301702.00, 24, 0
2, 5473100.00, 6000331.00, 5305764.00, 24, 0
3, 5478077.00, 6000344.00, 5276420.00, 24, 103
4, 5481762.00, 6010616.00, 5248430.00, 24, 206
5, 5488614.00, 6019654.00, 5251895.00, 24, 309
6, 5495168.00, 6016194.00, 5261978.00, 24, 412
7, 5504591.00, 6000709.00, 5277560.00, 24, 515
8, 5513342.00, 5995354.00, 5292622.00, 24, 618
9, 5518720.00, 5992387.00, 5281027.00, 24, 721
10, 5526780.00, 5981106.00, 5282446.00, 24, 824
11, 5530787.00, 5972499.00, 5310633.00, 24, 927
12, 5524696.00, 5977755.00, 5325337.00, 24, 1029
13, 5509710.00, 5999971.00, 5311625.00, 24, 1132
14, 5484576.00, 6035721.00, 5255011.00, 24, 1235
15, 5462591.00, 6057428.00, 5140630.00, 24, 1338
16, 5447684.00, 6070595.00, 5101703.00, 24, 1441
17, 5427121.00, 6086139.00, 5056999.00, 24, 1544
18, 5394995.00, 6078783.00, 5038343.00, 24, 1647
19, 5377417.00, 6074030.00, 4993991.00, 24, 1750
20, 5391623.00, 6097333.00, 4947118.00, 24, 1853
21, 5470718.00, 6121693.00, 4945008.00, 24, 1956
22, 5647324.00, 6226498.00, 4812222.00, 24, 2059
23, 5869158.00, 6404151.00, 4561529.00, 24, 2162
24, 6036768.00, 6547735.00, 4364839.00, 24, 2265
25, 6053770.00, 6590306.00, 4325880.00, 24, 2367
26, 5964604.00, 6562146.00, 4376512.00, 24, 2470
27, 5833475.00, 6485078.00, 4504119.00, 24, 2573
28, 5847607.00, 6412562.00, 4602037.00, 24, 2676
29, 6002839.00, 6448415.00, 4453476.00, 24, 2779
30, 6195909.00, 6564830.00, 4274807.00, 24, 2882
31, 6291104.00, 6679988.00, 4161699.00, 24, 2985
32, 6320662.00, 6708837.00, 4153255.00, 24, 3088
33, 6386914.00, 6675122.00, 4153560.00, 24, 3191
34, 6432530.00, 6701824.00, 4097122.00, 24, 3294
35, 6469650.00, 6698830.00, 4085961.00, 24, 3397
36, 6506287.00, 6677545.00, 4114868.00, 24, 3500
37, 6533305.00, 6668731.00, 4134406.00, 24, 3602
38, 6558173.00, 6680639.00, 4124256.00, 24, 3705
39, 6577967.00, 6690228.00, 4099598.00, 24, 3808
40, 6593721.00, 6684921.00, 4091378.00, 24, 3911
41, 6617862.00, 6667805.00, 4105165.00, 24, 4014
42, 6645862.00, 6659914.00, 4116446.00, 24, 4117
43, 6670140.00, 6671874.00, 4064941.00, 24, 4220
44, 6669145.00, 6674880.00, 4062853.00, 24, 4323
45, 6641056.00, 6667683.00, 4085142.00, 24, 4426
46, 6601230.00, 6644815.00, 4108975.00, 24, 4529
47, 6552008.00, 6641124.00, 4050056.00, 24, 4632
48, 6511695.00, 6664220.00, 3970231.00, 24, 4735
49, 6493638.00, 6675937.00, 3949137.00, 24, 4838
50, 6512792.00, 6679185.00, 3959058.00, 24, 4940
51, 6557229.00, 6699040.00, 3948666.00, 24, 5043
52, 6611944.00, 6720085.00, 3938369.00, 24, 5146
53, 6684603.00, 6716645.00, 3969283.00, 24, 5249
54, 6731059.00, 6720177.00, 3954724.00, 24, 5352
55, 6750009.00, 6737956.00, 3895247.00, 24, 5455
56, 6730617.00, 6728654.00, 3898552.00, 24, 5558
57, 6433266.00, 6692234.00, 4029716.00, 24, 5661
58, 5919818.00, 6526984.00, 4226356.00, 24, 5764
59, 5709462.00, 6340565.00, 4149709.00, 24, 5867
60, 5685974.00, 6317017.00, 4147650.00, 24, 5970
61, 5683713.00, 6298829.00, 4178082.00, 24, 6073
62, 5673892.00, 6295215.00, 4186262.00, 24, 6175
63, 5668939.00, 6284908.00, 4215664.00, 24, 6278
64, 5668171.00, 6282344.00, 4242781.00, 24, 6381
65, 5674714.00, 6284460.00, 4255873.00, 24, 6484
66, 5687355.00, 6262388.00, 4299957.00, 24, 6587
67, 5690090.00, 6227280.00, 4368207.00, 24, 6690
68, 5693856.00, 6200411.00, 4419720.00, 24, 6793
69, 5699711.00, 6182868.00, 4463088.00, 24, 6896
70, 5705177.00, 6186030.00, 4479749.00, 24, 6999
71, 5697506.00, 6198677.00, 4444089.00, 24, 7102
72, 5678498.00, 6228066.00, 4400852.00, 24, 7205
73, 5669028.00, 6238359.00, 4407944.00, 24, 7308
74, 5661777.00, 6227113.00, 4428433.00, 24, 7411
75, 5649888.00, 6214930.00, 4436254.00, 24, 7513
76, 5646410.00, 6207110.00, 4432647.00, 24, 7616
77, 5645009.00, 6210694.00, 4413759.00, 24, 7719
78, 5640542.00, 6226974.00, 4377176.00, 24, 7822
79, 5644050.00, 6237613.00, 4365133.00, 24, 7925
80, 5654899.00, 6229636.00, 4389666.00, 24, 8028
81, 5662313.00, 6214933.00, 4422641.00, 24, 8131
82, 5660180.00, 6204934.00, 4441045.00, 24, 8234
83, 5655350.00, 6205969.00, 4435303.00, 24, 8337
84, 5659104.00, 6211605.00, 4424015.00, 24, 8440
85, 5665001.00, 6212783.00, 4431074.00, 24, 8543
86, 5664965.00, 6212205.00, 4427653.00, 24, 8646
87, 5662996.00, 6214886.00, 4422075.00, 24, 8749
88, 5662719.00, 6214900.00, 4421849.00, 24, 8852
89, 5663660.00, 6213789.00, 4424356.00, 24, 8954
90, 5664555.00, 6211617.00, 4428813.00, 24, 9057
91, 5664455.00, 6209540.00, 4433191.00, 24, 9160
92, 5663772.00, 6210309.00, 4433080.00, 24, 9263
93, 5662917.00, 6212957.00, 4428694.00, 24, 9366
94, 5662871.00, 6212483.00, 4428493.00, 24, 9469
95, 5663633.00, 6210911.00, 4431849.00, 24, 9572
96, 5664160.00, 6210339.00, 4433748.00, 24, 9675
97, 5664605.00, 6210212.00, 4434404.00, 24, 9778
98, 5664883.00, 6209335.00, 4435689.00, 24, 9881
99, 5664667.00, 6208549.00, 4438237.00, 24, 9984
100, 5664554.00, 6211499.00, 4432112.00, 24, 10087
101, 5668731.00, 6210324.00, 4442761.00, 24, 10190
102, 5670274.00, 6205073.00, 4442924.00, 24, 10293
103, 5667736.00, 6212973.00, 4423707.00, 24, 10395
104, 5670847.00, 6219889.00, 4424161.00, 24, 10498
105, 5674440.00, 6214639.00, 4435807.00, 24, 10601
106, 5676117.00, 6211638.00, 4440192.00, 24, 10704
107, 5679839.00, 6203274.00, 4457948.00, 24, 10807
108, 5683505.00, 6186137.00, 4482116.00, 24, 10910
109, 5685779.00, 6186270.00, 4472981.00, 24, 11013
110, 5683961.00, 6201972.00, 4449968.00, 24, 11116
111, 5673735.00, 6200953.00, 4452258.00, 24, 11219
112, 5658163.00, 6216856.00, 4428679.00, 24, 11322
113, 5660622.00, 6204293.00, 4419821.00, 24, 11425
114, 5663669.00, 6205311.00, 4441614.00, 24, 11528
115, 5660458.00, 6215681.00, 4424965.00, 24, 11631
116, 5663042.00, 6206897.00, 4441568.00, 24, 11733
117, 5662466.00, 6202396.00, 4448602.00, 24, 11836
118, 5659922.00, 6213947.00, 4430321.00, 24, 11939
119, 5660538.00, 6215050.00, 4428038.00, 24, 12042
120, 5660482.00, 6203606.00, 4447965.00, 24, 12145
121, 5654145.00, 6206454.00, 4446919.00, 24, 12248
122, 5651694.00, 6214496.00, 4428090.00, 24, 12351
123, 5659878.00, 6207608.00, 4437225.00, 24, 12454
124, 5663137.00, 6198700.00, 4457812.00, 24, 12557
125, 5660896.00, 6202131.00, 4457672.00, 24, 12660
126, 5658181.00, 6210029.00, 4442725.00, 24, 12763
127, 5655755.00, 6211040.00, 4437115.00, 24, 12866
128, 5655512.00, 6208592.00, 4442949.00, 24, 12968
129, 5654654.00, 6207443.00, 4439063.00, 24, 13071
130, 5654638.00, 6210465.00, 4437830.00, 24, 13174
131, 5657674.00, 6206860.00, 4451858.00, 24, 13277
132, 5658710.00, 6199233.00, 4455885.00, 24, 13380
133, 5656356.00, 6204007.00, 4440795.00, 24, 13483
134, 5657790.00, 6209517.00, 4439984.00, 24, 13586
135, 5658792.00, 6205608.00, 4447946.00, 24, 13689
136, 5656923.00, 6204600.00, 4445099.00, 24, 13792
137, 5656576.00, 6208663.00, 4438877.00, 24, 13895
138, 5657230.00, 6208419.00, 4444111.00, 24, 13998
139, 5658248.00, 6200044.00, 4451701.00, 24, 14101
140, 5663140.00, 6193487.00, 4458748.00, 24, 14204
141, 5669899.00, 6188001.00, 4472800.00, 24, 14306
142, 5670583.00, 6187967.00, 4481948.00, 24, 14409
143, 5669708.00, 6185829.00, 4485763.00, 24, 14512
144, 5671630.00, 6184604.00, 4488122.00, 24, 14615
145, 5669447.00, 6186587.00, 4484104.00, 24, 14718
146, 5666978.00, 6185949.00, 4484604.00, 24, 14821
147, 5665261.00, 6184429.00, 4486490.00, 24, 14924
148, 5663193.00, 6186074.00, 4481864.00, 24, 15027
149, 5663839.00, 6189995.00, 4474254.00, 24, 15130
150, 5666718.00, 6192213.00, 4470398.00, 24, 15233
151, 5668297.00, 6190350.00, 4473199.00, 24, 15336
152, 5666907.00, 6187889.00, 4477282.00, 24, 15439
153, 5665712.00, 6188163.00, 4476760.00, 24, 15542
154, 5665566.00, 6190409.00, 4473634.00, 24, 15644
155, 5666138.00, 6194629.00, 4470414.00, 24, 15747
156, 5676248.00, 6187319.00, 4528058.00, 24, 15850
157, 5683071.00, 6158047.00, 4564966.00, 24, 15953
158, 5670156.00, 6145900.00, 4530493.00, 24, 16056
159, 5655403.00, 6170704.00, 4477880.00, 24, 16159
160, 5651831.00, 6188654.00, 4461501.00, 24, 16262
161, 5644437.00, 6189242.00, 4460743.00, 24, 16365
162, 5624968.00, 6180275.00, 4487401.00, 24, 16468
163, 5605282.00, 6159363.00, 4492145.00, 24, 16571
164, 5591772.00, 6147014.00, 4478480.00, 24, 16674
165, 5592337.00, 6177970.00, 4431012.00, 24, 16777
166, 5581469.00, 6191073.00, 4371745.00, 24, 16879
167, 5580001.00, 6196596.00, 4350236.00, 24, 16982
168, 5593090.00, 6204315.00, 4336952.00, 24, 17085
169, 5594672.00, 6211758.00, 4333141.00, 24, 17188
170, 5592449.00, 6217321.00, 4320034.00, 24, 17291
171, 5590148.00, 6210336.00, 4335868.00, 24, 17394
172, 5592742.00, 6206033.00, 4344179.00, 24, 17497
173, 5590905.00, 6207959.00, 4342568.00, 24, 17600
174, 5586299.00, 6206632.00, 4341206.00, 24, 17703
175, 5583440.00, 6205249.00, 4341365.00, 24, 17806
176, 5581174.00, 6209794.00, 4332140.00, 24, 17909
177, 5584198.00, 6212410.00, 4328740.00, 24, 18012
178, 5589295.00, 6202691.00, 4348375.00, 24, 18114
179, 5587355.00, 6196187.00, 4366368.00, 24, 18217
180, 5584583.00, 6200334.00, 4363440.00, 24, 18320
181, 5580466.00, 6206660.00, 4352682.00, 24, 18423
182, 5577173.00, 6205301.00, 4351545.00, 24, 18526
183, 5576440.00, 6200127.00, 4362619.00, 24, 18629
184, 5574674.00, 6202786.00, 4361906.00, 24, 18732
185, 5569779.00, 6208495.00, 4354286.00, 24, 18835
186, 5555272.00, 6211987.00, 4352785.00, 24, 18938
187, 5534165.00, 6206986.00, 4365079.00, 24, 19041
188, 5514488.00, 6194960.00, 4374599.00, 24, 19144
189, 5499972.00, 6185939.00, 4377921.00, 24, 19247
190, 5489270.00, 6180633.00, 4388541.00, 24, 19350
191, 5477451.00, 6174326.00, 4396165.00, 24, 19452
192, 5451942.00, 6165569.00, 4399712.00, 24, 19555
193, 5413186.00, 6145202.00, 4415046.00, 24, 19658
194, 5375127.00, 6120418.00, 4425005.00, 24, 19761
195, 5349559.00, 6099933.00, 4418661.00, 24, 19864
196, 5316321.00, 6077412.00, 4413217.00, 24, 19967
197, 5275890.00, 6050514.00, 4399717.00, 24, 20070
198, 5259800.00, 6040096.00, 4348316.00, 24, 20173
199, 5254030.00, 6029785.00, 4363434.00, 24, 20276
200, 5237965.00, 6008567.00, 4375332.00, 24, 20379
201, 5222987.00, 5986700.00, 4376634.00, 24, 20482
202, 5214979.00, 5971472.00, 4379149.00, 24, 20585
203, 5207099.00, 5954867.00, 4388398.00, 24, 20688
204, 5199570.00, 5938260.00, 4389883.00, 24, 20790
205, 5195728.00, 5926519.00, 4385831.00, 24, 20893
206, 5192486.00, 5922519.00, 4382048.00, 24, 20996
207, 5187141.00, 5912806.00, 4387843.00, 24, 21099
208, 5186845.00, 5900914.00, 4387464.00, 24, 21202
209, 5192069.00, 5894973.00, 4379168.00, 24, 21305
210, 5207003.00, 5896447.00, 4371100.00, 24, 21408
211, 5235520.00, 5908689.00, 4358409.00, 24, 21511
212, 5258880.00, 5923190.00, 4357520.00, 24, 21614
213, 5266902.00, 5928710.00, 4376116.00, 24, 21717
214, 5256103.00, 5926662.00, 4386195.00, 24, 21820
215, 5295961.00, 5919390.00, 4392520.00, 24, 21923
216, 5389286.00, 5982309.00, 4572856.00, 24, 22026
217, 5446651.00, 6112725.00, 4727384.00, 24, 22129
218, 5448010.00, 6152794.00, 4757121.00, 24, 22231
219, 5429494.00, 6121849.00, 4786060.00, 24, 22334
220, 5406032.00, 6106446.00, 4813533.00, 24, 22437
221, 5387298.00, 6111597.00, 4802844.00, 24, 22540
222, 5386562.00, 6118116.00, 4795812.00, 24, 22643
223, 5390583.00, 6121246.00, 4796224.00, 24, 22746
224, 5394513.00, 6114903.00, 4813373.00, 24, 22849
225, 5414186.00, 6114701.00, 4834932.00, 24, 22952
226, 5426792.00, 6111927.00, 4880769.00, 24, 23055
227, 5431094.00, 6110151.00, 4890803.00, 24, 23158
228, 5443230.00, 6105454.00, 4915805.00, 24, 23261
229, 5450425.00, 6092633.00, 4947138.00, 24, 23364
230, 5447404.00, 6085884.00, 4959799.00, 24, 23467
231, 5445243.00, 6086563.00, 4961327.00, 24, 23570
232, 5452906.00, 6082711.00, 4971513.00, 24, 23672
233, 5471593.00, 6065457.00, 5006550.00, 24, 23775
234, 5482691.00, 6042757.00, 5044074.00, 24, 23878
235, 5481126.00, 6032100.00, 5062027.00, 24, 23981
236, 5468307.00, 6034800.00, 5055675.00, 24, 24084
237, 5471103.00, 6046033.00, 5041267.00, 24, 24187
238, 5471799.00, 6051288.00, 5046329.00, 24, 24290
239, 5459907.00, 6074390.00, 5011463.00, 24, 24393
240, 5463518.00, 6088825.00, 4984356.00, 24, 24496
241, 5466208.00, 6074189.00, 5038647.00, 24, 24599
242, 5457478.00, 6060278.00, 5040945.00, 24, 24702
243, 5455971.00, 6060325.00, 5046696.00, 24, 24805
244, 5466599.00, 6046129.00, 5068860.00, 24, 24907
245, 5476891.00, 6034502.00, 5093589.00, 24, 25010
246, 5482201.00, 6030169.00, 5104651.00, 24, 25113
247, 5488306.00, 6024619.00, 5114157.00, 24, 25216
248, 5499197.00, 6011295.00, 5138517.00, 24, 25319
249, 5504092.00, 6007731.00, 5158656.00, 24, 25422
250, 5496348.00, 6022524.00, 5142789.00, 24, 25525
251, 5488708.00, 6032919.00, 5116383.00, 24, 25628
252, 5487524.00, 6032049.00, 5113909.00, 24, 25731
253, 5490665.00, 6030104.00, 5118152.00, 24, 25834
254, 5499566.00, 6022096.00, 5125307.00, 24, 25937
255, 5509400.00, 6007784.00, 5171102.00, 24, 26039
256, 5519106.00, 5996736.00, 5182782.00, 24, 26142
257, 5524805.00, 5988118.00, 5191218.00, 24, 26245
RECORDING Time: 15:1:48
BASELINE Time: 15:1:49
1, 5439160.00, 5965853.00, 5228371.00, 24, 0
2, 5482177.00, 5965723.00, 5228752.00, 24, 0
3, 5541871.00, 5966405.00, 5228609.00, 24, 103
4, 5555675.00, 5967502.00, 5221715.00, 24, 206
5, 5557421.00, 5967380.00, 5219083.00, 24, 309
6, 5560296.00, 5966191.00, 5221891.00, 24, 411
7, 5562655.00, 5965205.00, 5224872.00, 24, 514
8, 5562385.00, 5966048.00, 5223908.00, 24, 617
9, 5560125.00, 5968599.00, 5226524.00, 24, 720
10, 5557360.00, 5972728.00, 5230778.00, 24, 823
11, 5560231.00, 5973264.00, 5238039.00, 24, 926
12, 5560605.00, 5969745.00, 5239611.00, 24, 1029
13, 5557334.00, 5973327.00, 5227730.00, 24, 1132
14, 5557088.00, 5975088.00, 5233138.00, 24, 1235
15, 5555283.00, 5973667.00, 5235425.00, 24, 1338
16, 5552157.00, 5975038.00, 5226517.00, 24, 1441
17, 5550559.00, 5977563.00, 5220405.00, 24, 1544
18, 5551625.00, 5977817.00, 5221493.00, 24, 1646
19, 5552419.00, 5975612.00, 5226396.00, 24, 1749
20, 5552079.00, 5975401.00, 5225720.00, 24, 1852
21, 5553479.00, 5974888.00, 5224358.00, 24, 1955
22, 5555113.00, 5972916.00, 5226173.00, 24, 2058
23, 5554872.00, 5971832.00, 5221186.00, 24, 2161
24, 5555088.00, 5972404.00, 5216220.00, 24, 2264
25, 5556591.00, 5971683.00, 5210898.00, 24, 2367
26, 5558452.00, 5971035.00, 5212785.00, 24, 2470
27, 5556386.00, 5974401.00, 5208928.00, 24, 2573
28, 5556642.00, 5974203.00, 5211498.00, 24, 2676
29, 5557641.00, 5972748.00, 5216058.00, 24, 2779
30, 5558550.00, 5972041.00, 5217946.00, 24, 2881
31, 5561398.00, 5969026.00, 5224338.00, 24, 2984
32, 5563136.00, 5967335.00, 5230141.00, 24, 3087
33, 5562832.00, 5967121.00, 5231832.00, 24, 3190
34, 5561226.00, 5968284.00, 5230531.00, 24, 3293
35, 5561513.00, 5969004.00, 5227886.00, 24, 3396
36, 5562573.00, 5967805.00, 5230341.00, 24, 3499
37, 5563006.00, 5966564.00, 5234922.00, 24, 3602
38, 5562781.00, 5966891.00, 5237278.00, 24, 3705
39, 5563831.00, 5966751.00, 5242235.00, 24, 3808
40, 5564458.00, 5965415.00, 5243287.00, 24, 3911
41, 5563672.00, 5965950.00, 5240815.00, 24, 4014
42, 5562843.00, 5966879.00, 5239320.00, 24, 4116
43, 5562625.00, 5967376.00, 5237489.00, 24, 4219
44, 5562961.00, 5966702.00, 5235203.00, 24, 4322
45, 5560557.00, 5965484.00, 5233056.00, 24, 4425
46, 5559693.00, 5967288.00, 5229190.00, 24, 4528
47, 5562246.00, 5966707.00, 5236132.00, 24, 4631
48, 5561806.00, 5964749.00, 5240809.00, 24, 4734
49, 5561599.00, 5965427.00, 5233986.00, 24, 4837
50, 5562542.00, 5965164.00, 5229020.00, 24, 4940
51, 5564092.00, 5964356.00, 5229988.00, 24, 5043
52, 5564738.00, 5964882.00, 5233480.00, 24, 5146
53, 5564130.00, 5965518.00, 5233375.00, 24, 5249
BASELINE Time: 11:2:46
