Date: 27.3.2020 , In use by: Mena
Daytime: 10:45:38, Temperature: 25°C
ID, strain1, strain2, strain3, strain4, strain5, strain6, temp [°C], runtime [ms]
BASELINE Time: 10:45:50
1, 0.00, 6315033.00, 8398015.00, 5442719.00, 9390918.00, 16777215.00, 25, 0
2, 0.00, 6309183.00, 8398082.00, 5441314.00, 9401138.00, 16777215.00, 25, 0
3, 0.00, 6315719.00, 8398021.00, 5450320.00, 9399134.00, 16777215.00, 25, 272
4, 0.00, 6320780.00, 8397920.00, 5457319.00, 9397326.00, 16777215.00, 25, 635
5, 0.00, 6328248.00, 8398037.00, 5487242.00, 9404280.00, 16777215.00, 25, 907
6, 0.00, 6335433.00, 8398066.00, 5479646.00, 9391174.00, 16777215.00, 25, 1270
7, 0.00, 6327064.00, 8398004.00, 5484813.00, 9373392.00, 16777215.00, 25, 1542
8, 0.00, 6315792.00, 8397971.00, 5517753.00, 9362949.00, 16777215.00, 25, 1724
9, 0.00, 6303846.00, 8397927.00, 5531141.00, 9382085.00, 16777215.00, 25, 1996
10, 0.00, 6307198.00, 8398029.00, 5555938.00, 9386009.00, 16777215.00, 25, 2269
11, 0.00, 6316291.00, 8398079.00, 5580072.00, 9389157.00, 16777215.00, 25, 2541
12, 0.00, 6317689.00, 8398042.00, 5608601.00, 9371328.00, 16777215.00, 25, 2722
13, 0.00, 6317581.00, 8398065.00, 5606063.00, 9373403.00, 16777215.00, 25, 2904
14, 0.00, 6313419.00, 8398158.00, 5572106.00, 9375208.00, 16777215.00, 25, 3085
15, 0.00, 6315015.00, 8397842.00, 5576613.00, 9372794.00, 16777215.00, 25, 3358
16, 0.00, 6314750.00, 8398076.00, 5580966.00, 9374137.00, 16777215.00, 25, 3630
17, 0.00, 6313073.00, 8398108.00, 5576672.00, 9377811.00, 16777215.00, 25, 3993
18, 0.00, 6313656.00, 8397929.00, 5589565.00, 9382958.00, 16777215.00, 25, 4265
19, 0.00, 6315800.00, 8397940.00, 5599924.00, 9378180.00, 16777215.00, 25, 4719
20, 0.00, 6316689.00, 8397996.00, 5616840.00, 9375016.00, 16777215.00, 25, 4991
21, 0.00, 6317939.00, 8397955.00, 5624730.00, 9374318.00, 16777215.00, 25, 5354
22, 0.00, 6316007.00, 8397878.00, 5627415.00, 9375199.00, 16777215.00, 25, 5627
23, 0.00, 6315537.00, 8398104.00, 5629186.00, 9378249.00, 16777215.00, 25, 5808
24, 0.00, 6314858.00, 8398082.00, 5634754.00, 9382853.00, 16777215.00, 25, 6081
25, 0.00, 6314689.00, 8398013.00, 5635168.00, 9385343.00, 16777215.00, 25, 6353
26, 0.00, 6315071.00, 8398101.00, 5637453.00, 9385223.00, 16777215.00, 25, 6534
27, 0.00, 6314056.00, 8398094.00, 5633783.00, 9383912.00, 16777215.00, 25, 6807
28, 0.00, 6311955.00, 8397975.00, 5634546.00, 9384265.00, 16777215.00, 25, 7079
29, 0.00, 6308711.00, 8398023.00, 5627854.00, 9386901.00, 16777215.00, 25, 7442
30, 0.00, 6309893.00, 8398053.00, 5636543.00, 9392476.00, 16777215.00, 25, 7714
31, 0.00, 6312730.00, 8397903.00, 5648741.00, 9388435.00, 16777215.00, 25, 8077
32, 0.00, 6314085.00, 8397973.00, 5659644.00, 9384308.00, 16777215.00, 25, 8349
33, 0.00, 6317486.00, 8397992.00, 5671549.00, 9384279.00, 16777215.00, 25, 8531
34, 0.00, 6317277.00, 8397989.00, 5674834.00, 9383415.00, 16777215.00, 25, 8803
35, 0.00, 6313488.00, 8397934.00, 5665356.00, 9383991.00, 16777215.00, 25, 9076
36, 0.00, 6311633.00, 8398010.00, 5656790.00, 9389544.00, 16777215.00, 25, 9257
37, 0.00, 6309466.00, 8398131.00, 5657594.00, 9397559.00, 16777215.00, 25, 9530
38, 0.00, 6313947.00, 8398031.00, 5674569.00, 9400906.00, 16777215.00, 25, 9802
39, 0.00, 6316050.00, 8397917.00, 5678308.00, 9403144.00, 16777215.00, 25, 9984
40, 0.00, 6314083.00, 8397946.00, 5669266.00, 9401171.00, 16777215.00, 25, 10256
41, 0.00, 6308185.00, 8398019.00, 5642691.00, 9409386.00, 16777215.00, 25, 10437
42, 0.00, 6308468.00, 8397947.00, 5556198.00, 9395582.00, 16777215.00, 25, 10800
43, 0.00, 6361598.00, 8398079.00, 5430195.00, 9376550.00, 16777215.00, 25, 11073
44, 0.00, 6293286.00, 8398050.00, 5764884.00, 9397285.00, 16777215.00, 25, 11345
45, 0.00, 6272029.00, 8397996.00, 5852882.00, 9410554.00, 16777215.00, 25, 11708
46, 0.00, 6261783.00, 8397981.00, 5884144.00, 9419356.00, 16777215.00, 25, 12162
47, 0.00, 6296323.00, 8397995.00, 5932068.00, 9423540.00, 16777215.00, 25, 12434
48, 0.00, 6284094.00, 8398136.00, 5934462.00, 9433907.00, 16777215.00, 25, 12707
49, 0.00, 6300702.00, 8397922.00, 5912432.00, 9435931.00, 16777215.00, 25, 12979
50, 0.00, 6301060.00, 8397930.00, 5899836.00, 9434658.00, 16777215.00, 25, 13251
51, 0.00, 6300194.00, 8397909.00, 5898787.00, 9429251.00, 16777215.00, 25, 13524
52, 0.00, 6288397.00, 8397935.00, 5891150.00, 9424612.00, 16777215.00, 25, 13796
53, 0.00, 6285768.00, 8397929.00, 5905729.00, 9423883.00, 16777215.00, 25, 14069
54, 0.00, 6290625.00, 8397971.00, 5910526.00, 9423542.00, 16777215.00, 25, 14341
55, 0.00, 6285072.00, 8397941.00, 5900305.00, 9420348.00, 16777215.00, 25, 14613
56, 0.00, 6283304.00, 8398036.00, 5899942.00, 9421861.00, 16777215.00, 25, 14976
57, 0.00, 6290337.00, 8397905.00, 5916488.00, 9425934.00, 16777215.00, 25, 15249
58, 0.00, 6293526.00, 8397874.00, 5926761.00, 9422691.00, 16777215.00, 25, 15430
59, 0.00, 6289518.00, 8397972.00, 5921356.00, 9420077.00, 16777215.00, 25, 15794
60, 0.00, 6285946.00, 8398023.00, 5914051.00, 9421007.00, 16777215.00, 25, 15975
61, 0.00, 6286569.00, 8398019.00, 5910033.00, 9423259.00, 16777215.00, 25, 16157
62, 0.00, 6284187.00, 8398032.00, 5905023.00, 9423656.00, 16777215.00, 25, 16429
63, 3931078.00, 6280194.00, 8398021.00, 5904343.00, 9424304.00, 16777215.00, 25, 16701
64, 4802534.00, 6294814.00, 8397926.00, 5901031.00, 9428001.00, 16777215.00, 25, 17065
65, 5828415.00, 6295446.00, 8397990.00, 5893592.00, 9426279.00, 16777215.00, 25, 17428
66, 5876294.00, 6292725.00, 8397880.00, 5887427.00, 9426234.00, 16777215.00, 25, 17791
67, 5998267.00, 6293605.00, 8398125.00, 5884852.00, 9432074.00, 16777215.00, 25, 18063
68, 5904332.00, 6299186.00, 8398065.00, 5891795.00, 9432413.00, 16777215.00, 25, 18336
69, 5949698.00, 6296585.00, 8398000.00, 5887870.00, 9427640.00, 16777215.00, 25, 18608
70, 6031259.00, 6290831.00, 8398031.00, 5894382.00, 9426038.00, 16777215.00, 25, 18880
71, 6607406.00, 6292477.00, 8398013.00, 5901331.00, 9429173.00, 16777215.00, 25, 19153
72, 6568561.00, 6296010.00, 8398022.00, 5906916.00, 9433396.00, 16777215.00, 25, 19425
73, 6956172.00, 6302104.00, 8398022.00, 5916962.00, 9429254.00, 16777215.00, 25, 19788
74, 6838128.00, 6302307.00, 8398011.00, 5906107.00, 9431209.00, 16777215.00, 25, 20061
75, 6882196.00, 6301532.00, 8397895.00, 5901034.00, 9438756.00, 16777215.00, 25, 20424
76, 6545961.00, 6302659.00, 8398086.00, 5901955.00, 9440267.00, 16777215.00, 25, 20696
77, 6623024.00, 6307581.00, 8398079.00, 5905383.00, 9436965.00, 16777215.00, 25, 20878
78, 6564429.00, 6307434.00, 8397944.00, 5907122.00, 9431332.00, 16777215.00, 25, 21150
79, 6563467.00, 6301451.00, 8397941.00, 5905953.00, 9429385.00, 16777215.00, 25, 21422
80, 6696447.00, 6298338.00, 8398032.00, 5906014.00, 9428106.00, 16777215.00, 25, 21604
81, 6752410.00, 6300406.00, 8398014.00, 5908057.00, 9431356.00, 16777215.00, 25, 21876
82, 6519282.00, 6300132.00, 8397968.00, 5914445.00, 9434670.00, 16777215.00, 25, 22149
83, 0.00, 6306521.00, 8398055.00, 5920086.00, 9448303.00, 16777215.00, 25, 22512
84, 0.00, 6309911.00, 8397747.00, 5893398.00, 9448459.00, 16777215.00, 25, 22875
85, 0.00, 6307198.00, 8397911.00, 5861962.00, 9457412.00, 16777215.00, 25, 23238
86, 0.00, 6301270.00, 8397951.00, 5830157.00, 9460139.00, 16777215.00, 25, 23511
87, 0.00, 6304510.00, 8398036.00, 5844336.00, 9446148.00, 16777215.00, 25, 23874
88, 0.00, 6306271.00, 8398053.00, 5846670.00, 9444750.00, 16777215.00, 25, 24146
89, 0.00, 6316581.00, 8398152.00, 5863135.00, 9445501.00, 16777215.00, 25, 24418
90, 0.00, 6331670.00, 8398014.00, 5872084.00, 9435866.00, 16777215.00, 25, 24781
91, 0.00, 6328415.00, 8398048.00, 5850897.00, 9423111.00, 16777215.00, 25, 25054
92, 0.00, 6303967.00, 8398075.00, 5864669.00, 9413681.00, 16777215.00, 25, 25417
93, 0.00, 6293268.00, 8398013.00, 5849462.00, 9425617.00, 16777215.00, 25, 25689
94, 0.00, 6288708.00, 8398040.00, 5837827.00, 9436058.00, 16777215.00, 25, 25962
95, 0.00, 6278115.00, 8397991.00, 5823985.00, 9433032.00, 16777215.00, 25, 26234
96, 0.00, 6268834.00, 8398030.00, 5814905.00, 9423487.00, 16777215.00, 25, 26597
97, 0.00, 6262378.00, 8398086.00, 5815909.00, 9416571.00, 16777215.00, 25, 26870
98, 0.00, 6259094.00, 8398065.00, 5817267.00, 9421690.00, 16777215.00, 25, 27051
99, 0.00, 6247017.00, 8398085.00, 5851223.00, 9425190.00, 16777215.00, 25, 27324
100, 0.00, 6241539.00, 8398045.00, 5860381.00, 9428945.00, 16777215.00, 25, 27596
101, 0.00, 6217237.00, 8398048.00, 5872145.00, 9434394.00, 16777215.00, 25, 27959
102, 0.00, 6156009.00, 8398122.00, 5903165.00, 9425226.00, 16777215.00, 25, 28231
103, 503334.00, 6097835.00, 8398030.00, 5918374.00, 9419476.00, 16777215.00, 25, 28504
104, 4076923.00, 6273225.00, 8398056.00, 5917858.00, 9424892.00, 16777215.00, 25, 28867
105, 5099115.00, 6285166.00, 8397923.00, 5908873.00, 9424286.00, 16777215.00, 25, 29139
106, 4033630.00, 6323309.00, 8398000.00, 5902190.00, 9427705.00, 16777215.00, 25, 29502
107, 2170803.00, 6332428.00, 8397966.00, 5911229.00, 9427526.00, 16777215.00, 25, 29865
108, 2948689.00, 6298274.00, 8464575.00, 5912364.00, 9426953.00, 16777215.00, 25, 30228
109, 3151393.00, 6291411.00, 8398068.00, 5920161.00, 9426433.00, 16777215.00, 25, 30409
110, 0.00, 6291179.00, 8397968.00, 5926101.00, 9423478.00, 16777215.00, 25, 30591
111, 0.00, 6298404.00, 8397961.00, 5928490.00, 9421302.00, 16777215.00, 25, 30772
112, 5443826.00, 6229236.00, 8397929.00, 5924593.00, 9420962.00, 16777215.00, 25, 30954
113, 4990566.00, 6217904.00, 8397961.00, 5925466.00, 9419600.00, 16777215.00, 25, 31135
114, 4804067.00, 6322080.00, 8397997.00, 5912757.00, 9418208.00, 16777215.00, 25, 31407
115, 4595652.00, 6339371.00, 8398017.00, 5917496.00, 9413422.00, 16777215.00, 25, 31589
116, 3915640.00, 6376265.00, 8398031.00, 5919799.00, 9413654.00, 16777215.00, 25, 31861
117, 4565730.00, 6297058.00, 8397895.00, 5906813.00, 9412865.00, 16777215.00, 25, 32224
118, 5065374.00, 5942650.00, 8397907.00, 5907501.00, 9409478.00, 16777215.00, 25, 32496
119, 5571025.00, 6232556.00, 8398018.00, 5914920.00, 9411252.00, 16777215.00, 25, 32859
120, 5363562.00, 6285464.00, 8397948.00, 5912721.00, 9412433.00, 16777215.00, 25, 33131
121, 5157098.00, 6295341.00, 8398078.00, 5912149.00, 9407572.00, 16777215.00, 25, 33312
122, 5499983.00, 6187854.00, 8397963.00, 5909785.00, 9417235.00, 16777215.00, 25, 33584
123, 5255510.00, 6231249.00, 8397993.00, 5925176.00, 9418657.00, 16777215.00, 25, 33856
124, 4894371.00, 6313458.00, 8398021.00, 5922416.00, 9412651.00, 16777215.00, 25, 34128
125, 4529437.00, 6301002.00, 8398026.00, 5907473.00, 9405082.00, 16777215.00, 25, 34400
126, 4090954.00, 6277308.00, 8398050.00, 5896205.00, 9401172.00, 16777215.00, 25, 34673
127, 4219614.00, 6251226.00, 8398032.00, 5912943.00, 9402877.00, 16777215.00, 25, 34945
128, 4519496.00, 6281083.00, 8398006.00, 5939885.00, 9408749.00, 16777215.00, 25, 35217
129, 4196305.00, 6282213.00, 8398042.00, 5944732.00, 9407393.00, 16777215.00, 25, 35580
130, 3802327.00, 6276795.00, 8398027.00, 5920296.00, 9403249.00, 16777215.00, 25, 35761
131, 3114210.00, 6269803.00, 8397962.00, 5904225.00, 9405719.00, 16777215.00, 25, 36034
132, 3403947.00, 6298151.00, 8398015.00, 5903353.00, 9402261.00, 16777215.00, 25, 36397
133, 3579233.00, 6256350.00, 8397955.00, 5908680.00, 9407538.00, 16777215.00, 25, 36669
134, 2896205.00, 6264654.00, 8398022.00, 5900746.00, 9417283.00, 16777215.00, 25, 37032
135, 1607687.00, 6277819.00, 8397950.00, 5900925.00, 9417861.00, 16777215.00, 25, 37395
136, 0.00, 6279222.00, 8397955.00, 5878724.00, 9409733.00, 16777215.00, 25, 37667
137, 0.00, 6251927.00, 8398122.00, 5892983.00, 9393600.00, 16777215.00, 25, 37939
138, 0.00, 6251068.00, 8397999.00, 5887352.00, 9407632.00, 16777215.00, 25, 38211
139, 0.00, 6271833.00, 8398108.00, 5832827.00, 9435748.00, 16777215.00, 25, 38393
140, 0.00, 6277403.00, 8398064.00, 5719112.00, 9447204.00, 16777215.00, 25, 38574
141, 0.00, 6271468.00, 8398047.00, 5697776.00, 9448019.00, 16777215.00, 25, 38756
142, 0.00, 6278957.00, 8397953.00, 5707288.00, 9443123.00, 16777215.00, 25, 39028
143, 0.00, 6283129.00, 8397898.00, 5705520.00, 9432000.00, 16777215.00, 25, 39210
144, 0.00, 6286572.00, 8397871.00, 5709739.00, 9419076.00, 16777215.00, 25, 39391
145, 0.00, 6286988.00, 8398058.00, 5718827.00, 9409130.00, 16777215.00, 25, 39663
146, 0.00, 6287025.00, 8398042.00, 5742496.00, 9396100.00, 16777215.00, 25, 39936
147, 0.00, 6288765.00, 8397951.00, 5739244.00, 9397188.00, 16777215.00, 25, 40390
148, 0.00, 6297408.00, 8397984.00, 5749709.00, 9401617.00, 16777215.00, 25, 40753
149, 0.00, 6297263.00, 8397992.00, 5738972.00, 9396796.00, 16777215.00, 25, 41116
150, 0.00, 6299010.00, 8397959.00, 5807567.00, 9390760.00, 16777215.00, 25, 41388
151, 0.00, 6304582.00, 8398019.00, 5853984.00, 9396628.00, 16777215.00, 25, 41660
152, 0.00, 6308859.00, 8398042.00, 5857053.00, 9417129.00, 16777215.00, 25, 41932
153, 0.00, 6320083.00, 8397970.00, 5856319.00, 9405371.00, 16777215.00, 25, 42205
154, 0.00, 6311355.00, 8397974.00, 5862685.00, 9416254.00, 16777215.00, 25, 42477
155, 0.00, 6302162.00, 8398100.00, 5907092.00, 9399789.00, 16777215.00, 25, 42749
156, 0.00, 6280647.00, 8398034.00, 5981918.00, 9389641.00, 16777215.00, 25, 43022
157, 0.00, 6242310.00, 8397868.00, 5991036.00, 9388728.00, 16777215.00, 25, 43294
158, 0.00, 6263345.00, 8398065.00, 5992034.00, 9385239.00, 16777215.00, 25, 43475
159, 4374553.00, 6232507.00, 8397927.00, 5990499.00, 9384510.00, 16777215.00, 25, 43748
160, 4551598.00, 6259329.00, 8398029.00, 5988234.00, 9387323.00, 16777215.00, 25, 44111
161, 4593961.00, 6271472.00, 8398051.00, 5985229.00, 9390803.00, 16777215.00, 25, 44474
162, 4646778.00, 6274894.00, 8398036.00, 5984721.00, 9391275.00, 16777215.00, 25, 44746
163, 4618713.00, 6276687.00, 8398052.00, 5984348.00, 9391882.00, 16777215.00, 25, 44928
164, 3929495.00, 6231344.00, 8398092.00, 5984225.00, 9389685.00, 16777215.00, 25, 45200
165, 3610822.00, 6233907.00, 8398027.00, 5978468.00, 9390252.00, 16777215.00, 25, 45472
166, 2937973.00, 6236390.00, 8397917.00, 5979811.00, 9392157.00, 16777215.00, 25, 45745
167, 5749543.00, 6251758.00, 8398056.00, 5979443.00, 9395866.00, 16777215.00, 25, 46017
168, 6163400.00, 6259330.00, 8397912.00, 5978866.00, 9395377.00, 16777215.00, 25, 46289
169, 200651.00, 6280442.00, 8398048.00, 5980901.00, 9394441.00, 16777215.00, 25, 46652
170, 0.00, 6280809.00, 8397965.00, 5980296.00, 9394489.00, 16777215.00, 25, 46925
171, 0.00, 6278601.00, 8397978.00, 5974379.00, 9399269.00, 16777215.00, 25, 47288
172, 0.00, 6276572.00, 8397969.00, 5975070.00, 9401444.00, 16777215.00, 25, 47560
173, 0.00, 6275859.00, 8398052.00, 5984008.00, 9400586.00, 16777215.00, 25, 47923
174, 0.00, 6276039.00, 8397911.00, 5983076.00, 9398083.00, 16777215.00, 25, 48286
175, 0.00, 6263589.00, 8398041.00, 5980759.00, 9393105.00, 16777215.00, 25, 48558
176, 3089440.00, 6246987.00, 8398061.00, 5981366.00, 9391691.00, 16777215.00, 25, 48831
177, 3889133.00, 6220011.00, 8397987.00, 5997422.00, 9396409.00, 16777215.00, 25, 49194
178, 3804990.00, 6225256.00, 8397931.00, 5988968.00, 9395450.00, 16777215.00, 25, 49466
179, 3851341.00, 6223051.00, 8397956.00, 5983965.00, 9392594.00, 16777215.00, 25, 49738
180, 3874052.00, 6224428.00, 8398085.00, 5987114.00, 9396734.00, 16777215.00, 25, 50011
181, 3923529.00, 6228670.00, 8398089.00, 5990507.00, 9400152.00, 16777215.00, 25, 50283
182, 3914027.00, 6231618.00, 8397888.00, 5990816.00, 9402328.00, 16777215.00, 25, 50555
183, 4000251.00, 6232560.00, 8398054.00, 5989013.00, 9402025.00, 16777215.00, 25, 50828
184, 3992716.00, 6232331.00, 8398001.00, 5989139.00, 9400524.00, 16777215.00, 25, 51009
185, 3949112.00, 6232049.00, 8397894.00, 5989725.00, 9399586.00, 16777215.00, 25, 51281
186, 3989712.00, 6231172.00, 8398079.00, 5987233.00, 9397830.00, 16777215.00, 25, 51554
187, 4041413.00, 6233756.00, 8398115.00, 5989997.00, 9400013.00, 16777215.00, 25, 51917
188, 4064639.00, 6232230.00, 8398036.00, 5990203.00, 9398114.00, 16777215.00, 25, 52280
189, 4050178.00, 6232198.00, 8398107.00, 5989349.00, 9399791.00, 16777215.00, 25, 52643
190, 4001131.00, 6233103.00, 8397965.00, 5986827.00, 9402183.00, 16777215.00, 25, 53006
191, 3897740.00, 6234925.00, 8398169.00, 5989646.00, 9404347.00, 16777215.00, 25, 53460
192, 3900526.00, 6235566.00, 8398052.00, 5987363.00, 9404053.00, 16777215.00, 25, 53732
193, 3874224.00, 6236042.00, 8397957.00, 5988665.00, 9405750.00, 16777215.00, 25, 54095
194, 3884618.00, 6237619.00, 8397907.00, 5988408.00, 9408573.00, 16777215.00, 25, 54368
195, 3920159.00, 6237816.00, 8398088.00, 5988194.00, 9410541.00, 16777215.00, 25, 54731
196, 3928889.00, 6237243.00, 8398060.00, 5987191.00, 9411711.00, 16777215.00, 25, 55003
197, 3935074.00, 6232770.00, 8397986.00, 5977259.00, 9409700.00, 16777215.00, 25, 55366
198, 3943668.00, 6231318.00, 8398009.00, 5974892.00, 9401981.00, 16777215.00, 25, 55639
199, 3949410.00, 6232096.00, 8398053.00, 5967284.00, 9394937.00, 16777215.00, 25, 55820
200, 3962625.00, 6223376.00, 8397924.00, 5824676.00, 9410238.00, 16777215.00, 25, 56093
201, 3974709.00, 6219817.00, 8397963.00, 5593837.00, 9427375.00, 16777215.00, 25, 56365
202, 3985653.00, 6233517.00, 8398067.00, 5536455.00, 9428772.00, 16777215.00, 25, 56546
203, 4003425.00, 6242402.00, 8397909.00, 5498554.00, 9430547.00, 16777215.00, 25, 56819
204, 4008929.00, 6237871.00, 8397985.00, 5451909.00, 9449394.00, 16777215.00, 25, 57091
BASELINE Time: 10:46:48
RECORDING Time: 10:46:51
1, 3921299.00, 6296906.00, 8397975.00, 5595215.00, 9452658.00, 16777215.00, 25, 0
2, 3922361.00, 6294939.00, 8397981.00, 5581268.00, 9441584.00, 16777215.00, 25, 0
3, 3918102.00, 6289226.00, 8398023.00, 5569660.00, 9447945.00, 16777215.00, 25, 272
4, 3917759.00, 6289627.00, 8397997.00, 5566082.00, 9430438.00, 16777215.00, 25, 636
5, 3913141.00, 6290878.00, 8398036.00, 5528129.00, 9399047.00, 16777215.00, 25, 908
6, 3917662.00, 6321447.00, 8397981.00, 5462835.00, 9391766.00, 16777215.00, 25, 1271
7, 3911332.00, 6315481.00, 8398072.00, 5456323.00, 9374335.00, 16777215.00, 25, 1543
8, 3889565.00, 6290122.00, 8398074.00, 5549843.00, 9386090.00, 16777215.00, 25, 1725
9, 3877690.00, 6299078.00, 8397934.00, 5710853.00, 9401461.00, 16777215.00, 25, 1997
10, 3865711.00, 6303000.00, 8398058.00, 5771225.00, 9402026.00, 16777215.00, 25, 2270
11, 3861576.00, 6291831.00, 8397950.00, 5770408.00, 9397903.00, 16777215.00, 25, 2360
12, 3857743.00, 6280940.00, 8398029.00, 5768395.00, 9398499.00, 16777215.00, 25, 2451
13, 3861851.00, 6281091.00, 8397872.00, 5772059.00, 9422327.00, 16777215.00, 25, 2633
14, 3877325.00, 6299863.00, 8397956.00, 5795438.00, 9354666.00, 16777215.00, 25, 2905
15, 3901758.00, 6341237.00, 8397952.00, 5800830.00, 6402258.00, 16777215.00, 25, 3086
16, 3921082.00, 6342377.00, 8397948.00, 5794737.00, 0.00, 16777215.00, 25, 3449
17, 3905777.00, 6310140.00, 8397992.00, 5760410.00, 0.00, 16777215.00, 25, 3812
18, 3895612.00, 6308180.00, 8398002.00, 5723413.00, 0.00, 16777215.00, 25, 4175
19, 3904529.00, 6326231.00, 8397932.00, 5744988.00, 0.00, 16777215.00, 25, 4538
20, 3901147.00, 6304655.00, 8398036.00, 5743428.00, 0.00, 16777215.00, 25, 4811
21, 3917697.00, 6318372.00, 8397984.00, 5754210.00, 0.00, 16777215.00, 25, 5083
22, 3990599.00, 6401901.00, 8397983.00, 5898201.00, 0.00, 16777215.00, 25, 5355
23, 4035457.00, 6453163.00, 8397928.00, 5728746.00, 0.00, 16777215.00, 25, 5628
24, 3990795.00, 6423124.00, 8398000.00, 5601979.00, 0.00, 16777215.00, 25, 5809
25, 3958852.00, 6419761.00, 8398019.00, 5607451.00, 0.00, 16777215.00, 25, 6081
26, 3949217.00, 6412983.00, 8397898.00, 5611847.00, 0.00, 16777215.00, 25, 6354
27, 3948507.00, 6419295.00, 8398062.00, 5618055.00, 0.00, 16777215.00, 25, 6535
28, 3949717.00, 6440962.00, 8397998.00, 5672386.00, 0.00, 16777215.00, 25, 6807
29, 3935755.00, 6437251.00, 8397978.00, 5703443.00, 0.00, 16777215.00, 25, 7080
30, 3939877.00, 6444043.00, 8397988.00, 5685353.00, 0.00, 16777215.00, 25, 7261
31, 3942523.00, 6465471.00, 8398092.00, 5688667.00, 0.00, 16777215.00, 25, 7534
32, 3944607.00, 6465290.00, 8397989.00, 5678634.00, 0.00, 16777215.00, 25, 7806
33, 3940477.00, 6463001.00, 8398044.00, 5681598.00, 0.00, 16777215.00, 25, 8169
34, 3945499.00, 6470065.00, 8397994.00, 5699066.00, 0.00, 16777215.00, 25, 8442
35, 3952780.00, 6481060.00, 8397872.00, 5695980.00, 0.00, 16777215.00, 25, 8896
36, 3953155.00, 6481043.00, 8397958.00, 5683527.00, 0.00, 16777215.00, 25, 9168
37, 3940485.00, 6467574.00, 8397983.00, 5690368.00, 0.00, 16777215.00, 25, 9531
38, 3938779.00, 6469991.00, 8397966.00, 5696855.00, 0.00, 16777215.00, 25, 9803
39, 3941884.00, 6472366.00, 8397953.00, 5689917.00, 0.00, 16777215.00, 25, 9985
40, 3939066.00, 6468956.00, 8398083.00, 5688992.00, 0.00, 16777215.00, 25, 10257
41, 3936251.00, 6466616.00, 8397989.00, 5684682.00, 0.00, 16777215.00, 25, 10529
42, 3933857.00, 6464290.00, 8398081.00, 5681809.00, 0.00, 16777215.00, 25, 10711
43, 3936241.00, 6466700.00, 8398113.00, 5688218.00, 0.00, 16777215.00, 25, 10983
44, 3937178.00, 6464968.00, 8397946.00, 5671071.00, 0.00, 16777215.00, 25, 11256
45, 3930824.00, 6454103.00, 8398015.00, 5644719.00, 0.00, 16777215.00, 25, 11619
46, 3933685.00, 6448091.00, 8397926.00, 5623302.00, 0.00, 16777215.00, 25, 11982
47, 3934622.00, 6452792.00, 8397900.00, 5637411.00, 0.00, 16777215.00, 25, 12345
48, 3951301.00, 6472181.00, 8398126.00, 5634920.00, 0.00, 16777215.00, 25, 12527
49, 3960005.00, 6481922.00, 8398019.00, 5635897.00, 0.00, 16777215.00, 25, 12708
50, 3942996.00, 6457405.00, 8398064.00, 5704827.00, 0.00, 16777215.00, 25, 12981
51, 3937980.00, 6451883.00, 8398032.00, 5777810.00, 0.00, 16777215.00, 25, 13162
52, 3930767.00, 6442821.00, 8397989.00, 5775557.00, 0.00, 16777215.00, 25, 13344
53, 3927565.00, 6437580.00, 8397979.00, 5770410.00, 3247743.00, 16777215.00, 25, 13616
54, 3950612.00, 6471996.00, 8397999.00, 5783729.00, 6661996.00, 16777215.00, 25, 13888
55, 3954429.00, 6472941.00, 8397967.00, 5737292.00, 6750139.00, 16777215.00, 25, 14070
56, 3927567.00, 6443614.00, 8397963.00, 5711569.00, 6759536.00, 16777215.00, 25, 14342
57, 3897760.00, 6400622.00, 8397982.00, 5639874.00, 6756785.00, 16777215.00, 25, 14706
58, 3883948.00, 6373033.00, 8398163.00, 5600568.00, 6784657.00, 16777215.00, 25, 14978
59, 3890714.00, 6348437.00, 8397916.00, 5513530.00, 6763146.00, 16777215.00, 25, 15250
60, 3888993.00, 6357943.00, 8397954.00, 5481306.00, 6739323.00, 16777215.00, 25, 15704
61, 3885018.00, 6341323.00, 8397970.00, 5453911.00, 6708055.00, 16777215.00, 25, 15977
62, 3878390.00, 6335601.00, 8398012.00, 5464787.00, 6698383.00, 16777215.00, 25, 16340
63, 3893725.00, 6352289.00, 8397910.00, 5492718.00, 6684829.00, 16777215.00, 25, 16612
RECORDING Time: 10:47:8
BASELINE Time: 10:47:10
1, 4145644.00, 6332832.00, 8397984.00, 5520296.00, 7226964.00, 16777215.00, 25, 0
2, 4138506.00, 6327044.00, 8398057.00, 5510228.00, 7224231.00, 16777215.00, 25, 0
3, 4130188.00, 6324321.00, 8397984.00, 5508101.00, 7227206.00, 16777215.00, 25, 272
4, 4138915.00, 6329070.00, 8398063.00, 5514790.00, 7227943.00, 16777215.00, 25, 454
5, 4138645.00, 6330961.00, 8398026.00, 5533504.00, 7231350.00, 16777215.00, 25, 635
6, 4149405.00, 6286717.00, 8397954.00, 5522148.00, 7217727.00, 16777215.00, 25, 998
7, 4738289.00, 6289932.00, 8398030.00, 5517633.00, 7201686.00, 16777215.00, 25, 1270
8, 4746997.00, 6286760.00, 8398066.00, 5539492.00, 7219274.00, 16777215.00, 25, 1633
9, 4805835.00, 6293702.00, 8397942.00, 5585167.00, 7244446.00, 16777215.00, 25, 1905
10, 4834146.00, 6279661.00, 8398093.00, 5446492.00, 7178320.00, 16777215.00, 25, 2268
11, 4835992.00, 6265154.00, 8397845.00, 5536954.00, 7159485.00, 16777215.00, 25, 2631
12, 4844969.00, 6315876.00, 8397968.00, 5735088.00, 7149850.00, 16777215.00, 25, 2994
13, 4837260.00, 6344905.00, 8398053.00, 5820852.00, 7157056.00, 16777215.00, 25, 3266
14, 4839863.00, 6385315.00, 8397869.00, 5860559.00, 7154411.00, 16777215.00, 25, 3629
15, 4836292.00, 6388458.00, 8397977.00, 5843816.00, 6585008.00, 16777215.00, 25, 3901
16, 4825704.00, 6377199.00, 8398011.00, 5827650.00, 5240225.00, 16777215.00, 25, 4173
17, 4806029.00, 6375001.00, 8397851.00, 5849612.00, 6374201.00, 16777215.00, 25, 4445
18, 4789458.00, 6383128.00, 8397967.00, 5841702.00, 6290407.00, 16777215.00, 25, 4717
19, 4780429.00, 6387763.00, 8397950.00, 5831660.00, 5992315.00, 16777215.00, 25, 5080
20, 4770415.00, 6386829.00, 8398036.00, 5827552.00, 6202961.00, 16777215.00, 25, 5352
21, 4767338.00, 6381579.00, 8397923.00, 5826552.00, 6214537.00, 16777215.00, 25, 5533
22, 4765984.00, 6375631.00, 8397985.00, 5824795.00, 6047813.00, 16777215.00, 25, 5806
23, 4772824.00, 6370946.00, 8398065.00, 5820415.00, 5633586.00, 16777215.00, 25, 6078
24, 4773767.00, 6371198.00, 8398009.00, 5820239.00, 5495406.00, 16777215.00, 25, 6259
25, 4773081.00, 6373868.00, 8398015.00, 5839913.00, 5233603.00, 16777215.00, 25, 6531
26, 4772891.00, 6374089.00, 8397932.00, 5836534.00, 5154632.00, 16777215.00, 25, 6894
27, 4770548.00, 6375091.00, 8398034.00, 5842470.00, 4899204.00, 16777215.00, 25, 7257
28, 4762568.00, 6373526.00, 8398098.00, 5856305.00, 4608865.00, 16777215.00, 25, 7529
29, 4758086.00, 6378188.00, 8398033.00, 5861435.00, 4882685.00, 16777215.00, 25, 7892
30, 4760217.00, 6389568.00, 8397966.00, 5836592.00, 6108740.00, 16777215.00, 25, 8164
31, 4759086.00, 6389146.00, 8397995.00, 5853739.00, 6302107.00, 16777215.00, 25, 8527
32, 4749622.00, 6380771.00, 8398089.00, 5865676.00, 6330784.00, 16777215.00, 25, 8799
33, 4764513.00, 6399467.00, 8398095.00, 5874139.00, 6344988.00, 16777215.00, 25, 9162
34, 4769630.00, 6398664.00, 8398073.00, 5857213.00, 6346203.00, 16777215.00, 25, 9434
35, 4744650.00, 6340181.00, 8397977.00, 5775173.00, 6357319.00, 16777215.00, 25, 9797
36, 4731677.00, 6287782.00, 8397925.00, 5619248.00, 6390919.00, 16777215.00, 25, 10160
37, 4744068.00, 6307006.00, 8398016.00, 5581903.00, 6442689.00, 16777215.00, 25, 10523
38, 4763514.00, 6331874.00, 8398030.00, 5582621.00, 6467054.00, 16777215.00, 25, 10705
39, 4774844.00, 6341241.00, 8397969.00, 5601196.00, 6457853.00, 16777215.00, 25, 10886
40, 4779186.00, 6346763.00, 8397937.00, 5621991.00, 6465432.00, 16777215.00, 25, 11158
41, 4780693.00, 6351883.00, 8398102.00, 5609821.00, 6453220.00, 16777215.00, 25, 11340
42, 4771298.00, 6343439.00, 8398063.00, 5563661.00, 6449499.00, 16777215.00, 25, 11521
43, 4752071.00, 6327663.00, 8397974.00, 5516244.00, 6457174.00, 16777215.00, 25, 11703
44, 4749736.00, 6318423.00, 8398020.00, 5509071.00, 6468744.00, 16777215.00, 25, 11975
BASELINE Time: 10:47:23
RECORDING Time: 10:47:25
1, 5129777.00, 6328627.00, 8398042.00, 5522205.00, 6463089.00, 16777215.00, 25, 0
2, 5141876.00, 6330350.00, 8397993.00, 5518520.00, 6452707.00, 16777215.00, 25, 0
3, 5172008.00, 6328930.00, 8398036.00, 5522645.00, 6445492.00, 16777215.00, 25, 272
4, 5220639.00, 6333403.00, 8398052.00, 5544583.00, 6459386.00, 16777215.00, 25, 544
5, 5249785.00, 6339715.00, 8398060.00, 5560285.00, 6466475.00, 16777215.00, 25, 907
6, 5261145.00, 6335554.00, 8398131.00, 5532801.00, 6454396.00, 16777215.00, 25, 1089
7, 5251127.00, 6326410.00, 8397999.00, 5498142.00, 6421679.00, 16777215.00, 25, 1270
8, 5275892.00, 6359932.00, 8397911.00, 5592712.00, 6374680.00, 16777215.00, 25, 1542
9, 5286384.00, 6378020.00, 8398036.00, 5631834.00, 6363479.00, 16777215.00, 25, 1814
10, 5251206.00, 6348085.00, 8398143.00, 5661657.00, 6385012.00, 16777215.00, 25, 2177
11, 5247747.00, 6349041.00, 8398062.00, 5656415.00, 6481663.00, 16777215.00, 25, 2540
12, 5273187.00, 6374452.00, 8398072.00, 5677666.00, 5077078.00, 16777215.00, 25, 2903
13, 5299011.00, 6392366.00, 8398016.00, 5661528.00, 964090.00, 16777215.00, 25, 3175
14, 5289442.00, 6375082.00, 8398035.00, 5668213.00, 0.00, 16777215.00, 25, 3357
15, 5281455.00, 6369110.00, 8398024.00, 5692670.00, 0.00, 16777215.00, 25, 3629
16, 5282684.00, 6368468.00, 8397956.00, 5725059.00, 0.00, 16777215.00, 25, 3810
17, 5271390.00, 6353166.00, 8398015.00, 5705175.00, 0.00, 16777215.00, 25, 3992
18, 5248452.00, 6327062.00, 8397943.00, 5649605.00, 0.00, 16777215.00, 25, 4264
19, 5273652.00, 6353670.00, 8397834.00, 5656850.00, 0.00, 16777215.00, 25, 4536
20, 5286322.00, 6349355.00, 8397986.00, 5680624.00, 0.00, 16777215.00, 25, 4899
21, 5314490.00, 6362408.00, 8398087.00, 5786298.00, 0.00, 16777215.00, 25, 5171
22, 5374739.00, 6417905.00, 8397970.00, 5718705.00, 0.00, 16777215.00, 25, 5443
23, 5338956.00, 6409822.00, 8397963.00, 5642014.00, 0.00, 16777215.00, 25, 5897
24, 5331856.00, 6406852.00, 8398059.00, 5596200.00, 0.00, 16777215.00, 25, 6169
25, 5319631.00, 6399155.00, 8397948.00, 5612341.00, 0.00, 16777215.00, 25, 6532
26, 5301380.00, 6374210.00, 8398070.00, 5616655.00, 0.00, 16777215.00, 25, 6713
27, 5279901.00, 6365477.00, 8398058.00, 5682904.00, 0.00, 16777215.00, 25, 6985
28, 5279690.00, 6376750.00, 8398044.00, 5711228.00, 0.00, 16777215.00, 25, 7257
29, 5292561.00, 6395051.00, 8398091.00, 5673429.00, 0.00, 16777215.00, 25, 7529
30, 5288314.00, 6393083.00, 8398067.00, 5577631.00, 0.00, 16777215.00, 25, 7801
31, 5276336.00, 6385243.00, 8397947.00, 5557266.00, 0.00, 16777215.00, 25, 8073
32, 5272975.00, 6388060.00, 8398096.00, 5566803.00, 0.00, 16777215.00, 25, 8436
33, 5270292.00, 6386159.00, 8398031.00, 5563362.00, 0.00, 16777215.00, 25, 8618
34, 5270936.00, 6385590.00, 8398054.00, 5567475.00, 0.00, 16777215.00, 25, 8799
35, 5274557.00, 6392487.00, 8398062.00, 5583339.00, 0.00, 16777215.00, 25, 9071
36, 5279081.00, 6396562.00, 8398109.00, 5594703.00, 0.00, 16777215.00, 25, 9253
37, 5281806.00, 6401883.00, 8398171.00, 5612937.00, 0.00, 16777215.00, 25, 9434
38, 5282165.00, 6400194.00, 8398075.00, 5616560.00, 0.00, 16777215.00, 25, 9797
39, 5279615.00, 6394376.00, 8398022.00, 5600948.00, 0.00, 16777215.00, 25, 10069
40, 5279043.00, 6383712.00, 8398073.00, 5555389.00, 0.00, 16777215.00, 25, 10432
41, 5288951.00, 6396055.00, 8397932.00, 5592074.00, 0.00, 16777215.00, 25, 10795
42, 5324749.00, 6443775.00, 8398129.00, 5684541.00, 0.00, 16777215.00, 25, 11158
43, 5317671.00, 6433491.00, 8398041.00, 5782245.00, 0.00, 16777215.00, 25, 11430
44, 5294280.00, 6418605.00, 8398062.00, 5796335.00, 0.00, 16777215.00, 25, 11612
45, 5295811.00, 6422577.00, 8398126.00, 5778292.00, 0.00, 16777215.00, 25, 11884
46, 5327222.00, 6456392.00, 8397948.00, 5796963.00, 0.00, 16777215.00, 25, 12156
47, 5313158.00, 6439935.00, 8397924.00, 5752259.00, 0.00, 16777215.00, 25, 12519
48, 5307854.00, 6442159.00, 8397944.00, 5798354.00, 0.00, 16777215.00, 25, 12791
49, 5319241.00, 6455356.00, 8397993.00, 5815352.00, 4813904.00, 16777215.00, 25, 13154
50, 5330105.00, 6471199.00, 8397953.00, 5783453.00, 5315225.00, 16777215.00, 25, 13426
51, 5322251.00, 6453569.00, 8398063.00, 5769549.00, 5273648.00, 16777215.00, 25, 13607
52, 5299275.00, 6437374.00, 8397870.00, 5745007.00, 5261501.00, 16777215.00, 25, 13879
53, 5301235.00, 6430329.00, 8398147.00, 5706380.00, 5253119.00, 16777215.00, 25, 14151
54, 5297126.00, 6415203.00, 8398094.00, 5709782.00, 5243402.00, 16777215.00, 25, 14333
55, 5290305.00, 6406004.00, 8398009.00, 5660506.00, 5223419.00, 16777215.00, 25, 14605
56, 5292043.00, 6405057.00, 8398101.00, 5617585.00, 5237233.00, 16777215.00, 25, 14877
57, 5304857.00, 6417075.00, 8398077.00, 5594839.00, 5242047.00, 16777215.00, 25, 15149
58, 5297983.00, 6402139.00, 8398023.00, 5560766.00, 5219835.00, 16777215.00, 25, 15421
59, 5294153.00, 6406309.00, 8398030.00, 5569263.00, 5223675.00, 16777215.00, 25, 15694
60, 5289472.00, 6396413.00, 8397987.00, 5519268.00, 5213271.00, 16777215.00, 25, 16057
61, 5282062.00, 6387090.00, 8398017.00, 5504780.00, 5197838.00, 16777215.00, 25, 16329
62, 5262464.00, 6363871.00, 8397952.00, 5491693.00, 5192545.00, 16777215.00, 25, 16692
63, 5263667.00, 6366675.00, 8398122.00, 5485426.00, 5194191.00, 16777215.00, 25, 16964
64, 5255015.00, 6361260.00, 8398000.00, 5537612.00, 5234778.00, 16777215.00, 25, 17326
65, 5254026.00, 6360146.00, 8397994.00, 5489863.00, 5176066.00, 16777215.00, 25, 17599
66, 5251293.00, 6361105.00, 8398097.00, 5496437.00, 5168274.00, 16777215.00, 25, 17961
67, 5248725.00, 6357360.00, 8398058.00, 5477386.00, 5173133.00, 16777215.00, 25, 18324
68, 5245822.00, 6358614.00, 8397971.00, 5464976.00, 5182487.00, 16777215.00, 25, 18687
69, 5242443.00, 6356692.00, 8398006.00, 5461341.00, 5179410.00, 16777215.00, 25, 18959
70, 5236352.00, 6348136.00, 8398035.00, 5452008.00, 5159100.00, 16777215.00, 25, 19231
71, 5227647.00, 6337594.00, 8398008.00, 5441897.00, 5144749.00, 16777215.00, 25, 19503
72, 5223969.00, 6336491.00, 8397889.00, 5446386.00, 5146077.00, 16777215.00, 25, 19775
73, 5221735.00, 6337092.00, 8398117.00, 5460151.00, 5170326.00, 16777215.00, 25, 20047
74, 5224711.00, 6343852.00, 8397939.00, 5470529.00, 5184740.00, 16777215.00, 25, 20320
75, 5227107.00, 6347890.00, 8398029.00, 5453312.00, 5184659.00, 16777215.00, 25, 20592
76, 5231661.00, 6356104.00, 8397954.00, 5472663.00, 5185745.00, 16777215.00, 25, 20864
77, 5239447.00, 6366700.00, 8398064.00, 5480405.00, 5189211.00, 16777215.00, 25, 21045
RECORDING Time: 10:47:46
BASELINE Time: 10:47:48
1, 5240596.00, 6366805.00, 8397941.00, 5500653.00, 5199667.00, 16777215.00, 25, 0
2, 5234188.00, 6358318.00, 8397977.00, 5509635.00, 5216978.00, 16777215.00, 25, 0
3, 5239016.00, 6365559.00, 8398080.00, 5531758.00, 5232884.00, 16777215.00, 25, 363
4, 5243766.00, 6379236.00, 8397976.00, 5560552.00, 5230844.00, 16777215.00, 25, 635
5, 5248816.00, 6385842.00, 8397975.00, 5542881.00, 5213311.00, 16777215.00, 25, 907
6, 5239909.00, 6376286.00, 8397948.00, 5499551.00, 5176101.00, 16777215.00, 25, 1088
7, 5231359.00, 6372575.00, 8398043.00, 5467096.00, 5131897.00, 16777215.00, 25, 1270
8, 5219181.00, 6386580.00, 8398049.00, 5520343.00, 5086854.00, 16777215.00, 25, 1542
9, 5212612.00, 6380129.00, 8397891.00, 5530222.00, 5063806.00, 16777215.00, 25, 1814
10, 5196280.00, 6377314.00, 8397942.00, 5625184.00, 5052191.00, 16777215.00, 25, 1995
11, 5213091.00, 6406461.00, 8397958.00, 5696851.00, 5050582.00, 16777215.00, 25, 2268
12, 5204495.00, 6415804.00, 8398004.00, 5813358.00, 5039097.00, 16777215.00, 25, 2540
13, 5189049.00, 6421298.00, 8398001.00, 5891711.00, 5029910.00, 16777215.00, 25, 2903
14, 5194821.00, 6393205.00, 8397946.00, 5916990.00, 4681678.00, 16777215.00, 25, 3175
15, 5193429.00, 6348871.00, 8398018.00, 5934885.00, 3889915.00, 16777215.00, 25, 3447
16, 5205887.00, 6340360.00, 8397995.00, 5939933.00, 4079659.00, 16777215.00, 25, 3719
17, 5195943.00, 6354325.00, 8398008.00, 5941739.00, 4098819.00, 16777215.00, 25, 3991
18, 5186386.00, 6350610.00, 8397949.00, 5959091.00, 4025401.00, 16777215.00, 25, 4354
19, 5180712.00, 6357286.00, 8397920.00, 5958092.00, 4013572.00, 16777215.00, 25, 4626
20, 5186310.00, 6373506.00, 8398016.00, 5938284.00, 2977000.00, 16777215.00, 25, 4989
21, 5191005.00, 6380760.00, 8398144.00, 5935895.00, 3512892.00, 16777215.00, 25, 5261
22, 5194756.00, 6372252.00, 8398087.00, 5925555.00, 3753885.00, 16777215.00, 25, 5533
23, 5190783.00, 6367199.00, 8398022.00, 5913363.00, 3771177.00, 16777215.00, 25, 5805
24, 5182186.00, 6362766.00, 8398016.00, 5913986.00, 3758435.00, 16777215.00, 25, 6077
25, 5179825.00, 6362074.00, 8398013.00, 5918219.00, 3769762.00, 16777215.00, 25, 6350
26, 5184615.00, 6371338.00, 8398072.00, 5925263.00, 3760472.00, 16777215.00, 25, 6622
27, 5188404.00, 6375335.00, 8397933.00, 5928521.00, 3611282.00, 16777215.00, 25, 6894
28, 5190334.00, 6379808.00, 8397987.00, 5927943.00, 3083326.00, 16777215.00, 25, 7257
29, 5186698.00, 6380455.00, 8397958.00, 5957062.00, 2805270.00, 16777215.00, 25, 7710
30, 5197373.00, 6397185.00, 8398047.00, 5946325.00, 3373510.00, 16777215.00, 25, 7982
31, 5206287.00, 6408118.00, 8397888.00, 5935109.00, 5470913.00, 16777215.00, 25, 8164
32, 5198039.00, 6394459.00, 8397973.00, 5906960.00, 5743619.00, 16777215.00, 25, 8436
33, 5190018.00, 6391455.00, 8398095.00, 5906199.00, 5797885.00, 16777215.00, 25, 8618
34, 5192673.00, 6396968.00, 8398043.00, 5910949.00, 5805550.00, 16777215.00, 25, 8799
35, 5199198.00, 6402831.00, 8398126.00, 5896042.00, 5814653.00, 16777215.00, 25, 9071
36, 5200810.00, 6406557.00, 8398016.00, 5900911.00, 5820565.00, 16777215.00, 25, 9343
37, 5199780.00, 6396894.00, 8398035.00, 5879075.00, 5837338.00, 16777215.00, 25, 9525
38, 5192786.00, 6329365.00, 8397915.00, 5654051.00, 5862097.00, 16777215.00, 25, 9797
39, 5202462.00, 6319875.00, 8398056.00, 5568256.00, 5901801.00, 16777215.00, 25, 10069
40, 5215388.00, 6343635.00, 8397917.00, 5516996.00, 5949509.00, 16777215.00, 25, 10250
41, 5215794.00, 6315952.00, 8398024.00, 5471658.00, 5930477.00, 16777215.00, 25, 10613
42, 5214466.00, 6321115.00, 8398017.00, 5429896.00, 5905084.00, 16777215.00, 25, 10976
43, 5212528.00, 6300810.00, 8397974.00, 5383830.00, 5862383.00, 16777215.00, 25, 11339
44, 5196276.00, 6282577.00, 8397925.00, 5400825.00, 5865552.00, 16777215.00, 25, 11611
BASELINE Time: 10:48:0
RECORDING Time: 10:48:2
1, 5212159.00, 6316503.00, 8397864.00, 5487451.00, 5896487.00, 16777215.00, 25, 0
2, 5217673.00, 6321489.00, 8398102.00, 5500817.00, 5895712.00, 16777215.00, 25, 0
3, 5220906.00, 6324827.00, 8397937.00, 5514070.00, 5897950.00, 16777215.00, 25, 182
4, 5223386.00, 6332308.00, 8398031.00, 5519182.00, 5881214.00, 16777215.00, 25, 454
5, 5228578.00, 6334797.00, 8397999.00, 5539847.00, 5903887.00, 16777215.00, 25, 726
6, 5222866.00, 6332216.00, 8397998.00, 5425468.00, 5842500.00, 16777215.00, 25, 1089
7, 5212285.00, 6333011.00, 8397989.00, 5466499.00, 5824231.00, 16777215.00, 25, 1362
8, 5214943.00, 6356499.00, 8398024.00, 5655710.00, 5825703.00, 16777215.00, 25, 1543
9, 5206585.00, 6348224.00, 8397894.00, 5710863.00, 5854775.00, 16777215.00, 25, 1815
10, 5207866.00, 6331863.00, 8398055.00, 5665484.00, 6161249.00, 16777215.00, 25, 1997
11, 5224656.00, 6340693.00, 8398010.00, 5708946.00, 3018912.00, 16777215.00, 25, 2269
12, 5233681.00, 6360235.00, 8397986.00, 5728029.00, 0.00, 16777215.00, 25, 2632
13, 5224574.00, 6356255.00, 8398069.00, 5755099.00, 0.00, 16777215.00, 25, 2904
14, 5197040.00, 6337193.00, 8398030.00, 5765427.00, 183534.00, 16777215.00, 25, 3267
15, 5210265.00, 6349076.00, 8397946.00, 5744675.00, 370603.00, 16777215.00, 25, 3540
16, 5283627.00, 6401019.00, 8397920.00, 5762047.00, 484467.00, 16777215.00, 25, 3902
17, 5313045.00, 6426066.00, 8398011.00, 5738817.00, 504939.00, 16777215.00, 25, 4175
18, 5320059.00, 6419351.00, 8398001.00, 5742007.00, 434914.00, 16777215.00, 25, 4356
19, 5314682.00, 6417232.00, 8398056.00, 5732885.00, 37701.00, 16777215.00, 25, 4628
20, 5339298.00, 6413207.00, 8398079.00, 5714396.00, 0.00, 16777215.00, 25, 4901
21, 5297912.00, 6375200.00, 8397961.00, 5738629.00, 0.00, 16777215.00, 25, 5264
22, 5269327.00, 6341069.00, 8397900.00, 5769133.00, 0.00, 16777215.00, 25, 5536
23, 5265388.00, 6343175.00, 8397911.00, 5529244.00, 0.00, 16777215.00, 25, 5899
24, 5197854.00, 6280873.00, 8398031.00, 5347858.00, 0.00, 16777215.00, 25, 6171
25, 5174965.00, 6390535.00, 8397875.00, 5408643.00, 0.00, 16777215.00, 25, 6534
26, 5151248.00, 6346402.00, 8398058.00, 5423269.00, 0.00, 16777215.00, 25, 6806
27, 5129235.00, 6285250.00, 8398030.00, 5400313.00, 0.00, 16777215.00, 25, 6988
28, 5233862.00, 6345387.00, 8397912.00, 5805645.00, 0.00, 16777215.00, 25, 7260
29, 5287569.00, 6353903.00, 8397920.00, 5782207.00, 0.00, 16777215.00, 25, 7532
30, 5276000.00, 6341351.00, 8397926.00, 5473349.00, 0.00, 16777215.00, 25, 7714
31, 5267561.00, 6372723.00, 8398047.00, 5569762.00, 0.00, 16777215.00, 25, 8077
32, 5233789.00, 6340270.00, 8397953.00, 5524460.00, 0.00, 16777215.00, 25, 8349
33, 5217520.00, 6320609.00, 8398065.00, 5516874.00, 0.00, 16777215.00, 25, 8621
34, 5202326.00, 6305065.00, 8397961.00, 5499504.00, 0.00, 16777215.00, 25, 8893
35, 5191896.00, 6303447.00, 8397962.00, 5555066.00, 0.00, 16777215.00, 25, 9256
36, 5202206.00, 6327978.00, 8397964.00, 5611018.00, 0.00, 16777215.00, 25, 9529
37, 5214450.00, 6348583.00, 8398033.00, 5675067.00, 0.00, 16777215.00, 25, 9801
38, 5235614.00, 6366464.00, 8397986.00, 5695523.00, 0.00, 16777215.00, 25, 10164
39, 5230301.00, 6364929.00, 8398023.00, 5710496.00, 0.00, 16777215.00, 25, 10436
40, 5257889.00, 6415451.00, 8397981.00, 5711556.00, 0.00, 16777215.00, 25, 10799
41, 5258955.00, 6417385.00, 8397949.00, 5730826.00, 0.00, 16777215.00, 25, 11071
42, 5245470.00, 6414750.00, 8398030.00, 5767480.00, 0.00, 16777215.00, 25, 11434
43, 5237182.00, 6414179.00, 8397926.00, 5802243.00, 0.00, 16777215.00, 25, 11616
44, 5227494.00, 6407183.00, 8397898.00, 5809668.00, 0.00, 16777215.00, 25, 11797
45, 5219183.00, 6396891.00, 8397950.00, 5815451.00, 0.00, 16777215.00, 25, 11979
46, 5227212.00, 6403770.00, 8398037.00, 5836908.00, 0.00, 16777215.00, 25, 12160
47, 5241588.00, 6416454.00, 8398006.00, 5843394.00, 0.00, 16777215.00, 25, 12342
48, 5252031.00, 6431074.00, 8397984.00, 5854648.00, 0.00, 16777215.00, 25, 12523
49, 5256185.00, 6463119.00, 8397835.00, 5857075.00, 0.00, 16777215.00, 25, 12796
50, 5269588.00, 6471812.00, 8397864.00, 5876893.00, 0.00, 16777215.00, 25, 13068
51, 5265928.00, 6474074.00, 8397860.00, 5883528.00, 0.00, 16777215.00, 25, 13431
52, 5255054.00, 6458728.00, 8398074.00, 5839697.00, 0.00, 16777215.00, 25, 13703
53, 5234372.00, 6430424.00, 8398041.00, 5819310.00, 0.00, 16777215.00, 25, 14157
54, 5219171.00, 6411563.00, 8397945.00, 5810714.00, 0.00, 16777215.00, 25, 14429
55, 5209472.00, 6403736.00, 8398014.00, 5824987.00, 0.00, 16777215.00, 25, 14792
56, 5216776.00, 6411172.00, 8397992.00, 5826540.00, 0.00, 16777215.00, 25, 15064
57, 5219918.00, 6412010.00, 8397977.00, 5825241.00, 0.00, 16777215.00, 25, 15245
58, 5223233.00, 6411560.00, 8398005.00, 5822338.00, 0.00, 16777215.00, 25, 15517
59, 5230363.00, 6415959.00, 8398101.00, 5817804.00, 0.00, 16777215.00, 25, 15790
60, 5237497.00, 6420495.00, 8397959.00, 5815680.00, 0.00, 16777215.00, 25, 16153
61, 5238227.00, 6418740.00, 12582911.00, 5808878.00, 0.00, 16777215.00, 25, 16425
62, 5236620.00, 6415653.00, 8398055.00, 5803495.00, 0.00, 16777215.00, 25, 16607
63, 5232473.00, 6410511.00, 8397961.00, 5808282.00, 0.00, 16777215.00, 25, 16879
64, 5230666.00, 6409936.00, 8398005.00, 5816196.00, 0.00, 16777215.00, 25, 17151
65, 5229215.00, 6410053.00, 8397838.00, 5826884.00, 0.00, 16777215.00, 25, 17514
66, 5228672.00, 6412069.00, 8398033.00, 5832676.00, 0.00, 16777215.00, 25, 17786
67, 5230576.00, 6413275.00, 8398006.00, 5833874.00, 0.00, 16777215.00, 25, 18149
68, 5232593.00, 6415137.00, 8397920.00, 5836081.00, 0.00, 16777215.00, 25, 18512
69, 5230489.00, 6412418.00, 8398026.00, 5831627.00, 0.00, 16777215.00, 25, 18694
70, 5228328.00, 6412507.00, 8398097.00, 5832327.00, 0.00, 16777215.00, 25, 18966
71, 5228960.00, 6412061.00, 8398032.00, 5828843.00, 0.00, 16777215.00, 25, 19147
72, 5234151.00, 6416740.00, 8397990.00, 5831975.00, 0.00, 16777215.00, 25, 19329
73, 5238899.00, 6419694.00, 8397999.00, 5830553.00, 0.00, 16777215.00, 25, 19510
74, 5240094.00, 6418789.00, 8397897.00, 5814499.00, 0.00, 16777215.00, 25, 19782
75, 5231507.00, 6411394.00, 8398092.00, 5810172.00, 0.00, 16777215.00, 25, 20054
76, 5227244.00, 6409911.00, 8398005.00, 5814711.00, 0.00, 16777215.00, 25, 20327
77, 5230194.00, 6413583.00, 8398002.00, 5817258.00, 0.00, 16777215.00, 25, 20599
78, 5232194.00, 6413705.00, 8397966.00, 5814637.00, 0.00, 16777215.00, 25, 20962
79, 5228125.00, 6411495.00, 8398019.00, 5805393.00, 0.00, 16777215.00, 25, 21325
80, 5232614.00, 6402367.00, 8398085.00, 5807705.00, 0.00, 16777215.00, 25, 21779
81, 5204676.00, 6382988.00, 8398152.00, 5806218.00, 0.00, 16777215.00, 25, 22051
82, 5225511.00, 6398530.00, 8397950.00, 5798499.00, 0.00, 16777215.00, 25, 22323
83, 5225574.00, 6377075.00, 8398012.00, 5733693.00, 0.00, 16777215.00, 25, 22595
84, 5220942.00, 6368431.00, 8398009.00, 5726234.00, 0.00, 16777215.00, 25, 22777
85, 5218749.00, 6360033.00, 8397936.00, 5702700.00, 4680870.00, 16777215.00, 25, 23049
86, 5255287.00, 6407745.00, 8397980.00, 5681736.00, 5088412.00, 16777215.00, 25, 23321
87, 5236166.00, 6373893.00, 8398046.00, 5631970.00, 5017989.00, 16777215.00, 25, 23593
88, 5198307.00, 6303609.00, 8397961.00, 5407225.00, 5000487.00, 16777215.00, 25, 23866
89, 5220264.00, 6355759.00, 8398034.00, 5536720.00, 5035909.00, 16777215.00, 25, 24138
90, 5232276.00, 6365474.00, 8398023.00, 5472287.00, 5035539.00, 16777215.00, 25, 24410
91, 5245613.00, 6377178.00, 8398068.00, 5486736.00, 5038597.00, 16777215.00, 25, 24591
92, 5272919.00, 6407673.00, 8397978.00, 5567302.00, 4975417.00, 16777215.00, 25, 24773
93, 5274221.00, 6409409.00, 8397994.00, 5688618.00, 4955577.00, 16777215.00, 25, 25045
94, 5267282.00, 6389710.00, 8398002.00, 5660209.00, 4940825.00, 16777215.00, 25, 25317
95, 5279037.00, 6417913.00, 8397841.00, 5675832.00, 4900377.00, 16777215.00, 25, 25771
96, 5273888.00, 6418008.00, 8398019.00, 5710624.00, 4873865.00, 16777215.00, 25, 26043
RECORDING Time: 10:48:29
BASELINE Time: 10:48:31
1, 5276555.00, 6400545.00, 8397964.00, 5639325.00, 4885171.00, 16777215.00, 25, 0
2, 5281736.00, 6409125.00, 8398019.00, 5657720.00, 4883967.00, 16777215.00, 25, 0
3, 5284323.00, 6411782.00, 8397997.00, 5666083.00, 4893982.00, 16777215.00, 25, 182
4, 5285936.00, 6413098.00, 8398038.00, 5670665.00, 4900348.00, 16777215.00, 25, 454
5, 5287662.00, 6413524.00, 8398009.00, 5654413.00, 4883083.00, 16777215.00, 25, 726
6, 5279326.00, 6410307.00, 8398056.00, 5631889.00, 4855616.00, 16777215.00, 25, 907
7, 5277719.00, 6414116.00, 8398009.00, 5585993.00, 4797653.00, 16777215.00, 25, 1180
8, 5261508.00, 6393928.00, 8397904.00, 5433286.00, 5959373.00, 16777215.00, 25, 1452
9, 5223567.00, 6336866.00, 8398065.00, 5368061.00, 6235114.00, 16777215.00, 25, 1724
10, 5227072.00, 6366981.00, 8397989.00, 5582651.00, 6157829.00, 16777215.00, 25, 2087
11, 5187460.00, 6361334.00, 8398083.00, 5722125.00, 6134866.00, 16777215.00, 25, 2540
12, 5192400.00, 6372378.00, 8398015.00, 5716408.00, 5987297.00, 16777215.00, 25, 2812
13, 5206233.00, 6377961.00, 8397968.00, 5683673.00, 5849357.00, 16777215.00, 25, 3175
14, 5202393.00, 6376545.00, 8397976.00, 5728418.00, 6612277.00, 16777215.00, 25, 3447
15, 5205948.00, 6382589.00, 8398035.00, 5752653.00, 6246733.00, 16777215.00, 25, 3810
16, 5197577.00, 6374708.00, 8398088.00, 5739670.00, 6526290.00, 16777215.00, 25, 4173
17, 5190119.00, 6375760.00, 8397875.00, 5759274.00, 6107939.00, 16777215.00, 25, 4536
18, 5192296.00, 6379269.00, 8398031.00, 5758447.00, 5823852.00, 16777215.00, 25, 4899
19, 5194951.00, 6382124.00, 8398014.00, 5765010.00, 5411005.00, 16777215.00, 25, 5171
20, 5192888.00, 6380512.00, 8397947.00, 5772864.00, 4237323.00, 16777215.00, 25, 5444
21, 5183927.00, 6377218.00, 8398025.00, 5781989.00, 4012402.00, 16777215.00, 25, 5806
22, 5180577.00, 6372060.00, 8397929.00, 5791731.00, 3896863.00, 16777215.00, 25, 6079
23, 5178890.00, 6372924.00, 8397999.00, 5823706.00, 3827533.00, 16777215.00, 25, 6351
24, 5184860.00, 6375398.00, 8398085.00, 5840449.00, 4023353.00, 16777215.00, 25, 6714
25, 5184798.00, 6374817.00, 8398011.00, 5827407.00, 4228463.00, 16777215.00, 25, 6895
26, 5194394.00, 6387265.00, 8398097.00, 5811267.00, 4259089.00, 16777215.00, 25, 7077
27, 5189672.00, 6384141.00, 8538463.00, 5813547.00, 4341592.00, 16777215.00, 25, 7349
28, 5185519.00, 6380987.00, 8397989.00, 5808980.00, 4279895.00, 16777215.00, 25, 7531
29, 5182031.00, 6378384.00, 8397879.00, 5806751.00, 4329725.00, 16777215.00, 25, 7621
30, 5179583.00, 6375394.00, 8397966.00, 5805518.00, 3757097.00, 16777215.00, 25, 7712
31, 5171049.00, 6366889.00, 8398043.00, 5832262.00, 3883391.00, 16777215.00, 25, 7984
32, 5173581.00, 6379693.00, 8398041.00, 5821237.00, 5274401.00, 16777215.00, 25, 8256
33, 5173579.00, 6375113.00, 8397993.00, 5809679.00, 6147977.00, 16777215.00, 25, 8619
34, 5194036.00, 6394601.00, 8397973.00, 5838420.00, 6644092.00, 16777215.00, 25, 8982
35, 5205606.00, 6412509.00, 8398017.00, 5823230.00, 7844273.00, 16777215.00, 25, 9345
36, 5193503.00, 6389238.00, 8397987.00, 5774214.00, 7858968.00, 16777215.00, 25, 9708
37, 5176393.00, 6322089.00, 8398051.00, 5622401.00, 7877054.00, 16777215.00, 25, 10071
38, 5175343.00, 6297376.00, 8398047.00, 5544843.00, 7889909.00, 16777215.00, 25, 10252
39, 5186954.00, 6319795.00, 8398090.00, 5481044.00, 7928437.00, 16777215.00, 25, 10434
40, 5241400.00, 6377921.00, 8398012.00, 5616097.00, 7933614.00, 16777215.00, 25, 10797
41, 5243894.00, 6367879.00, 8398072.00, 5545069.00, 7922897.00, 16777215.00, 25, 10978
42, 5229950.00, 6349317.00, 8397918.00, 5482060.00, 7934200.00, 16777215.00, 25, 11160
43, 5216870.00, 6336295.00, 8397928.00, 5445236.00, 7927042.00, 16777215.00, 25, 11432
44, 5206403.00, 6321007.00, 8398060.00, 5429469.00, 7929332.00, 16777215.00, 25, 11613
BASELINE Time: 10:48:43
RECORDING Time: 10:48:45
1, 5215247.00, 6327682.00, 8398040.00, 5477409.00, 7973043.00, 16777215.00, 25, 0
2, 5221976.00, 6336314.00, 8398045.00, 5490293.00, 7974286.00, 16777215.00, 25, 0
3, 5223227.00, 6337525.00, 8397978.00, 5506684.00, 7983146.00, 16777215.00, 25, 272
4, 5227285.00, 6346495.00, 8397986.00, 5533264.00, 7985723.00, 16777215.00, 25, 544
5, 5219295.00, 6332121.00, 8397952.00, 5374262.00, 7969413.00, 16777215.00, 25, 907
6, 5196406.00, 6309689.00, 8398057.00, 5387420.00, 7977118.00, 16777215.00, 25, 1179
7, 5200525.00, 6335384.00, 8398018.00, 5558365.00, 7974460.00, 16777215.00, 25, 1361
8, 5193483.00, 6349206.00, 8398134.00, 5745000.00, 7975690.00, 16777215.00, 25, 1633
9, 5209417.00, 6367073.00, 8397893.00, 5772852.00, 7983588.00, 16777215.00, 25, 1905
10, 5215142.00, 6353734.00, 8398110.00, 5686871.00, 8041196.00, 16777215.00, 25, 2177
11, 5196996.00, 6311479.00, 8397962.00, 5672742.00, 8178125.00, 16777215.00, 25, 2450
12, 5239043.00, 6374332.00, 8398059.00, 5706711.00, 4347053.00, 16777215.00, 25, 2722
13, 5271344.00, 6400753.00, 8398011.00, 5746525.00, 136704.00, 16777215.00, 25, 3085
14, 5230961.00, 6382439.00, 8398022.00, 5808671.00, 333115.00, 16777215.00, 25, 3538
15, 5215768.00, 6366320.00, 8398058.00, 5871833.00, 223470.00, 16777215.00, 25, 3811
16, 5199184.00, 6346738.00, 8398112.00, 5861406.00, 103323.00, 16777215.00, 25, 3992
17, 5223355.00, 6327576.00, 8397992.00, 5556281.00, 0.00, 16777215.00, 25, 4264
18, 5289756.00, 6381541.00, 8398133.00, 5695719.00, 0.00, 16777215.00, 25, 4446
19, 5282205.00, 6366681.00, 8398114.00, 5684544.00, 0.00, 16777215.00, 25, 4627
20, 5264216.00, 6353770.00, 8398132.00, 5644790.00, 0.00, 16777215.00, 25, 4809
21, 5248902.00, 6349005.00, 8398017.00, 5617511.00, 0.00, 16777215.00, 25, 5081
22, 5246998.00, 6343529.00, 8397939.00, 5559627.00, 0.00, 16777215.00, 25, 5263
23, 5245024.00, 6343968.00, 8398088.00, 5566687.00, 0.00, 16777215.00, 25, 5444
24, 5222290.00, 6330855.00, 8398100.00, 5538873.00, 0.00, 16777215.00, 25, 5807
25, 5226866.00, 6334646.00, 8397977.00, 5492915.00, 0.00, 16777215.00, 25, 6079
26, 5232457.00, 6333057.00, 8398036.00, 5416726.00, 0.00, 16777215.00, 25, 6442
27, 5224143.00, 6329909.00, 8397953.00, 5414882.00, 0.00, 16777215.00, 25, 6805
28, 5222622.00, 6329136.00, 8398037.00, 5408781.00, 0.00, 16777215.00, 25, 7077
29, 5219010.00, 6325174.00, 8398050.00, 5407273.00, 0.00, 16777215.00, 25, 7349
30, 5222944.00, 6329682.00, 8398117.00, 5415142.00, 0.00, 16777215.00, 25, 7712
31, 5223414.00, 6329854.00, 8397997.00, 5411656.00, 0.00, 16777215.00, 25, 7984
32, 5217403.00, 6321167.00, 8398039.00, 5406149.00, 0.00, 16777215.00, 25, 8347
33, 5220860.00, 6330917.00, 8398050.00, 5415822.00, 0.00, 16777215.00, 25, 8620
34, 5216955.00, 6326459.00, 8397995.00, 5420082.00, 0.00, 16777215.00, 25, 8892
35, 5215116.00, 6327977.00, 8398025.00, 5440374.00, 0.00, 16777215.00, 25, 9164
36, 5220544.00, 6335400.00, 8398006.00, 5457287.00, 0.00, 16777215.00, 25, 9436
37, 5220627.00, 6336503.00, 8397938.00, 5463346.00, 0.00, 16777215.00, 25, 9708
38, 5216097.00, 6331196.00, 8398009.00, 5454858.00, 0.00, 16777215.00, 25, 9981
39, 5216890.00, 6331696.00, 8398053.00, 5458259.00, 0.00, 16777215.00, 25, 10253
40, 5218857.00, 6330030.00, 8398006.00, 5448859.00, 0.00, 16777215.00, 25, 10525
41, 5216825.00, 6330410.00, 8398032.00, 5448404.00, 0.00, 16777215.00, 25, 10797
42, 5236680.00, 6377572.00, 8398034.00, 5502773.00, 0.00, 16777215.00, 25, 11160
43, 5259259.00, 6404874.00, 8398067.00, 5556992.00, 0.00, 16777215.00, 25, 11342
44, 5264397.00, 6392229.00, 8398062.00, 5580406.00, 0.00, 16777215.00, 25, 11614
45, 5229515.00, 6354942.00, 8398012.00, 5563156.00, 0.00, 16777215.00, 25, 11977
46, 5227430.00, 6376967.00, 8397949.00, 5596143.00, 0.00, 16777215.00, 25, 12249
47, 5227092.00, 6377444.00, 8398166.00, 5599861.00, 0.00, 16777215.00, 25, 12612
48, 5234760.00, 6369802.00, 8398056.00, 5712324.00, 0.00, 16777215.00, 25, 12885
49, 5249218.00, 6414788.00, 8398079.00, 5769870.00, 4057582.00, 16777215.00, 25, 13248
50, 5230140.00, 6401754.00, 8398018.00, 5750078.00, 3917595.00, 16777215.00, 25, 13611
51, 5218431.00, 6357973.00, 8397948.00, 5666900.00, 3840101.00, 16777215.00, 25, 13974
52, 5198278.00, 6326783.00, 8398013.00, 5612657.00, 3823106.00, 16777215.00, 25, 14246
53, 5213656.00, 6362684.00, 8397980.00, 5658287.00, 3801759.00, 16777215.00, 25, 14518
54, 5232696.00, 6356085.00, 8398075.00, 5460047.00, 3769444.00, 16777215.00, 25, 14791
55, 5216201.00, 6349684.00, 8398006.00, 5511420.00, 3747855.00, 16777215.00, 25, 15063
56, 5227274.00, 6371865.00, 8397958.00, 5609848.00, 3716244.00, 16777215.00, 25, 15335
57, 5230265.00, 6368604.00, 8398115.00, 5604098.00, 3707349.00, 16777215.00, 25, 15607
58, 5214972.00, 6330222.00, 8398058.00, 5527611.00, 3687556.00, 16777215.00, 25, 15970
59, 5220877.00, 6344549.00, 8398149.00, 5551752.00, 3674547.00, 16777215.00, 25, 16243
RECORDING Time: 10:49:2
BASELINE Time: 10:49:4
1, 5234094.00, 6358639.00, 8397986.00, 5594022.00, 3655815.00, 16777215.00, 25, 0
2, 5238569.00, 6363566.00, 8397947.00, 5611221.00, 3647744.00, 16777215.00, 25, 0
3, 5242045.00, 6368685.00, 8398030.00, 5637832.00, 3644284.00, 16777215.00, 25, 272
4, 5241897.00, 6367691.00, 8398033.00, 5629757.00, 3634435.00, 16777215.00, 25, 544
5, 5241244.00, 6369563.00, 8397907.00, 5645189.00, 3631538.00, 16777215.00, 25, 816
6, 5243730.00, 6376124.00, 8398053.00, 5660929.00, 3634012.00, 16777215.00, 25, 1089
7, 5247218.00, 6380789.00, 8398037.00, 5649938.00, 3638428.00, 16777215.00, 25, 1361
8, 5250873.00, 6387771.00, 8398097.00, 5632425.00, 3615138.00, 16777215.00, 25, 1724
9, 5238384.00, 6371091.00, 8397950.00, 5519379.00, 3543116.00, 16777215.00, 25, 1996
10, 5230831.00, 6367854.00, 8397940.00, 5572165.00, 3493998.00, 16777215.00, 25, 2359
11, 5233374.00, 6379116.00, 8398042.00, 5553094.00, 3483797.00, 16777215.00, 25, 2722
12, 5229458.00, 6381210.00, 8398010.00, 5567480.00, 3479212.00, 16777215.00, 25, 2994
13, 5234970.00, 6389664.00, 8398008.00, 5599867.00, 3477028.00, 16777215.00, 25, 3266
14, 5241196.00, 6396350.00, 8398053.00, 5621587.00, 3495629.00, 16777215.00, 25, 3539
15, 5247881.00, 6391904.00, 8397935.00, 5620825.00, 3515709.00, 16777215.00, 25, 3720
16, 5231359.00, 6361772.00, 8398096.00, 5544302.00, 3480229.00, 16777215.00, 25, 3992
17, 5217263.00, 6343231.00, 8398015.00, 5549684.00, 3496462.00, 16777215.00, 25, 4355
BASELINE Time: 10:49:9
