Date: 27.3.2020 , In use by: Mena
Daytime: 10:49:48, Temperature: 25°C
ID, strain1, strain2, strain3, temp [°C], runtime [ms]
BASELINE Time: 10:50:22
1, 6140953.00, 6045647.00, 4254541.00, 25, 0
2, 6148583.00, 6055902.00, 4284968.00, 25, 0
3, 6151859.00, 6065084.00, 4293679.00, 25, 103
4, 6144088.00, 6073930.00, 4283543.00, 25, 206
5, 6126994.00, 6079944.00, 4253599.00, 25, 309
6, 6111913.00, 6068887.00, 4272188.00, 25, 412
7, 6104179.00, 6051316.00, 4279695.00, 25, 515
8, 6108613.00, 6044178.00, 4281241.00, 25, 617
9, 6110998.00, 6038001.00, 4308751.00, 25, 720
10, 6123125.00, 6023580.00, 4344892.00, 25, 823
11, 6137230.00, 5999561.00, 4383925.00, 25, 926
12, 6155347.00, 5980809.00, 4439853.00, 25, 1029
13, 6176760.00, 5983938.00, 4468792.00, 25, 1132
14, 6194554.00, 5994417.00, 4473647.00, 25, 1235
15, 6207158.00, 5993586.00, 4488972.00, 25, 1338
16, 6218149.00, 5985616.00, 4521144.00, 25, 1441
17, 6230333.00, 5982070.00, 4549069.00, 25, 1544
18, 6242147.00, 5980560.00, 4571229.00, 25, 1647
19, 6250609.00, 5976547.00, 4599349.00, 25, 1749
20, 6254689.00, 5980009.00, 4613643.00, 25, 1852
21, 6256238.00, 5987358.00, 4606694.00, 25, 1955
22, 6253583.00, 5998285.00, 4585157.00, 25, 2058
23, 6248831.00, 6009685.00, 4563907.00, 25, 2161
24, 6246373.00, 6017587.00, 4552350.00, 25, 2264
25, 6244773.00, 6026354.00, 4539028.00, 25, 2367
26, 6241285.00, 6033425.00, 4527836.00, 25, 2470
27, 6237212.00, 6038407.00, 4510860.00, 25, 2573
28, 6230935.00, 6060465.00, 4462822.00, 25, 2676
29, 6221203.00, 6076531.00, 4428295.00, 25, 2779
30, 6215307.00, 6079759.00, 4410918.00, 25, 2881
31, 6213157.00, 6080846.00, 4404037.00, 25, 2984
32, 6204089.00, 6092011.00, 4375007.00, 25, 3087
33, 6182701.00, 6112951.00, 4315173.00, 25, 3190
34, 6164038.00, 6131414.00, 4251640.00, 25, 3293
35, 6168521.00, 6142180.00, 4239714.00, 25, 3396
36, 6175923.00, 6132045.00, 4285650.00, 25, 3499
37, 6179352.00, 6111812.00, 4318481.00, 25, 3602
38, 6185852.00, 6096399.00, 4334384.00, 25, 3705
39, 6195080.00, 6096745.00, 4347340.00, 25, 3808
40, 6198415.00, 6098217.00, 4351185.00, 25, 3911
41, 6194789.00, 6089420.00, 4356687.00, 25, 4013
42, 6187951.00, 6079467.00, 4375276.00, 25, 4116
43, 6179199.00, 6095648.00, 4347792.00, 25, 4219
44, 6181096.00, 6102075.00, 4307289.00, 25, 4322
45, 6200210.00, 6080418.00, 4339278.00, 25, 4425
46, 6205824.00, 6071192.00, 4387898.00, 25, 4528
47, 6200642.00, 6066313.00, 4383574.00, 25, 4631
48, 6185938.00, 6064013.00, 4376421.00, 25, 4734
49, 6151727.00, 6061920.00, 4323234.00, 25, 4837
50, 6104631.00, 6034132.00, 4329357.00, 25, 4940
51, 6069157.00, 6017467.00, 4320004.00, 25, 5043
52, 6052905.00, 6012691.00, 4322426.00, 25, 5145
53, 6055211.00, 5995846.00, 4349471.00, 25, 5248
54, 6069647.00, 5979421.00, 4378543.00, 25, 5351
55, 6093955.00, 5980638.00, 4386720.00, 25, 5454
56, 6130252.00, 5998903.00, 4387991.00, 25, 5557
BASELINE Time: 10:50:28
RECORDING Time: 10:50:30
1, 6180788.00, 5956337.00, 4536559.00, 25, 0
2, 6179364.00, 5967206.00, 4500060.00, 25, 0
3, 6180872.00, 5980158.00, 4440265.00, 25, 102
4, 6174594.00, 5989126.00, 4403532.00, 25, 205
5, 6156464.00, 5974474.00, 4404421.00, 25, 308
6, 6131018.00, 5937260.00, 4561408.00, 25, 411
7, 6125585.00, 5906040.00, 4609479.00, 25, 514
8, 6145779.00, 5881780.00, 4649022.00, 25, 617
9, 6186343.00, 5886632.00, 4638660.00, 25, 720
10, 6218586.00, 5925515.00, 4583169.00, 25, 823
11, 6234758.00, 5974917.00, 4538685.00, 25, 926
12, 6239047.00, 6013061.00, 4537649.00, 25, 1029
13, 6239752.00, 6072684.00, 4485127.00, 25, 1132
14, 6249309.00, 6168730.00, 4395264.00, 25, 1234
15, 6236907.00, 6285202.00, 4248061.00, 25, 1337
16, 6270958.00, 6379845.00, 4128135.00, 25, 1440
17, 6299625.00, 6451250.00, 4041384.00, 25, 1543
18, 6281103.00, 6512289.00, 3920116.00, 25, 1646
19, 6281030.00, 6520030.00, 3833903.00, 25, 1749
20, 6263669.00, 6451459.00, 3940859.00, 25, 1852
21, 6228431.00, 6371241.00, 4061363.00, 25, 1955
22, 6199454.00, 6294093.00, 4193319.00, 25, 2058
23, 6193917.00, 6229537.00, 4319576.00, 25, 2161
24, 6231852.00, 6208358.00, 4403572.00, 25, 2263
25, 6277619.00, 6190962.00, 4492756.00, 25, 2366
26, 6285832.00, 6171724.00, 4547097.00, 25, 2469
27, 6275483.00, 6157436.00, 4560503.00, 25, 2572
28, 6269983.00, 6165998.00, 4540747.00, 25, 2675
29, 6269838.00, 6193268.00, 4498980.00, 25, 2778
30, 6251541.00, 6237883.00, 4424574.00, 25, 2881
31, 6187215.00, 6303539.00, 4256901.00, 25, 2984
32, 6091811.00, 6322883.00, 4060897.00, 25, 3087
33, 5980352.00, 6274604.00, 3938410.00, 25, 3190
34, 5860782.00, 6217816.00, 3730653.00, 25, 3293
35, 5734626.00, 6160549.00, 3615374.00, 25, 3395
36, 5662367.00, 6134107.00, 3475744.00, 25, 3498
37, 5675625.00, 6201215.00, 3339286.00, 25, 3601
38, 5729165.00, 6304563.00, 3314526.00, 25, 3704
39, 5799541.00, 6282623.00, 3543321.00, 25, 3807
40, 5819827.00, 6086431.00, 3947386.00, 25, 3910
41, 5765576.00, 5792226.00, 4465604.00, 25, 4013
42, 5681891.00, 5457317.00, 4940634.00, 25, 4116
43, 5630014.00, 5222197.00, 5226681.00, 25, 4219
44, 5606819.00, 5106632.00, 5342432.00, 25, 4322
45, 5592202.00, 5084056.00, 5333782.00, 25, 4425
46, 5583168.00, 5116313.00, 5292536.00, 25, 4527
47, 5573047.00, 5147320.00, 5243727.00, 25, 4630
48, 5564520.00, 5170402.00, 5117279.00, 25, 4733
49, 5561678.00, 5176564.00, 5104585.00, 25, 4836
50, 5561767.00, 5182176.00, 5096282.00, 25, 4939
51, 5568143.00, 5179160.00, 5113909.00, 25, 5042
52, 5576955.00, 5176277.00, 5133210.00, 25, 5145
53, 5583412.00, 5186009.00, 5124933.00, 25, 5248
54, 5589799.00, 5202911.00, 5102558.00, 25, 5351
55, 5595586.00, 5215112.00, 5090828.00, 25, 5454
56, 5595345.00, 5232657.00, 5065079.00, 25, 5557
57, 5593227.00, 5257371.00, 5020240.00, 25, 5660
58, 5595933.00, 5272298.00, 4998292.00, 25, 5762
59, 5596949.00, 5279296.00, 4985937.00, 25, 5865
60, 5606457.00, 5281292.00, 4985198.00, 25, 5968
61, 5617607.00, 5295770.00, 4983336.00, 25, 6071
62, 5623805.00, 5319612.00, 4912627.00, 25, 6174
63, 5628721.00, 5342943.00, 4883330.00, 25, 6277
64, 5630338.00, 5358479.00, 4864365.00, 25, 6380
65, 5633075.00, 5365145.00, 4866025.00, 25, 6483
66, 5637740.00, 5363478.00, 4880283.00, 25, 6586
67, 5640068.00, 5359254.00, 4887089.00, 25, 6689
68, 5639479.00, 5357040.00, 4890873.00, 25, 6792
69, 5635189.00, 5353718.00, 4892508.00, 25, 6894
70, 5632336.00, 5353904.00, 4881379.00, 25, 6997
71, 5633279.00, 5360493.00, 4871031.00, 25, 7100
72, 5632293.00, 5376354.00, 4860431.00, 25, 7203
73, 5629927.00, 5385345.00, 4832733.00, 25, 7306
74, 5629959.00, 5388992.00, 4824177.00, 25, 7409
75, 5628117.00, 5405523.00, 4814654.00, 25, 7512
76, 5629389.00, 5420383.00, 4779554.00, 25, 7615
77, 5633936.00, 5422089.00, 4766878.00, 25, 7718
78, 5636605.00, 5425682.00, 4760959.00, 25, 7821
79, 5637525.00, 5429385.00, 4755400.00, 25, 7924
80, 5638080.00, 5433612.00, 4749700.00, 25, 8026
81, 5634783.00, 5436977.00, 4744450.00, 25, 8129
82, 5629854.00, 5437302.00, 4742578.00, 25, 8232
83, 5625979.00, 5438783.00, 4735261.00, 25, 8335
84, 5631915.00, 5433743.00, 4744048.00, 25, 8438
85, 5642672.00, 5412217.00, 4790209.00, 25, 8541
86, 5644412.00, 5396059.00, 4824737.00, 25, 8644
87, 5642704.00, 5400671.00, 4818424.00, 25, 8747
88, 5645323.00, 5428334.00, 4769101.00, 25, 8850
89, 5659841.00, 5454345.00, 4718373.00, 25, 8953
90, 5676283.00, 5458725.00, 4711385.00, 25, 9056
91, 5680664.00, 5461495.00, 4683226.00, 25, 9158
92, 5688388.00, 5477646.00, 4650327.00, 25, 9261
93, 5693812.00, 5496016.00, 4643884.00, 25, 9364
94, 5695184.00, 5500362.00, 4648525.00, 25, 9467
95, 5680906.00, 5507423.00, 4635538.00, 25, 9570
96, 5679494.00, 5528993.00, 4590675.00, 25, 9673
97, 5683549.00, 5559375.00, 4561421.00, 25, 9776
98, 5676695.00, 5567603.00, 4556329.00, 25, 9879
99, 5694074.00, 5598718.00, 4534647.00, 25, 9982
100, 5744273.00, 5727124.00, 4497497.00, 25, 10085
101, 5818839.00, 5899068.00, 4380996.00, 25, 10188
102, 5867320.00, 5933587.00, 4324318.00, 25, 10290
103, 5896231.00, 5947659.00, 4327707.00, 25, 10393
104, 5903864.00, 5984432.00, 4290458.00, 25, 10496
105, 5929570.00, 6066801.00, 4051014.00, 25, 10599
106, 5928598.00, 6110384.00, 4005169.00, 25, 10702
107, 5915566.00, 6077720.00, 4024929.00, 25, 10805
108, 5904232.00, 6063043.00, 4031195.00, 25, 10908
109, 5882619.00, 6075878.00, 4006407.00, 25, 11011
110, 5864706.00, 6097157.00, 3986312.00, 25, 11114
111, 5872619.00, 6065080.00, 4068413.00, 25, 11217
112, 5902816.00, 5994233.00, 4214114.00, 25, 11320
113, 5925997.00, 5926550.00, 4344856.00, 25, 11422
114, 5929307.00, 5866185.00, 4436116.00, 25, 11525
115, 5921742.00, 5810907.00, 4476943.00, 25, 11628
116, 5918344.00, 5755154.00, 4505344.00, 25, 11731
117, 5919907.00, 5719880.00, 4523604.00, 25, 11834
118, 5913291.00, 5720351.00, 4505307.00, 25, 11937
119, 5900165.00, 5752822.00, 4373163.00, 25, 12040
120, 5878584.00, 5761669.00, 4336924.00, 25, 12143
121, 5853338.00, 5771827.00, 4255069.00, 25, 12246
122, 5849713.00, 5822175.00, 4185954.00, 25, 12349
123, 5865383.00, 5862876.00, 4198261.00, 25, 12452
124, 5890327.00, 5846347.00, 4267461.00, 25, 12554
RECORDING Time: 10:50:43
BASELINE Time: 10:50:44
1, 5836254.00, 5791111.00, 4023701.00, 25, 0
2, 5832819.00, 5793510.00, 3945538.00, 25, 0
3, 5821303.00, 5799049.00, 3926561.00, 25, 103
4, 5815547.00, 5801849.00, 3939226.00, 25, 205
5, 5825099.00, 5800614.00, 3942159.00, 25, 308
6, 5828774.00, 5795848.00, 3936125.00, 25, 411
7, 5821083.00, 5794759.00, 3935718.00, 25, 514
8, 5830170.00, 5793953.00, 3947674.00, 25, 617
9, 5848070.00, 5789775.00, 3963165.00, 25, 720
10, 5855728.00, 5767568.00, 3987434.00, 25, 823
11, 5853876.00, 5740160.00, 4010122.00, 25, 926
12, 5878574.00, 5736098.00, 4019186.00, 25, 1029
13, 5930775.00, 5765559.00, 4015721.00, 25, 1132
14, 5960927.00, 5805808.00, 3989619.00, 25, 1234
15, 5984382.00, 5855290.00, 3945956.00, 25, 1337
16, 6012365.00, 5911033.00, 3908754.00, 25, 1440
17, 6023769.00, 5943532.00, 3946619.00, 25, 1543
18, 6012226.00, 5985375.00, 4010744.00, 25, 1646
19, 6006943.00, 6026866.00, 4016818.00, 25, 1749
20, 5997985.00, 6059717.00, 3988064.00, 25, 1852
21, 5986757.00, 6095712.00, 3941604.00, 25, 1955
22, 5982510.00, 6142156.00, 3846713.00, 25, 2058
23, 5967549.00, 6197396.00, 3747357.00, 25, 2161
24, 5958761.00, 6206631.00, 3740302.00, 25, 2264
25, 5959515.00, 6169901.00, 3804085.00, 25, 2366
26, 5957620.00, 6124396.00, 3854175.00, 25, 2469
27, 5957199.00, 6119652.00, 3843704.00, 25, 2572
28, 5960125.00, 6122597.00, 3841374.00, 25, 2675
29, 5961950.00, 6115736.00, 3845717.00, 25, 2778
30, 5949397.00, 6116683.00, 3839065.00, 25, 2881
31, 5940869.00, 6118543.00, 3837363.00, 25, 2984
32, 5940156.00, 6122399.00, 3830055.00, 25, 3087
33, 5937900.00, 6135465.00, 3810340.00, 25, 3190
34, 5936422.00, 6150352.00, 3775276.00, 25, 3293
35, 5938533.00, 6146517.00, 3783914.00, 25, 3395
36, 5936572.00, 6133525.00, 3800582.00, 25, 3498
37, 5928001.00, 6124211.00, 3809299.00, 25, 3601
38, 5918500.00, 6107935.00, 3831338.00, 25, 3704
39, 5911864.00, 6088445.00, 3866687.00, 25, 3807
40, 5908178.00, 6080138.00, 3888309.00, 25, 3910
41, 5910452.00, 6078235.00, 3906648.00, 25, 4013
42, 5912241.00, 6081532.00, 3920780.00, 25, 4116
43, 5915033.00, 6089777.00, 3918100.00, 25, 4219
44, 5923970.00, 6104663.00, 3902959.00, 25, 4322
45, 5931258.00, 6124117.00, 3880235.00, 25, 4425
46, 5933388.00, 6137663.00, 3852423.00, 25, 4527
47, 5929026.00, 6146023.00, 3832970.00, 25, 4630
48, 5924580.00, 6149241.00, 3814838.00, 25, 4733
49, 5925336.00, 6141720.00, 3828874.00, 25, 4836
50, 5922855.00, 6134624.00, 3836768.00, 25, 4939
51, 5921307.00, 6128488.00, 3844352.00, 25, 5042
52, 5921802.00, 6124397.00, 3848101.00, 25, 5145
53, 5921069.00, 6119149.00, 3859534.00, 25, 5248
54, 5919070.00, 6108471.00, 3877117.00, 25, 5351
55, 5915544.00, 6101393.00, 3887532.00, 25, 5454
56, 5911371.00, 6097599.00, 3891148.00, 25, 5557
57, 5908316.00, 6095069.00, 3893265.00, 25, 5659
58, 5906862.00, 6091993.00, 3897908.00, 25, 5762
59, 5906561.00, 6086514.00, 3906712.00, 25, 5865
60, 5906627.00, 6080933.00, 3915670.00, 25, 5968
61, 5906432.00, 6080173.00, 3915824.00, 25, 6071
62, 5909480.00, 6089112.00, 3902525.00, 25, 6174
63, 5910302.00, 6094678.00, 3894528.00, 25, 6277
64, 5909164.00, 6108439.00, 3871859.00, 25, 6380
65, 5912805.00, 6119225.00, 3857784.00, 25, 6483
66, 5916076.00, 6121707.00, 3858026.00, 25, 6586
67, 5910403.00, 6116683.00, 3861631.00, 25, 6689
68, 5902751.00, 6115232.00, 3859915.00, 25, 6791
69, 5902762.00, 6116703.00, 3854140.00, 25, 6894
70, 5908285.00, 6106830.00, 3864119.00, 25, 6997
71, 5912951.00, 6102059.00, 3865103.00, 25, 7100
72, 5914229.00, 6093284.00, 3865837.00, 25, 7203
73, 5915174.00, 6076497.00, 3895588.00, 25, 7306
74, 5917074.00, 6083400.00, 3917293.00, 25, 7409
75, 5915468.00, 6103487.00, 3904001.00, 25, 7512
76, 5907150.00, 6087987.00, 3974492.00, 25, 7615
77, 5902105.00, 6039581.00, 4054818.00, 25, 7718
78, 5907520.00, 6004003.00, 4110286.00, 25, 7820
79, 5912701.00, 5986870.00, 4119162.00, 25, 7923
80, 5928559.00, 5959539.00, 4132411.00, 25, 8026
81, 5956946.00, 5893529.00, 4210139.00, 25, 8129
82, 5968569.00, 5808655.00, 4295083.00, 25, 8232
83, 5961637.00, 5738210.00, 4343583.00, 25, 8335
84, 5955970.00, 5689863.00, 4365108.00, 25, 8438
85, 5970859.00, 5662796.00, 4387592.00, 25, 8541
86, 5997506.00, 5640831.00, 4440505.00, 25, 8644
87, 6019590.00, 5642111.00, 4464687.00, 25, 8747
88, 6043487.00, 5672481.00, 4477225.00, 25, 8850
89, 6072459.00, 5683343.00, 4491263.00, 25, 8952
90, 6102005.00, 5680266.00, 4642367.00, 25, 9055
91, 6112980.00, 5683223.00, 4662595.00, 25, 9158
92, 6107910.00, 5678168.00, 4639730.00, 25, 9261
BASELINE Time: 10:50:54
RECORDING Time: 10:51:20
1, 6064830.00, 5959604.00, 3724953.00, 25, 0
2, 6061917.00, 5968205.00, 3698161.00, 25, 0
3, 6061751.00, 5971786.00, 3610156.00, 25, 103
4, 6067232.00, 5969635.00, 3518349.00, 25, 206
5, 6075161.00, 5961153.00, 3526956.00, 25, 309
6, 6077291.00, 5950698.00, 3554469.00, 25, 412
7, 6069058.00, 5944747.00, 3578459.00, 25, 515
8, 6066176.00, 5938874.00, 3640986.00, 25, 618
9, 6067725.00, 5926921.00, 3691280.00, 25, 721
10, 6063826.00, 5906343.00, 3730221.00, 25, 824
11, 6063169.00, 5886313.00, 3763237.00, 25, 927
12, 6070987.00, 5864956.00, 3865680.00, 25, 1030
13, 6080580.00, 5850142.00, 3897646.00, 25, 1132
14, 6091448.00, 5856848.00, 3883148.00, 25, 1235
15, 6103932.00, 5893793.00, 3835408.00, 25, 1338
16, 6116569.00, 5955184.00, 3702803.00, 25, 1441
17, 6122035.00, 6068190.00, 3492017.00, 25, 1544
18, 6105743.00, 6202300.00, 3361214.00, 25, 1647
19, 6085857.00, 6275882.00, 3396021.00, 25, 1750
20, 6046286.00, 6192071.00, 3497035.00, 25, 1853
21, 6002578.00, 6135402.00, 3581845.00, 25, 1956
22, 5969997.00, 6104809.00, 3617389.00, 25, 2059
23, 5963244.00, 6110154.00, 3609752.00, 25, 2161
24, 5977647.00, 6148117.00, 3554890.00, 25, 2264
25, 6005334.00, 6200463.00, 3471339.00, 25, 2367
26, 6033097.00, 6248119.00, 3332683.00, 25, 2470
27, 6049037.00, 6273474.00, 3311915.00, 25, 2573
28, 6056126.00, 6273611.00, 3319078.00, 25, 2676
29, 6058430.00, 6258662.00, 3348458.00, 25, 2779
30, 6053995.00, 6238948.00, 3388618.00, 25, 2882
31, 6043808.00, 6210199.00, 3434687.00, 25, 2985
32, 6031984.00, 6182225.00, 3469982.00, 25, 3088
33, 6022670.00, 6156510.00, 3502412.00, 25, 3190
34, 6012884.00, 6135603.00, 3526664.00, 25, 3293
35, 6004744.00, 6120103.00, 3541088.00, 25, 3396
36, 6000223.00, 6108893.00, 3551118.00, 25, 3499
37, 5997575.00, 6102152.00, 3558442.00, 25, 3602
38, 5996573.00, 6099253.00, 3561077.00, 25, 3705
39, 5998801.00, 6099786.00, 3560263.00, 25, 3808
40, 6002923.00, 6104084.00, 3545300.00, 25, 3911
41, 6007474.00, 6112199.00, 3534577.00, 25, 4014
42, 6012699.00, 6116415.00, 3538887.00, 25, 4117
43, 6016217.00, 6112369.00, 3548758.00, 25, 4220
44, 6020569.00, 6107153.00, 3559014.00, 25, 4322
45, 6024527.00, 6104659.00, 3564440.00, 25, 4425
46, 6024679.00, 6097289.00, 3572843.00, 25, 4528
47, 6017465.00, 6078151.00, 3588194.00, 25, 4631
48, 6014955.00, 6046106.00, 3611525.00, 25, 4734
49, 6023620.00, 6013263.00, 3644999.00, 25, 4837
50, 6037991.00, 5990888.00, 3669573.00, 25, 4940
51, 6059127.00, 5972579.00, 3709534.00, 25, 5043
52, 6070935.00, 5984875.00, 3738625.00, 25, 5146
53, 6085434.00, 6008678.00, 3717786.00, 25, 5249
54, 6107459.00, 6046405.00, 3672685.00, 25, 5351
55, 6117269.00, 6126242.00, 3599976.00, 25, 5454
56, 6120545.00, 6200935.00, 3553153.00, 25, 5557
57, 6132038.00, 6258552.00, 3496558.00, 25, 5660
58, 6152018.00, 6321984.00, 3409759.00, 25, 5763
59, 6164789.00, 6376375.00, 3319998.00, 25, 5866
60, 6167400.00, 6418961.00, 3235486.00, 25, 5969
61, 6158313.00, 6454426.00, 3165167.00, 25, 6072
62, 6156217.00, 6448977.00, 3170266.00, 25, 6175
63, 6133795.00, 6412287.00, 3241674.00, 25, 6278
64, 6092754.00, 6362247.00, 3312633.00, 25, 6380
65, 6068159.00, 6270985.00, 3449325.00, 25, 6483
66, 6067331.00, 6161136.00, 3639423.00, 25, 6586
67, 6072131.00, 6090508.00, 3772565.00, 25, 6689
68, 6078624.00, 6050247.00, 3908206.00, 25, 6792
69, 6127160.00, 6022416.00, 3952209.00, 25, 6895
70, 6175671.00, 6021547.00, 3943916.00, 25, 6998
71, 6162988.00, 6037922.00, 3866109.00, 25, 7101
72, 6139079.00, 6075400.00, 3823571.00, 25, 7204
73, 6116464.00, 6094763.00, 3822930.00, 25, 7307
74, 6033372.00, 6172219.00, 3633741.00, 25, 7410
75, 5897840.00, 6186934.00, 3370262.00, 25, 7512
76, 5772868.00, 6144693.00, 3192928.00, 25, 7615
77, 5689471.00, 6139364.00, 3063474.00, 25, 7718
78, 5696953.00, 6274909.00, 2878897.00, 25, 7821
79, 5769665.00, 6517078.00, 2575435.00, 25, 7924
80, 5856691.00, 6613932.00, 2343758.00, 25, 8027
81, 5889584.00, 6393536.00, 2497339.00, 25, 8130
82, 5824473.00, 6007103.00, 3500068.00, 25, 8233
83, 5735712.00, 5658398.00, 3989835.00, 25, 8336
84, 5654164.00, 5365918.00, 4341589.00, 25, 8439
85, 5603415.00, 5209453.00, 4473374.00, 25, 8541
86, 5576996.00, 5171956.00, 4470503.00, 25, 8644
87, 5559567.00, 5155880.00, 4497624.00, 25, 8747
88, 5551536.00, 5133525.00, 4543405.00, 25, 8850
89, 5567886.00, 5136891.00, 4569762.00, 25, 8953
90, 5616399.00, 5129946.00, 4659398.00, 25, 9056
91, 5651767.00, 5107343.00, 4748987.00, 25, 9159
92, 5658893.00, 5077978.00, 4806632.00, 25, 9262
93, 5646397.00, 5050120.00, 4825007.00, 25, 9365
94, 5631841.00, 5040556.00, 4781814.00, 25, 9468
95, 5630516.00, 5044007.00, 4695986.00, 25, 9571
96, 5642448.00, 5050154.00, 4612629.00, 25, 9673
97, 5648900.00, 5050412.00, 4561680.00, 25, 9776
98, 5640403.00, 5060704.00, 4501760.00, 25, 9879
99, 5625430.00, 5106726.00, 4447263.00, 25, 9982
100, 5613582.00, 5096272.00, 4455282.00, 25, 10085
101, 5602546.00, 5080061.00, 4488055.00, 25, 10188
102, 5600754.00, 5065237.00, 4528408.00, 25, 10291
103, 5601800.00, 5066455.00, 4537701.00, 25, 10394
104, 5604183.00, 5079198.00, 4510578.00, 25, 10497
105, 5613620.00, 5093867.00, 4485521.00, 25, 10600
106, 5618769.00, 5117989.00, 4446088.00, 25, 10703
107, 5615647.00, 5150462.00, 4386065.00, 25, 10805
108, 5610307.00, 5185735.00, 4319284.00, 25, 10908
109, 5607112.00, 5207503.00, 4265367.00, 25, 11011
110, 5605477.00, 5219162.00, 4239398.00, 25, 11114
111, 5604863.00, 5232010.00, 4194079.00, 25, 11217
112, 5603450.00, 5243929.00, 4176184.00, 25, 11320
113, 5605207.00, 5256857.00, 4161756.00, 25, 11423
114, 5609024.00, 5262121.00, 4158912.00, 25, 11526
115, 5610715.00, 5263632.00, 4148845.00, 25, 11629
116, 5615348.00, 5268520.00, 4139290.00, 25, 11732
117, 5623152.00, 5259851.00, 4158369.00, 25, 11834
118, 5627535.00, 5243883.00, 4180730.00, 25, 11937
119, 5626109.00, 5226902.00, 4201995.00, 25, 12040
120, 5613936.00, 5203812.00, 4221166.00, 25, 12143
121, 5599083.00, 5189014.00, 4231143.00, 25, 12246
122, 5600227.00, 5192889.00, 4239407.00, 25, 12349
123, 5616937.00, 5227323.00, 4229211.00, 25, 12452
124, 5645112.00, 5265378.00, 4209843.00, 25, 12555
125, 5659474.00, 5374034.00, 4069584.00, 25, 12658
126, 5673735.00, 5486835.00, 3915887.00, 25, 12761
127, 5672683.00, 5562538.00, 3837401.00, 25, 12863
128, 5667436.00, 5585365.00, 3842939.00, 25, 12966
129, 5678949.00, 5592375.00, 3851004.00, 25, 13069
130, 5680920.00, 5614500.00, 3814339.00, 25, 13172
131, 5697889.00, 5636523.00, 3783353.00, 25, 13275
132, 5722860.00, 5637397.00, 3780176.00, 25, 13378
133, 5751228.00, 5647832.00, 3772556.00, 25, 13481
134, 5841742.00, 5766180.00, 3731112.00, 25, 13584
135, 5911334.00, 5889414.00, 3676162.00, 25, 13687
136, 5912312.00, 5915306.00, 3651481.00, 25, 13790
137, 5878348.00, 5931673.00, 3595531.00, 25, 13892
138, 5880639.00, 5953533.00, 3525380.00, 25, 13995
139, 5944810.00, 5973637.00, 3584901.00, 25, 14098
140, 6005422.00, 5993828.00, 3636090.00, 25, 14201
141, 6047713.00, 6010047.00, 3679406.00, 25, 14304
142, 6072978.00, 6020350.00, 3719153.00, 25, 14407
143, 6101521.00, 6019372.00, 3768279.00, 25, 14510
144, 6136266.00, 6007809.00, 3820737.00, 25, 14613
145, 6137147.00, 5995844.00, 3840425.00, 25, 14716
146, 6125935.00, 5979406.00, 3855088.00, 25, 14819
147, 6124905.00, 5947248.00, 3871223.00, 25, 14921
148, 6120764.00, 5935913.00, 3830981.00, 25, 15024
149, 6116019.00, 5940143.00, 3774284.00, 25, 15127
150, 6130981.00, 5929316.00, 3763416.00, 25, 15230
151, 6136308.00, 5889783.00, 3810915.00, 25, 15333
152, 6109186.00, 5856213.00, 3848413.00, 25, 15436
153, 6061630.00, 5865754.00, 3783167.00, 25, 15539
154, 6022948.00, 5869718.00, 3739484.00, 25, 15642
155, 6004973.00, 5869925.00, 3714256.00, 25, 15745
156, 5990695.00, 5869588.00, 3703036.00, 25, 15848
157, 5973172.00, 5871097.00, 3686671.00, 25, 15950
158, 5957493.00, 5876821.00, 3664406.00, 25, 16053
159, 5943676.00, 5874860.00, 3656156.00, 25, 16156
160, 5932741.00, 5865501.00, 3658728.00, 25, 16259
161, 5924101.00, 5872149.00, 3640800.00, 25, 16362
162, 5915761.00, 5881523.00, 3616720.00, 25, 16465
RECORDING Time: 10:51:33
BASELINE Time: 10:51:34
1, 5950435.00, 5934711.00, 3663570.00, 25, 0
2, 5954410.00, 5942926.00, 3660083.00, 25, 0
3, 5957012.00, 5954870.00, 3634373.00, 25, 103
4, 5959340.00, 5947979.00, 3638901.00, 25, 206
5, 5962779.00, 5941085.00, 3654096.00, 25, 309
6, 5966521.00, 5940623.00, 3660529.00, 25, 412
7, 5951945.00, 5935238.00, 3630346.00, 25, 515
8, 5928247.00, 5921958.00, 3638710.00, 25, 618
9, 5915492.00, 5925806.00, 3622428.00, 25, 721
10, 5923991.00, 5950043.00, 3611095.00, 25, 823
11, 5940527.00, 5975596.00, 3603761.00, 25, 926
12, 5953111.00, 5986728.00, 3598927.00, 25, 1029
13, 5958617.00, 6000419.00, 3581961.00, 25, 1132
14, 5960450.00, 6023017.00, 3553055.00, 25, 1235
15, 5954306.00, 6014192.00, 3566345.00, 25, 1338
16, 5933433.00, 5986738.00, 3597972.00, 25, 1441
17, 5912666.00, 5959816.00, 3631583.00, 25, 1544
18, 5903334.00, 5924715.00, 3683763.00, 25, 1647
19, 5923636.00, 5901629.00, 3742227.00, 25, 1750
20, 5967263.00, 5910067.00, 3781935.00, 25, 1853
21, 6009003.00, 5936336.00, 3766537.00, 25, 1955
22, 6042086.00, 5979165.00, 3717067.00, 25, 2058
23, 6078919.00, 6021363.00, 3687769.00, 25, 2161
24, 6102280.00, 6057646.00, 3645143.00, 25, 2264
25, 6087504.00, 6121822.00, 3555332.00, 25, 2367
26, 6057965.00, 6196347.00, 3488319.00, 25, 2470
27, 6021469.00, 6246812.00, 3481265.00, 25, 2573
28, 5991753.00, 6250815.00, 3504098.00, 25, 2676
29, 5961383.00, 6207207.00, 3530489.00, 25, 2779
30, 5945967.00, 6173776.00, 3597521.00, 25, 2882
31, 5933517.00, 6166482.00, 3628139.00, 25, 2984
32, 5927904.00, 6184959.00, 3608486.00, 25, 3087
33, 5931267.00, 6192800.00, 3562124.00, 25, 3190
34, 5936914.00, 6163285.00, 3562165.00, 25, 3293
35, 5947758.00, 6133573.00, 3656484.00, 25, 3396
36, 5964982.00, 6124767.00, 3668342.00, 25, 3499
37, 5977821.00, 6134925.00, 3642013.00, 25, 3602
38, 5963084.00, 6159719.00, 3595521.00, 25, 3705
39, 5950242.00, 6177744.00, 3568044.00, 25, 3808
40, 5942758.00, 6180411.00, 3564234.00, 25, 3911
41, 5937304.00, 6174228.00, 3567813.00, 25, 4013
42, 5932683.00, 6167946.00, 3572372.00, 25, 4116
43, 5923014.00, 6169295.00, 3566684.00, 25, 4219
44, 5910006.00, 6164981.00, 3567734.00, 25, 4322
45, 5898538.00, 6157341.00, 3572709.00, 25, 4425
46, 5889063.00, 6147994.00, 3581671.00, 25, 4528
47, 5880346.00, 6129507.00, 3606933.00, 25, 4631
48, 5875739.00, 6111019.00, 3633063.00, 25, 4734
49, 5872250.00, 6093911.00, 3676150.00, 25, 4837
50, 5868673.00, 6085985.00, 3674150.00, 25, 4940
51, 5864198.00, 6086283.00, 3674563.00, 25, 5042
52, 5860418.00, 6083280.00, 3682694.00, 25, 5145
53, 5858761.00, 6076900.00, 3687131.00, 25, 5248
54, 5857513.00, 6072592.00, 3690032.00, 25, 5351
55, 5861368.00, 6067007.00, 3697321.00, 25, 5454
56, 5864958.00, 6050317.00, 3710926.00, 25, 5557
57, 5864817.00, 6047694.00, 3719257.00, 25, 5660
58, 5865080.00, 6050744.00, 3714292.00, 25, 5763
59, 5867401.00, 6057963.00, 3704981.00, 25, 5866
60, 5870247.00, 6066901.00, 3693484.00, 25, 5969
61, 5872505.00, 6071118.00, 3681711.00, 25, 6071
62, 5873479.00, 6067718.00, 3682361.00, 25, 6174
63, 5873857.00, 6062708.00, 3694595.00, 25, 6277
64, 5873567.00, 6059516.00, 3695630.00, 25, 6380
65, 5875692.00, 6062377.00, 3686780.00, 25, 6483
66, 5877805.00, 6069512.00, 3674856.00, 25, 6586
67, 5876374.00, 6079282.00, 3657026.00, 25, 6689
68, 5873892.00, 6093443.00, 3634519.00, 25, 6792
69, 5871349.00, 6101152.00, 3623112.00, 25, 6895
70, 5870273.00, 6101893.00, 3620200.00, 25, 6998
71, 5868605.00, 6098494.00, 3626443.00, 25, 7100
72, 5861801.00, 6092501.00, 3635543.00, 25, 7203
73, 5852870.00, 6087236.00, 3639662.00, 25, 7306
74, 5853976.00, 6082425.00, 3643363.00, 25, 7409
75, 5864893.00, 6077940.00, 3653594.00, 25, 7512
76, 5875181.00, 6077696.00, 3660857.00, 25, 7615
77, 5882835.00, 6077840.00, 3667075.00, 25, 7718
78, 5884865.00, 6079959.00, 3655900.00, 25, 7821
79, 5886303.00, 6086216.00, 3633788.00, 25, 7924
80, 5891290.00, 6096300.00, 3611461.00, 25, 8027
81, 5896389.00, 6103931.00, 3614220.00, 25, 8129
82, 5901594.00, 6100633.00, 3626810.00, 25, 8232
83, 5904384.00, 6095860.00, 3646584.00, 25, 8335
84, 5911715.00, 6092168.00, 3674094.00, 25, 8438
85, 5921582.00, 6091432.00, 3690845.00, 25, 8541
86, 5935763.00, 6088827.00, 3700026.00, 25, 8644
87, 5951235.00, 6077428.00, 3710566.00, 25, 8747
88, 5956879.00, 6042965.00, 3729127.00, 25, 8850
89, 5975223.00, 5988883.00, 3774300.00, 25, 8953
90, 6012766.00, 5932414.00, 3862182.00, 25, 9055
91, 6040273.00, 5883473.00, 3952374.00, 25, 9158
92, 6033510.00, 5850397.00, 4047596.00, 25, 9261
93, 6016127.00, 5844854.00, 4021275.00, 25, 9364
94, 6009206.00, 5835219.00, 4013751.00, 25, 9467
95, 6008539.00, 5811480.00, 4019461.00, 25, 9570
96, 6012591.00, 5801147.00, 4012069.00, 25, 9673
97, 6014567.00, 5799611.00, 4006048.00, 25, 9776
98, 6011099.00, 5814758.00, 3969011.00, 25, 9879
99, 6032173.00, 5820160.00, 3982521.00, 25, 9982
100, 6078044.00, 5810741.00, 4062737.00, 25, 10085
101, 6111435.00, 5815975.00, 4132011.00, 25, 10187
102, 6134098.00, 5819153.00, 4184808.00, 25, 10290
103, 6145677.00, 5827653.00, 4214114.00, 25, 10393
104, 6149566.00, 5839458.00, 4217197.00, 25, 10496
105, 6156328.00, 5852489.00, 4208061.00, 25, 10599
106, 6165655.00, 5854360.00, 4245320.00, 25, 10702
107, 6180859.00, 5844877.00, 4249446.00, 25, 10805
108, 6204628.00, 5843286.00, 4180221.00, 25, 10908
BASELINE Time: 10:51:45
RECORDING Time: 10:51:46
1, 6129435.00, 5960709.00, 3747678.00, 25, 0
2, 6125508.00, 5962306.00, 3719527.00, 25, 0
3, 6127355.00, 5962973.00, 3718938.00, 25, 103
4, 6131125.00, 5964588.00, 3724379.00, 25, 206
5, 6133796.00, 5969580.00, 3725434.00, 25, 309
6, 6137128.00, 5971463.00, 3731766.00, 25, 412
7, 6134348.00, 5955580.00, 3765068.00, 25, 515
8, 6119002.00, 5932360.00, 3799946.00, 25, 618
9, 6118284.00, 5916869.00, 3849476.00, 25, 721
10, 6122479.00, 5917785.00, 3866883.00, 25, 823
11, 6121956.00, 5934514.00, 3828025.00, 25, 926
12, 6119788.00, 5947915.00, 3827018.00, 25, 1029
13, 6122915.00, 5950162.00, 3839381.00, 25, 1132
14, 6127506.00, 5967942.00, 3828711.00, 25, 1235
15, 6124075.00, 6002519.00, 3785068.00, 25, 1338
16, 6116078.00, 6013729.00, 3780677.00, 25, 1441
17, 6116744.00, 6037068.00, 3814206.00, 25, 1544
18, 6126022.00, 6190833.00, 3662635.00, 25, 1647
19, 6140042.00, 6378121.00, 3440678.00, 25, 1750
20, 6121309.00, 6490892.00, 3249119.00, 25, 1853
21, 6128529.00, 6530715.00, 3138994.00, 25, 1955
22, 6119437.00, 6549056.00, 3101640.00, 25, 2058
23, 6069912.00, 6535912.00, 3085960.00, 25, 2161
24, 6033172.00, 6506271.00, 3059592.00, 25, 2264
25, 6016609.00, 6486423.00, 3049196.00, 25, 2367
26, 5988813.00, 6453523.00, 3086505.00, 25, 2470
27, 5979240.00, 6400389.00, 3147090.00, 25, 2573
28, 5990029.00, 6352613.00, 3198139.00, 25, 2676
29, 5974513.00, 6336321.00, 3183042.00, 25, 2779
30, 5943791.00, 6328881.00, 3163747.00, 25, 2882
31, 5931404.00, 6302792.00, 3203657.00, 25, 2985
32, 5921954.00, 6262104.00, 3282374.00, 25, 3087
33, 5909364.00, 6221165.00, 3346854.00, 25, 3190
34, 5897652.00, 6193749.00, 3385270.00, 25, 3293
35, 5886704.00, 6188500.00, 3408605.00, 25, 3396
36, 5887830.00, 6172963.00, 3445380.00, 25, 3499
37, 5877902.00, 6164261.00, 3465206.00, 25, 3602
38, 5844606.00, 6136394.00, 3492321.00, 25, 3705
39, 5780829.00, 6103315.00, 3555271.00, 25, 3808
40, 5726968.00, 6093107.00, 3587385.00, 25, 3911
41, 5670722.00, 6081706.00, 3510884.00, 25, 4014
42, 5589993.00, 6022061.00, 3454789.00, 25, 4116
43, 5494785.00, 5951866.00, 3427893.00, 25, 4219
44, 5417249.00, 5924111.00, 3333240.00, 25, 4322
45, 5345998.00, 5920371.00, 3198452.00, 25, 4425
46, 5289033.00, 5927999.00, 3060006.00, 25, 4528
47, 5234267.00, 5930600.00, 2961344.00, 25, 4631
48, 5176319.00, 5916749.00, 2919502.00, 25, 4734
49, 5143384.00, 5910542.00, 2895887.00, 25, 4837
50, 5135128.00, 5926138.00, 2859084.00, 25, 4940
51, 5133170.00, 5951789.00, 2803779.00, 25, 5043
52, 5134456.00, 5967500.00, 2779210.00, 25, 5145
53, 5136472.00, 5973603.00, 2791196.00, 25, 5248
54, 5133165.00, 5974200.00, 2806802.00, 25, 5351
55, 5139402.00, 5971547.00, 2821698.00, 25, 5454
56, 5176406.00, 5966523.00, 2844385.00, 25, 5557
57, 5275559.00, 5983932.00, 2828000.00, 25, 5660
58, 5334442.00, 6015390.00, 2789481.00, 25, 5763
59, 5331760.00, 6038748.00, 2726797.00, 25, 5866
60, 5379185.00, 6071025.00, 2745192.00, 25, 5969
61, 5445309.00, 6049086.00, 2903167.00, 25, 6071
62, 5503010.00, 5941973.00, 3104487.00, 25, 6174
63, 5551592.00, 5840416.00, 3260976.00, 25, 6277
64, 5615241.00, 5792464.00, 3366037.00, 25, 6380
65, 5702584.00, 5854768.00, 3431836.00, 25, 6483
66, 5775848.00, 5858535.00, 3486756.00, 25, 6586
67, 5775912.00, 5683909.00, 3619158.00, 25, 6689
68, 5751987.00, 5436234.00, 4285875.00, 25, 6792
69, 5728875.00, 5288537.00, 4469935.00, 25, 6895
70, 5700753.00, 5231972.00, 4525892.00, 25, 6998
71, 5673055.00, 5192339.00, 4563620.00, 25, 7100
72, 5652255.00, 5164341.00, 4582628.00, 25, 7203
73, 5634698.00, 5150925.00, 4589514.00, 25, 7306
74, 5621002.00, 5160673.00, 4566594.00, 25, 7409
75, 5622973.00, 5151468.00, 4600768.00, 25, 7512
76, 5627437.00, 5127944.00, 4680967.00, 25, 7615
77, 5619322.00, 5139698.00, 4672634.00, 25, 7718
78, 5617654.00, 5150813.00, 4642206.00, 25, 7821
79, 5629614.00, 5134976.00, 4674263.00, 25, 7924
80, 5625727.00, 5124741.00, 4699307.00, 25, 8027
81, 5623117.00, 5109469.00, 4691405.00, 25, 8129
82, 5626958.00, 5073014.00, 4688609.00, 25, 8232
83, 5630556.00, 5057990.00, 4619139.00, 25, 8335
84, 5633065.00, 5076303.00, 4567071.00, 25, 8438
85, 5633033.00, 5098925.00, 4519511.00, 25, 8541
86, 5629573.00, 5122148.00, 4466907.00, 25, 8644
87, 5613847.00, 5146599.00, 4415247.00, 25, 8747
88, 5584497.00, 5162935.00, 4377749.00, 25, 8850
89, 5557405.00, 5172048.00, 4342507.00, 25, 8953
90, 5535014.00, 5178670.00, 4308941.00, 25, 9055
91, 5521888.00, 5212719.00, 4261642.00, 25, 9158
92, 5520920.00, 5232023.00, 4218775.00, 25, 9261
93, 5528274.00, 5251821.00, 4185372.00, 25, 9364
94, 5541428.00, 5264138.00, 4161034.00, 25, 9467
95, 5549838.00, 5272811.00, 4155708.00, 25, 9570
96, 5546077.00, 5275990.00, 4148410.00, 25, 9673
97, 5540012.00, 5261632.00, 4176076.00, 25, 9776
98, 5541258.00, 5238537.00, 4218933.00, 25, 9879
99, 5545880.00, 5225394.00, 4243441.00, 25, 9982
100, 5551930.00, 5218312.00, 4259090.00, 25, 10084
101, 5560849.00, 5207093.00, 4281522.00, 25, 10187
102, 5570431.00, 5193859.00, 4303876.00, 25, 10290
103, 5573232.00, 5195065.00, 4301379.00, 25, 10393
104, 5569222.00, 5208564.00, 4281879.00, 25, 10496
105, 5562059.00, 5223443.00, 4263027.00, 25, 10599
106, 5560234.00, 5236563.00, 4231348.00, 25, 10702
107, 5570032.00, 5245743.00, 4184844.00, 25, 10805
108, 5576220.00, 5254136.00, 4181862.00, 25, 10908
109, 5585530.00, 5277653.00, 4198894.00, 25, 11011
110, 5614694.00, 5319313.00, 4181354.00, 25, 11113
111, 5647652.00, 5413322.00, 3952139.00, 25, 11216
112, 5655988.00, 5532596.00, 3840610.00, 25, 11319
113, 5681626.00, 5611766.00, 3779287.00, 25, 11422
114, 5698287.00, 5662197.00, 3790134.00, 25, 11525
115, 5694868.00, 5654495.00, 3816138.00, 25, 11628
116, 5688843.00, 5639681.00, 3827500.00, 25, 11731
117, 5696386.00, 5644046.00, 3815618.00, 25, 11834
118, 5740290.00, 5736831.00, 3759987.00, 25, 11937
119, 5834678.00, 5914071.00, 3636462.00, 25, 12039
120, 5866960.00, 5993430.00, 3545505.00, 25, 12142
121, 5844067.00, 5996241.00, 3522937.00, 25, 12245
122, 5827114.00, 6005882.00, 3482998.00, 25, 12348
123, 5808220.00, 6028670.00, 3443827.00, 25, 12451
124, 5807803.00, 6036878.00, 3431805.00, 25, 12554
125, 5845818.00, 6043577.00, 3460971.00, 25, 12657
126, 5873671.00, 6056226.00, 3462505.00, 25, 12760
127, 5889863.00, 6059242.00, 3479846.00, 25, 12863
128, 5920394.00, 6059857.00, 3522782.00, 25, 12966
129, 5940643.00, 6058978.00, 3561561.00, 25, 13068
130, 5938922.00, 6056647.00, 3582688.00, 25, 13171
131, 5922506.00, 6053072.00, 3597295.00, 25, 13274
132, 5916076.00, 6030809.00, 3630066.00, 25, 13377
133, 5928135.00, 6002971.00, 3648940.00, 25, 13480
134, 5934199.00, 5996312.00, 3628228.00, 25, 13583
135, 5910101.00, 5978937.00, 3628581.00, 25, 13686
136, 5883587.00, 5937463.00, 3674962.00, 25, 13789
137, 5881929.00, 5897185.00, 3732783.00, 25, 13892
138, 5898200.00, 5885192.00, 3762563.00, 25, 13995
139, 5910971.00, 5907703.00, 3648004.00, 25, 14097
140, 5906257.00, 5931764.00, 3649195.00, 25, 14200
141, 5889486.00, 5928472.00, 3711727.00, 25, 14303
142, 5860578.00, 5898623.00, 3772749.00, 25, 14406
143, 5829260.00, 5848535.00, 3806172.00, 25, 14509
144, 5816326.00, 5811086.00, 3806081.00, 25, 14612
145, 5821337.00, 5833659.00, 3772406.00, 25, 14715
146, 5836096.00, 5850205.00, 3746974.00, 25, 14818
147, 5855453.00, 5866062.00, 3740203.00, 25, 14921
148, 5876212.00, 5872551.00, 3725742.00, 25, 15024
149, 5887358.00, 5856841.00, 3742193.00, 25, 15126
150, 5874109.00, 5843606.00, 3761457.00, 25, 15229
151, 5867101.00, 5842603.00, 3726012.00, 25, 15332
152, 5870535.00, 5845906.00, 3704679.00, 25, 15435
153, 5864901.00, 5849632.00, 3668560.00, 25, 15538
154, 5856474.00, 5848926.00, 3667558.00, 25, 15641
155, 5856668.00, 5854038.00, 3662046.00, 25, 15744
156, 5856662.00, 5862632.00, 3643174.00, 25, 15847
157, 5857139.00, 5867228.00, 3617138.00, 25, 15950
158, 5850197.00, 5874059.00, 3559584.00, 25, 16053
159, 5858528.00, 5883229.00, 3531477.00, 25, 16155
160, 5877367.00, 5890981.00, 3534232.00, 25, 16258
161, 5898586.00, 5896218.00, 3553794.00, 25, 16361
162, 5908322.00, 5897742.00, 3571080.00, 25, 16464
163, 5913909.00, 5893830.00, 3585510.00, 25, 16567
164, 5922519.00, 5893389.00, 3590955.00, 25, 16670
165, 5926748.00, 5909579.00, 3561961.00, 25, 16773
166, 5924500.00, 5925464.00, 3535824.00, 25, 16876
167, 5925706.00, 5929464.00, 3523748.00, 25, 16979
168, 5928056.00, 5934711.00, 3520198.00, 25, 17082
169, 5928241.00, 5935714.00, 3543134.00, 25, 17184
170, 5926247.00, 5917301.00, 3562087.00, 25, 17287
171, 5921961.00, 5914696.00, 3564132.00, 25, 17390
172, 5916143.00, 5910633.00, 3565985.00, 25, 17493
173, 5914732.00, 5911060.00, 3570823.00, 25, 17596
RECORDING Time: 10:52:4
BASELINE Time: 10:52:8
1, 5879931.00, 6015728.00, 3053319.00, 25, 0
2, 5886786.00, 6031379.00, 3017617.00, 25, 0
3, 5906549.00, 6039143.00, 2976498.00, 25, 103
4, 5930756.00, 6030061.00, 2935843.00, 25, 206
5, 5945899.00, 6010681.00, 2996788.00, 25, 309
6, 5955853.00, 5993765.00, 3009779.00, 25, 412
7, 5965962.00, 5978831.00, 2989418.00, 25, 515
8, 5966861.00, 5968255.00, 2987759.00, 25, 618
9, 5962462.00, 5962023.00, 2996033.00, 25, 721
10, 5973662.00, 5955660.00, 3026869.00, 25, 824
11, 5976611.00, 5948711.00, 3061374.00, 25, 926
12, 5963959.00, 5943520.00, 3105979.00, 25, 1029
13, 5955975.00, 5953861.00, 3137352.00, 25, 1132
14, 5949663.00, 5965553.00, 3084290.00, 25, 1235
15, 5946604.00, 5973033.00, 3069192.00, 25, 1338
16, 5941316.00, 5973147.00, 3068328.00, 25, 1441
17, 5930485.00, 5968045.00, 3069911.00, 25, 1544
18, 5929862.00, 5969161.00, 3067911.00, 25, 1647
19, 5940774.00, 5980467.00, 3055318.00, 25, 1750
20, 5956799.00, 6010032.00, 3016396.00, 25, 1853
21, 5994881.00, 6044923.00, 2988623.00, 25, 1955
22, 6023474.00, 6074816.00, 3017534.00, 25, 2058
23, 6022084.00, 6101172.00, 3057560.00, 25, 2161
24, 6017280.00, 6119780.00, 3122788.00, 25, 2264
25, 5991716.00, 6165536.00, 3136449.00, 25, 2367
26, 5961967.00, 6203372.00, 3098686.00, 25, 2470
27, 5937937.00, 6227367.00, 3047665.00, 25, 2573
28, 5917300.00, 6198151.00, 3130307.00, 25, 2676
29, 5909135.00, 6146377.00, 3168446.00, 25, 2779
30, 5903772.00, 6111293.00, 3189955.00, 25, 2882
31, 5903691.00, 6094199.00, 3167659.00, 25, 2984
32, 5902262.00, 6102138.00, 3118245.00, 25, 3087
33, 5896049.00, 6119997.00, 3067674.00, 25, 3190
34, 5876339.00, 6150036.00, 3024175.00, 25, 3293
35, 5867243.00, 6175031.00, 2970578.00, 25, 3396
36, 5862114.00, 6224871.00, 2877565.00, 25, 3499
37, 5865405.00, 6255979.00, 2813586.00, 25, 3602
38, 5866101.00, 6265823.00, 2778567.00, 25, 3705
39, 5850480.00, 6287686.00, 2760718.00, 25, 3808
40, 5825331.00, 6261590.00, 2763022.00, 25, 3911
41, 5812837.00, 6211172.00, 2800365.00, 25, 4013
42, 5812882.00, 6166285.00, 2926378.00, 25, 4116
43, 5801316.00, 6153224.00, 2934482.00, 25, 4219
44, 5799684.00, 6139808.00, 2957716.00, 25, 4322
45, 5798810.00, 6130694.00, 2962515.00, 25, 4425
46, 5796212.00, 6131858.00, 2950222.00, 25, 4528
47, 5794665.00, 6131010.00, 2944392.00, 25, 4631
48, 5790858.00, 6132019.00, 2936353.00, 25, 4734
49, 5788180.00, 6132027.00, 2932991.00, 25, 4837
50, 5789107.00, 6130310.00, 2935502.00, 25, 4939
51, 5790997.00, 6131787.00, 2935702.00, 25, 5042
52, 5788816.00, 6140586.00, 2926441.00, 25, 5145
53, 5785249.00, 6150974.00, 2907479.00, 25, 5248
54, 5790540.00, 6154406.00, 2898038.00, 25, 5351
55, 5794149.00, 6150263.00, 2906682.00, 25, 5454
56, 5796220.00, 6138602.00, 2922494.00, 25, 5557
57, 5798383.00, 6120628.00, 2970754.00, 25, 5660
58, 5799286.00, 6110827.00, 2977403.00, 25, 5763
59, 5799366.00, 6108135.00, 2985407.00, 25, 5866
60, 5801658.00, 6104370.00, 2984809.00, 25, 5968
61, 5802670.00, 6108823.00, 2972538.00, 25, 6071
62, 5801525.00, 6113178.00, 2970727.00, 25, 6174
63, 5798682.00, 6115286.00, 2956159.00, 25, 6277
64, 5796242.00, 6127554.00, 2931536.00, 25, 6380
65, 5794488.00, 6142484.00, 2908775.00, 25, 6483
66, 5792692.00, 6153757.00, 2903149.00, 25, 6586
67, 5792418.00, 6157994.00, 2901837.00, 25, 6689
68, 5797606.00, 6165635.00, 2892285.00, 25, 6792
69, 5801800.00, 6169699.00, 2883287.00, 25, 6894
70, 5810671.00, 6166437.00, 2881827.00, 25, 6997
71, 5813216.00, 6156937.00, 2907267.00, 25, 7100
72, 5812645.00, 6143805.00, 2927300.00, 25, 7203
73, 5812997.00, 6134420.00, 2942795.00, 25, 7306
74, 5811514.00, 6127977.00, 2954523.00, 25, 7409
75, 5811471.00, 6119196.00, 2967278.00, 25, 7512
76, 5815149.00, 6115406.00, 2970425.00, 25, 7615
77, 5818481.00, 6118270.00, 2966402.00, 25, 7718
78, 5812973.00, 6120694.00, 2959075.00, 25, 7821
79, 5805276.00, 6117331.00, 2959435.00, 25, 7923
80, 5798917.00, 6109140.00, 2971601.00, 25, 8026
81, 5794740.00, 6119802.00, 2957857.00, 25, 8129
82, 5792041.00, 6134028.00, 2935225.00, 25, 8232
83, 5790627.00, 6146323.00, 2919160.00, 25, 8335
84, 5793122.00, 6166750.00, 2891422.00, 25, 8438
85, 5795456.00, 6179298.00, 2855491.00, 25, 8541
86, 5794744.00, 6184737.00, 2856992.00, 25, 8644
87, 5796762.00, 6178561.00, 2876499.00, 25, 8747
88, 5798056.00, 6168149.00, 2889004.00, 25, 8850
89, 5801074.00, 6161954.00, 2895397.00, 25, 8952
90, 5804359.00, 6158506.00, 2899312.00, 25, 9055
91, 5807982.00, 6161049.00, 2887479.00, 25, 9158
92, 5812828.00, 6188653.00, 2868831.00, 25, 9261
93, 5816913.00, 6204489.00, 2848197.00, 25, 9364
94, 5824053.00, 6217891.00, 2824639.00, 25, 9467
95, 5829001.00, 6227364.00, 2811318.00, 25, 9570
96, 5832670.00, 6221077.00, 2804430.00, 25, 9673
97, 5836223.00, 6192713.00, 2836457.00, 25, 9776
98, 5833270.00, 6171409.00, 2889652.00, 25, 9879
99, 5832004.00, 6159455.00, 2929339.00, 25, 9981
100, 5827910.00, 6144228.00, 2949406.00, 25, 10084
101, 5827277.00, 6130659.00, 2966754.00, 25, 10187
102, 5826837.00, 6126209.00, 2968442.00, 25, 10290
103, 5823185.00, 6127155.00, 2963576.00, 25, 10393
104, 5813514.00, 6128555.00, 2959309.00, 25, 10496
105, 5805731.00, 6120967.00, 2969099.00, 25, 10599
106, 5798328.00, 6121077.00, 2965568.00, 25, 10702
107, 5793880.00, 6134884.00, 2944074.00, 25, 10805
108, 5786466.00, 6150132.00, 2925267.00, 25, 10907
109, 5775876.00, 6152048.00, 2919926.00, 25, 11010
110, 5771537.00, 6152107.00, 2913307.00, 25, 11113
111, 5767106.00, 6149469.00, 2915364.00, 25, 11216
112, 5763663.00, 6142652.00, 2923282.00, 25, 11319
113, 5761135.00, 6114609.00, 2983743.00, 25, 11422
114, 5754941.00, 6096304.00, 3007188.00, 25, 11525
115, 5761477.00, 6078705.00, 3041092.00, 25, 11628
116, 5772456.00, 6060699.00, 3064246.00, 25, 11731
117, 5768295.00, 6046629.00, 3068323.00, 25, 11834
118, 5757873.00, 6042514.00, 3064123.00, 25, 11936
119, 5743675.00, 6028141.00, 3073765.00, 25, 12039
120, 5722498.00, 6009212.00, 3092262.00, 25, 12142
121, 5716744.00, 5988223.00, 3108543.00, 25, 12245
122, 5726468.00, 5972404.00, 3135626.00, 25, 12348
123, 5728262.00, 5984892.00, 3125426.00, 25, 12451
124, 5721767.00, 5997405.00, 3091812.00, 25, 12554
125, 5713140.00, 6000202.00, 3084451.00, 25, 12657
126, 5709007.00, 6009064.00, 3076594.00, 25, 12760
127, 5711418.00, 6016889.00, 3062571.00, 25, 12862
128, 5728231.00, 6023400.00, 3040858.00, 25, 12965
129, 5752995.00, 6025929.00, 3048211.00, 25, 13068
130, 5768897.00, 6024978.00, 3061612.00, 25, 13171
131, 5783132.00, 6020689.00, 3075781.00, 25, 13274
132, 5796893.00, 6016718.00, 3095189.00, 25, 13377
133, 5807471.00, 6011247.00, 3122037.00, 25, 13480
134, 5815392.00, 6012542.00, 3144538.00, 25, 13583
135, 5823617.00, 6011744.00, 3159848.00, 25, 13686
136, 5831047.00, 6012058.00, 3161003.00, 25, 13789
137, 5836997.00, 6003215.00, 3184035.00, 25, 13891
138, 5845424.00, 5997110.00, 3210645.00, 25, 13994
139, 5856104.00, 5996054.00, 3236704.00, 25, 14097
140, 5871959.00, 5995757.00, 3243540.00, 25, 14200
141, 5897916.00, 6001500.00, 3207318.00, 25, 14303
142, 5937285.00, 5992697.00, 3262116.00, 25, 14406
143, 5965571.00, 5942825.00, 3339053.00, 25, 14509
144, 5973466.00, 5898245.00, 3345574.00, 25, 14612
145, 5991902.00, 5855089.00, 3352500.00, 25, 14715
146, 6030123.00, 5839416.00, 3419667.00, 25, 14818
147, 6054934.00, 5851311.00, 3455794.00, 25, 14920
148, 6053815.00, 5845922.00, 3469532.00, 25, 15023
149, 6043918.00, 5827575.00, 3503330.00, 25, 15126
150, 6045182.00, 5810917.00, 3546036.00, 25, 15229
151, 6061594.00, 5802746.00, 3604402.00, 25, 15332
152, 6077391.00, 5792107.00, 3671978.00, 25, 15435
153, 6087040.00, 5792339.00, 3730567.00, 25, 15538
154, 6094369.00, 5804662.00, 3728154.00, 25, 15641
155, 6108551.00, 5798704.00, 3738861.00, 25, 15744
156, 6115876.00, 5814085.00, 3676060.00, 25, 15847
BASELINE Time: 10:52:24
RECORDING Time: 10:52:27
1, 6148130.00, 5905731.00, 3764430.00, 25, 0
2, 6168716.00, 5916774.00, 3818242.00, 25, 0
3, 6175625.00, 5937278.00, 3792938.00, 25, 103
4, 6170616.00, 5939479.00, 3796045.00, 25, 206
5, 6158767.00, 5932085.00, 3799648.00, 25, 308
6, 6125552.00, 5919999.00, 3822210.00, 25, 411
7, 6094977.00, 5915388.00, 3861756.00, 25, 514
8, 6077998.00, 5921129.00, 3836145.00, 25, 617
9, 6073406.00, 5925630.00, 3810793.00, 25, 720
10, 6081734.00, 5934856.00, 3785670.00, 25, 823
11, 6090499.00, 5953982.00, 3748704.00, 25, 926
12, 6098466.00, 5995532.00, 3673344.00, 25, 1029
13, 6105762.00, 6065511.00, 3578311.00, 25, 1132
14, 6114866.00, 6152229.00, 3489170.00, 25, 1235
15, 6123420.00, 6254476.00, 3373257.00, 25, 1337
16, 6112954.00, 6402934.00, 3200624.00, 25, 1440
17, 6041409.00, 6549238.00, 2955805.00, 25, 1543
18, 5963200.00, 6526252.00, 2902609.00, 25, 1646
19, 5905960.00, 6495152.00, 2860681.00, 25, 1749
20, 5838635.00, 6445618.00, 2825153.00, 25, 1852
21, 5756787.00, 6376021.00, 2830569.00, 25, 1955
22, 5701884.00, 6325643.00, 2819187.00, 25, 2058
23, 5686764.00, 6252580.00, 2871548.00, 25, 2161
24, 5700405.00, 6148569.00, 3031341.00, 25, 2263
25, 5734793.00, 6100259.00, 3145322.00, 25, 2366
26, 5720281.00, 6025181.00, 3297554.00, 25, 2469
27, 5706590.00, 5975025.00, 3429063.00, 25, 2572
28, 5702513.00, 5939632.00, 3554045.00, 25, 2675
29, 5691083.00, 5919075.00, 3663850.00, 25, 2778
30, 5655701.00, 5911881.00, 3731615.00, 25, 2881
31, 5574279.00, 5922991.00, 3751072.00, 25, 2984
32, 5444489.00, 5929064.00, 3588605.00, 25, 3087
33, 5296916.00, 5876583.00, 3538496.00, 25, 3190
34, 5181024.00, 5779354.00, 3457714.00, 25, 3292
35, 5111991.00, 5749420.00, 3285213.00, 25, 3395
36, 5086078.00, 5798994.00, 3089563.00, 25, 3498
37, 5087075.00, 5867553.00, 2956948.00, 25, 3601
38, 5098715.00, 5911035.00, 2930601.00, 25, 3704
39, 5135791.00, 5936729.00, 2966147.00, 25, 3807
40, 5179038.00, 5951680.00, 3032282.00, 25, 3910
41, 5213902.00, 5946605.00, 3103313.00, 25, 4013
42, 5271606.00, 5930722.00, 3168267.00, 25, 4116
43, 5349915.00, 5964666.00, 3200451.00, 25, 4219
44, 5379904.00, 5946964.00, 3231047.00, 25, 4321
45, 5374395.00, 5954351.00, 3281208.00, 25, 4424
46, 5354591.00, 5992117.00, 3145384.00, 25, 4527
47, 5359226.00, 6044470.00, 3049874.00, 25, 4630
48, 5386795.00, 6063831.00, 3034570.00, 25, 4733
49, 5419978.00, 6043882.00, 3080368.00, 25, 4836
50, 5474652.00, 6002978.00, 3159527.00, 25, 4939
51, 5583428.00, 5970744.00, 3213161.00, 25, 5042
52, 5691000.00, 5954353.00, 3197952.00, 25, 5145
53, 5693921.00, 5944801.00, 3161930.00, 25, 5248
54, 5680212.00, 5883733.00, 3247455.00, 25, 5350
55, 5728529.00, 5790265.00, 3473024.00, 25, 5453
56, 5807128.00, 5769925.00, 3647773.00, 25, 5556
57, 5820365.00, 5595627.00, 3968860.00, 25, 5659
58, 5804034.00, 5363862.00, 4403150.00, 25, 5762
59, 5785123.00, 5295996.00, 4545855.00, 25, 5865
60, 5772398.00, 5291139.00, 4537973.00, 25, 5968
61, 5762058.00, 5288180.00, 4561846.00, 25, 6071
62, 5758006.00, 5284045.00, 4596313.00, 25, 6174
63, 5757481.00, 5267063.00, 4629004.00, 25, 6277
64, 5753025.00, 5237296.00, 4641499.00, 25, 6379
65, 5736801.00, 5216962.00, 4581164.00, 25, 6482
66, 5714877.00, 5240447.00, 4460471.00, 25, 6585
67, 5711970.00, 5266174.00, 4426164.00, 25, 6688
68, 5716710.00, 5230684.00, 4493762.00, 25, 6791
69, 5713748.00, 5190155.00, 4509073.00, 25, 6894
70, 5704131.00, 5155765.00, 4490204.00, 25, 6997
71, 5678942.00, 5038828.00, 4578877.00, 25, 7100
72, 5668398.00, 4988607.00, 4737281.00, 25, 7203
73, 5672590.00, 5033823.00, 4737459.00, 25, 7306
74, 5674405.00, 5091021.00, 4531195.00, 25, 7409
75, 5666683.00, 5145403.00, 4429439.00, 25, 7511
76, 5654983.00, 5187920.00, 4349153.00, 25, 7614
77, 5640549.00, 5217488.00, 4286727.00, 25, 7717
78, 5617332.00, 5238070.00, 4228015.00, 25, 7820
79, 5597307.00, 5245351.00, 4190217.00, 25, 7923
80, 5597625.00, 5242507.00, 4191243.00, 25, 8026
81, 5605852.00, 5249437.00, 4184415.00, 25, 8129
82, 5612982.00, 5266049.00, 4157359.00, 25, 8232
83, 5617945.00, 5282015.00, 4130964.00, 25, 8335
84, 5619217.00, 5296086.00, 4104128.00, 25, 8438
85, 5623018.00, 5300670.00, 4096157.00, 25, 8540
86, 5626336.00, 5288140.00, 4120442.00, 25, 8643
87, 5619741.00, 5280272.00, 4139576.00, 25, 8746
88, 5607867.00, 5290359.00, 4074536.00, 25, 8849
89, 5598328.00, 5306849.00, 4034865.00, 25, 8952
90, 5594921.00, 5323601.00, 4008451.00, 25, 9055
91, 5592820.00, 5336845.00, 3993652.00, 25, 9158
92, 5591168.00, 5343005.00, 3988985.00, 25, 9261
93, 5591411.00, 5345443.00, 3986168.00, 25, 9364
94, 5598690.00, 5351496.00, 3989053.00, 25, 9467
95, 5610739.00, 5363825.00, 3997317.00, 25, 9570
96, 5619899.00, 5390340.00, 4006072.00, 25, 9672
97, 5623105.00, 5395972.00, 4011200.00, 25, 9775
98, 5619724.00, 5395663.00, 4009161.00, 25, 9878
99, 5613942.00, 5388047.00, 4001871.00, 25, 9981
100, 5613293.00, 5377178.00, 4004958.00, 25, 10084
101, 5606296.00, 5369600.00, 4013469.00, 25, 10187
102, 5595853.00, 5364131.00, 4006745.00, 25, 10290
103, 5591722.00, 5360588.00, 3994681.00, 25, 10393
104, 5592350.00, 5358565.00, 3996144.00, 25, 10496
105, 5594146.00, 5356017.00, 4000245.00, 25, 10599
106, 5594074.00, 5354370.00, 4002450.00, 25, 10701
107, 5592339.00, 5353739.00, 4003161.00, 25, 10804
108, 5591001.00, 5351589.00, 4006769.00, 25, 10907
109, 5590815.00, 5349991.00, 4009690.00, 25, 11010
110, 5591260.00, 5349734.00, 4012268.00, 25, 11113
111, 5590855.00, 5352156.00, 4007854.00, 25, 11216
112, 5590762.00, 5358577.00, 3996380.00, 25, 11319
113, 5591238.00, 5365278.00, 3984143.00, 25, 11422
114, 5592326.00, 5369404.00, 3974820.00, 25, 11525
115, 5594008.00, 5373044.00, 3967617.00, 25, 11627
116, 5595146.00, 5376059.00, 3962584.00, 25, 11730
117, 5594769.00, 5374399.00, 3964355.00, 25, 11833
118, 5590156.00, 5371036.00, 3955269.00, 25, 11936
119, 5582885.00, 5376024.00, 3940999.00, 25, 12039
120, 5578949.00, 5383242.00, 3933457.00, 25, 12142
121, 5579731.00, 5386760.00, 3934412.00, 25, 12245
122, 5581650.00, 5388094.00, 3936179.00, 25, 12348
123, 5582867.00, 5387812.00, 3937262.00, 25, 12451
124, 5582908.00, 5387219.00, 3938867.00, 25, 12554
125, 5582174.00, 5388456.00, 3938170.00, 25, 12656
126, 5581363.00, 5390605.00, 3934561.00, 25, 12759
127, 5580705.00, 5390608.00, 3933188.00, 25, 12862
128, 5579847.00, 5389003.00, 3935952.00, 25, 12965
129, 5578546.00, 5388087.00, 3938701.00, 25, 13068
130, 5580788.00, 5390432.00, 3937499.00, 25, 13171
131, 5592355.00, 5402725.00, 3946136.00, 25, 13274
132, 5601465.00, 5420341.00, 3945603.00, 25, 13377
133, 5601601.00, 5429465.00, 3938667.00, 25, 13480
134, 5594910.00, 5428319.00, 3929562.00, 25, 13582
135, 5589398.00, 5421663.00, 3925521.00, 25, 13685
136, 5597013.00, 5422082.00, 3932951.00, 25, 13788
137, 5617106.00, 5441300.00, 3952799.00, 25, 13891
138, 5635425.00, 5472311.00, 3979948.00, 25, 13994
139, 5643794.00, 5497719.00, 3997993.00, 25, 14097
140, 5648175.00, 5511680.00, 4008960.00, 25, 14200
141, 5651753.00, 5517282.00, 4020466.00, 25, 14303
142, 5652022.00, 5518495.00, 4025554.00, 25, 14406
143, 5645159.00, 5519165.00, 3997648.00, 25, 14509
144, 5634152.00, 5510114.00, 3940912.00, 25, 14611
145, 5631875.00, 5492514.00, 3900728.00, 25, 14714
146, 5643350.00, 5478569.00, 3918613.00, 25, 14817
147, 5645863.00, 5469802.00, 3906719.00, 25, 14920
148, 5649608.00, 5479104.00, 3877586.00, 25, 15023
149, 5672809.00, 5544272.00, 3867731.00, 25, 15126
150, 5697726.00, 5631656.00, 3786673.00, 25, 15229
151, 5722137.00, 5722507.00, 3668629.00, 25, 15332
152, 5731791.00, 5749077.00, 3616122.00, 25, 15435
153, 5750567.00, 5725522.00, 3661919.00, 25, 15538
154, 5753898.00, 5722936.00, 3719911.00, 25, 15640
155, 5748249.00, 5754836.00, 3693670.00, 25, 15743
156, 5750072.00, 5773260.00, 3656726.00, 25, 15846
157, 5757932.00, 5747247.00, 3677697.00, 25, 15949
158, 5772497.00, 5705803.00, 3756430.00, 25, 16052
159, 5776546.00, 5694318.00, 3817706.00, 25, 16155
160, 5781316.00, 5708523.00, 3772835.00, 25, 16258
161, 5781849.00, 5726193.00, 3729474.00, 25, 16361
162, 5781236.00, 5740025.00, 3710957.00, 25, 16464
163, 5779297.00, 5743320.00, 3701146.00, 25, 16566
164, 5779369.00, 5747856.00, 3681694.00, 25, 16669
165, 5794340.00, 5749368.00, 3683293.00, 25, 16772
166, 5803753.00, 5748062.00, 3681529.00, 25, 16875
167, 5806245.00, 5753238.00, 3654474.00, 25, 16978
168, 5816057.00, 5765376.00, 3631147.00, 25, 17081
169, 5841627.00, 5784312.00, 3602522.00, 25, 17184
170, 5907045.00, 5834821.00, 3550213.00, 25, 17287
171, 5964295.00, 5943698.00, 3489689.00, 25, 17390
172, 5901101.00, 5985969.00, 3512633.00, 25, 17493
173, 5774422.00, 5938888.00, 3593182.00, 25, 17595
174, 5766957.00, 5913199.00, 3453682.00, 25, 17698
175, 5834416.00, 6092015.00, 3344724.00, 25, 17801
176, 5878062.00, 6119367.00, 3326338.00, 25, 17904
177, 5926061.00, 6105454.00, 3393886.00, 25, 18007
178, 5953838.00, 6090152.00, 3474192.00, 25, 18110
179, 5936696.00, 6101351.00, 3476492.00, 25, 18213
180, 5930098.00, 6099678.00, 3446648.00, 25, 18316
181, 5953349.00, 6077351.00, 3486642.00, 25, 18419
182, 5970288.00, 6057053.00, 3540723.00, 25, 18522
183, 5977045.00, 6023167.00, 3603710.00, 25, 18624
184, 5991255.00, 5970322.00, 3686291.00, 25, 18727
185, 6008601.00, 5926601.00, 3791622.00, 25, 18830
186, 6020880.00, 5911083.00, 3859689.00, 25, 18933
187, 6034319.00, 5905042.00, 3893114.00, 25, 19036
188, 6047149.00, 5905168.00, 3902000.00, 25, 19139
189, 6048963.00, 5901468.00, 3886832.00, 25, 19242
190, 6037892.00, 5912016.00, 3822766.00, 25, 19345
191, 6026080.00, 5935352.00, 3785611.00, 25, 19448
192, 6038067.00, 5924438.00, 3828880.00, 25, 19550
193, 6058181.00, 5917758.00, 3857598.00, 25, 19653
194, 6067005.00, 5930075.00, 3853383.00, 25, 19756
195, 6062485.00, 5947671.00, 3811251.00, 25, 19859
196, 6051180.00, 5983027.00, 3711834.00, 25, 19962
197, 6045658.00, 6013702.00, 3635565.00, 25, 20065
198, 6038740.00, 6035797.00, 3574903.00, 25, 20168
199, 6018558.00, 6063597.00, 3510922.00, 25, 20271
200, 6009225.00, 6067608.00, 3501061.00, 25, 20374
201, 6009726.00, 6064701.00, 3501732.00, 25, 20477
202, 6002692.00, 6063362.00, 3479825.00, 25, 20579
203, 5996190.00, 6055019.00, 3486472.00, 25, 20682
204, 5990419.00, 6040563.00, 3497975.00, 25, 20785
205, 5992352.00, 6030536.00, 3506124.00, 25, 20888
206, 5993077.00, 6038241.00, 3492810.00, 25, 20991
207, 5994444.00, 6054192.00, 3465105.00, 25, 21094
208, 5993978.00, 6064900.00, 3443520.00, 25, 21197
RECORDING Time: 10:52:48
BASELINE Time: 10:52:49
1, 5941120.00, 6080150.00, 3035980.00, 25, 0
2, 5943353.00, 6086182.00, 3030062.00, 25, 0
3, 5957703.00, 6090238.00, 3129643.00, 25, 103
4, 5962175.00, 6095085.00, 3279314.00, 25, 206
5, 5986545.00, 6105168.00, 3300411.00, 25, 309
6, 6033566.00, 6125992.00, 3281592.00, 25, 412
7, 6061855.00, 6152574.00, 3305657.00, 25, 515
8, 6077069.00, 6160664.00, 3328174.00, 25, 618
9, 6092976.00, 6162281.00, 3314121.00, 25, 721
10, 6103897.00, 6149148.00, 3329845.00, 25, 823
11, 6102208.00, 6137952.00, 3318994.00, 25, 926
12, 6089009.00, 6126039.00, 3297976.00, 25, 1029
13, 6077250.00, 6106827.00, 3294043.00, 25, 1132
14, 6073577.00, 6099178.00, 3282020.00, 25, 1235
15, 6074413.00, 6113845.00, 3237580.00, 25, 1338
16, 6081051.00, 6115120.00, 3225566.00, 25, 1441
17, 6088306.00, 6089089.00, 3272839.00, 25, 1544
18, 6094236.00, 6056846.00, 3339842.00, 25, 1647
19, 6095297.00, 6050230.00, 3367063.00, 25, 1750
20, 6087822.00, 6063884.00, 3349862.00, 25, 1852
21, 6070875.00, 6081138.00, 3314754.00, 25, 1955
22, 6052555.00, 6086292.00, 3293405.00, 25, 2058
23, 6037914.00, 6080909.00, 3295768.00, 25, 2161
24, 6027585.00, 6078642.00, 3269444.00, 25, 2264
25, 6022032.00, 6082720.00, 3257073.00, 25, 2367
26, 6015772.00, 6078216.00, 3272906.00, 25, 2470
27, 6004107.00, 6055102.00, 3315221.00, 25, 2573
28, 5996048.00, 6024225.00, 3349079.00, 25, 2676
29, 5994152.00, 6008584.00, 3365218.00, 25, 2779
30, 5994526.00, 5999757.00, 3388051.00, 25, 2882
31, 6000622.00, 5980594.00, 3432968.00, 25, 2984
32, 6010180.00, 5960756.00, 3475387.00, 25, 3087
33, 6020926.00, 5954981.00, 3493089.00, 25, 3190
34, 6038788.00, 5950088.00, 3508981.00, 25, 3293
35, 6062077.00, 5944839.00, 3550824.00, 25, 3396
36, 6074883.00, 5950401.00, 3583965.00, 25, 3499
37, 6075715.00, 5957474.00, 3583917.00, 25, 3602
38, 6077408.00, 5961646.00, 3573188.00, 25, 3705
39, 6080186.00, 5967727.00, 3563864.00, 25, 3808
40, 6078938.00, 5970909.00, 3555909.00, 25, 3911
41, 6078639.00, 5961944.00, 3569415.00, 25, 4013
42, 6074520.00, 5948698.00, 3581892.00, 25, 4116
43, 6058582.00, 5942356.00, 3562997.00, 25, 4219
44, 6033280.00, 5931179.00, 3530713.00, 25, 4322
45, 6012526.00, 5937868.00, 3473139.00, 25, 4425
46, 5992563.00, 5953388.00, 3427611.00, 25, 4528
47, 5971559.00, 5925967.00, 3429916.00, 25, 4631
48, 5960857.00, 5881688.00, 3471519.00, 25, 4734
49, 5944655.00, 5879163.00, 3455469.00, 25, 4837
50, 5923462.00, 5889662.00, 3405834.00, 25, 4940
51, 5906974.00, 5895864.00, 3373546.00, 25, 5042
52, 5906606.00, 5906419.00, 3308272.00, 25, 5145
53, 5905081.00, 5930665.00, 3258612.00, 25, 5248
54, 5891180.00, 5954594.00, 3226457.00, 25, 5351
BASELINE Time: 10:52:55