Date: 27.3.2020 , In use by: Mena
Daytime: 10:45:38, Temperature: 24°C
ID, strain1, strain2, strain3, temp [°C], runtime [ms]
BASELINE Time: 10:45:50
1, 6389414.00, 6290811.00, 5058923.00, 24, 0
2, 6387800.00, 6286522.00, 5062836.00, 24, 0
3, 6389762.00, 6290719.00, 5036878.00, 24, 103
4, 6387593.00, 6289062.00, 5032722.00, 24, 206
5, 6383495.00, 6275846.00, 5061861.00, 24, 308
6, 6385388.00, 6260804.00, 5119313.00, 24, 411
7, 6384736.00, 6253545.00, 5116546.00, 24, 514
8, 6384974.00, 6252552.00, 5100100.00, 24, 617
9, 6385134.00, 6259522.00, 5083852.00, 24, 720
10, 6381885.00, 6267334.00, 5077347.00, 24, 823
11, 6376395.00, 6263645.00, 5076619.00, 24, 926
12, 6369221.00, 6261158.00, 5068850.00, 24, 1029
13, 6365256.00, 6254891.00, 5067043.00, 24, 1132
14, 6365100.00, 6250179.00, 5076659.00, 24, 1235
15, 6362780.00, 6255009.00, 5074840.00, 24, 1338
16, 6361273.00, 6264229.00, 5058680.00, 24, 1441
17, 6363620.00, 6270835.00, 5049841.00, 24, 1544
18, 6359536.00, 6275866.00, 5056039.00, 24, 1647
19, 6345229.00, 6286275.00, 5059468.00, 24, 1749
20, 6327616.00, 6292921.00, 5058117.00, 24, 1852
21, 6301740.00, 6289609.00, 5072925.00, 24, 1955
22, 6279081.00, 6282842.00, 5098749.00, 24, 2058
23, 6273620.00, 6272225.00, 5131225.00, 24, 2161
24, 6284895.00, 6257059.00, 5174583.00, 24, 2264
25, 6295163.00, 6234986.00, 5218189.00, 24, 2367
26, 6291538.00, 6220541.00, 5231532.00, 24, 2470
27, 6282537.00, 6225200.00, 5209570.00, 24, 2573
28, 6279397.00, 6232458.00, 5193540.00, 24, 2676
29, 6277895.00, 6232960.00, 5194069.00, 24, 2779
30, 6263788.00, 6235832.00, 5186781.00, 24, 2882
31, 6237968.00, 6252676.00, 5149138.00, 24, 2985
32, 6221922.00, 6268596.00, 5116163.00, 24, 3087
33, 6224452.00, 6268630.00, 5114526.00, 24, 3190
34, 6237564.00, 6250466.00, 5150102.00, 24, 3293
35, 6242759.00, 6215205.00, 5243602.00, 24, 3396
36, 6237704.00, 6192448.00, 5231128.00, 24, 3499
37, 6227138.00, 6204573.00, 5202650.00, 24, 3602
38, 6218778.00, 6206391.00, 5188884.00, 24, 3705
39, 6213803.00, 6204625.00, 5187612.00, 24, 3808
40, 6210145.00, 6203738.00, 5186531.00, 24, 3911
41, 6207031.00, 6203750.00, 5184059.00, 24, 4014
42, 6205727.00, 6204912.00, 5181002.00, 24, 4117
43, 6207574.00, 6203327.00, 5182236.00, 24, 4220
44, 6211763.00, 6197975.00, 5194104.00, 24, 4323
45, 6214540.00, 6194221.00, 5208275.00, 24, 4425
46, 6214736.00, 6194364.00, 5213162.00, 24, 4528
47, 6213091.00, 6196917.00, 5210371.00, 24, 4631
48, 6210458.00, 6201061.00, 5201387.00, 24, 4734
49, 6207782.00, 6203196.00, 5187584.00, 24, 4837
50, 6203504.00, 6203854.00, 5181106.00, 24, 4940
51, 6196877.00, 6206412.00, 5168733.00, 24, 5043
52, 6189893.00, 6210748.00, 5155244.00, 24, 5146
53, 6181995.00, 6214977.00, 5141422.00, 24, 5249
54, 6172713.00, 6220978.00, 5123474.00, 24, 5352
55, 6166500.00, 6226416.00, 5110803.00, 24, 5455
56, 6163102.00, 6228833.00, 5104768.00, 24, 5558
57, 6160552.00, 6231133.00, 5100914.00, 24, 5661
58, 6159365.00, 6231780.00, 5102098.00, 24, 5764
59, 6159417.00, 6229926.00, 5108021.00, 24, 5866
60, 6159721.00, 6227903.00, 5113629.00, 24, 5969
61, 6161201.00, 6226825.00, 5118172.00, 24, 6072
62, 6163179.00, 6225122.00, 5124948.00, 24, 6175
63, 6164021.00, 6225657.00, 5131275.00, 24, 6278
64, 6164528.00, 6227909.00, 5130461.00, 24, 6381
65, 6166575.00, 6227705.00, 5133628.00, 24, 6484
66, 6169789.00, 6224826.00, 5141174.00, 24, 6587
67, 6170076.00, 6223646.00, 5143721.00, 24, 6690
68, 6167530.00, 6224489.00, 5139027.00, 24, 6793
69, 6164390.00, 6225625.00, 5132793.00, 24, 6896
70, 6162247.00, 6224126.00, 5130598.00, 24, 6999
71, 6161672.00, 6219150.00, 5137621.00, 24, 7102
72, 6161347.00, 6215129.00, 5145882.00, 24, 7205
73, 6160401.00, 6214217.00, 5148860.00, 24, 7308
74, 6159470.00, 6213694.00, 5150829.00, 24, 7410
75, 6157689.00, 6213697.00, 5152113.00, 24, 7513
76, 6158592.00, 6211777.00, 5154367.00, 24, 7616
77, 6160329.00, 6209253.00, 5165328.00, 24, 7719
78, 6161664.00, 6208389.00, 5168913.00, 24, 7822
79, 6161974.00, 6207284.00, 5170318.00, 24, 7925
80, 6159533.00, 6208973.00, 5161959.00, 24, 8028
81, 6156212.00, 6212591.00, 5151306.00, 24, 8131
82, 6151202.00, 6216138.00, 5139732.00, 24, 8234
83, 6143957.00, 6221159.00, 5124086.00, 24, 8337
84, 6136997.00, 6224389.00, 5113042.00, 24, 8440
85, 6128187.00, 6221968.00, 5107018.00, 24, 8543
86, 6117222.00, 6220059.00, 5094637.00, 24, 8645
87, 6107090.00, 6224167.00, 5073464.00, 24, 8748
88, 6098408.00, 6230617.00, 5054682.00, 24, 8851
89, 6088874.00, 6232868.00, 5043323.00, 24, 8954
90, 6080203.00, 6230664.00, 5034888.00, 24, 9057
91, 6075853.00, 6225536.00, 5037079.00, 24, 9160
92, 6076273.00, 6218062.00, 5051126.00, 24, 9263
93, 6077262.00, 6213050.00, 5062145.00, 24, 9366
94, 6075767.00, 6212067.00, 5064394.00, 24, 9469
95, 6077710.00, 6209630.00, 5070869.00, 24, 9572
96, 6085068.00, 6197644.00, 5097141.00, 24, 9675
97, 6087614.00, 6190066.00, 5113071.00, 24, 9778
98, 6085934.00, 6195156.00, 5104568.00, 24, 9881
99, 6083593.00, 6203431.00, 5088712.00, 24, 9983
100, 6081419.00, 6211043.00, 5072653.00, 24, 10086
101, 6080128.00, 6216455.00, 5060132.00, 24, 10189
102, 6079325.00, 6218902.00, 5053275.00, 24, 10292
103, 6079271.00, 6219374.00, 5050149.00, 24, 10395
104, 6083358.00, 6215536.00, 5053266.00, 24, 10498
105, 6091102.00, 6205818.00, 5102190.00, 24, 10601
106, 6101429.00, 6194154.00, 5134077.00, 24, 10704
107, 6114921.00, 6181494.00, 5160815.00, 24, 10807
108, 6127468.00, 6168110.00, 5184514.00, 24, 10910
109, 6138638.00, 6153790.00, 5196623.00, 24, 11013
110, 6135609.00, 6165302.00, 5112323.00, 24, 11116
111, 6126456.00, 6213523.00, 4945316.00, 24, 11218
112, 6123626.00, 6245601.00, 4837398.00, 24, 11321
113, 6117263.00, 6230634.00, 4854594.00, 24, 11424
114, 6120080.00, 6195208.00, 4919829.00, 24, 11527
115, 6144394.00, 6202103.00, 5001447.00, 24, 11630
116, 6146348.00, 6272697.00, 5118179.00, 24, 11733
117, 6144298.00, 6255987.00, 5194013.00, 24, 11836
118, 6160550.00, 6234393.00, 5284181.00, 24, 11939
119, 6163435.00, 6235619.00, 5343044.00, 24, 12042
120, 6156711.00, 6226772.00, 5409580.00, 24, 12145
121, 6153288.00, 6225250.00, 5410939.00, 24, 12248
122, 6160280.00, 6215419.00, 5448138.00, 24, 12351
123, 6162325.00, 6205435.00, 5478273.00, 24, 12453
124, 6147047.00, 6210690.00, 5454485.00, 24, 12556
125, 6128350.00, 6222076.00, 5404563.00, 24, 12659
126, 6119533.00, 6248849.00, 5336438.00, 24, 12762
127, 6123848.00, 6291498.00, 5261242.00, 24, 12865
128, 6140792.00, 6330292.00, 5201639.00, 24, 12968
129, 6162008.00, 6356327.00, 5162638.00, 24, 13071
130, 6173232.00, 6371397.00, 5136366.00, 24, 13174
131, 6179281.00, 6365189.00, 5139330.00, 24, 13277
132, 6183168.00, 6354443.00, 5159089.00, 24, 13380
133, 6183018.00, 6349459.00, 5169701.00, 24, 13483
134, 6183269.00, 6342910.00, 5188497.00, 24, 13586
135, 6179592.00, 6342736.00, 5178814.00, 24, 13689
136, 6174091.00, 6349298.00, 5176020.00, 24, 13791
137, 6171816.00, 6347316.00, 5194653.00, 24, 13894
138, 6169798.00, 6334818.00, 5222081.00, 24, 13997
139, 6166820.00, 6319056.00, 5239531.00, 24, 14100
140, 6161942.00, 6310717.00, 5248609.00, 24, 14203
141, 6155370.00, 6306327.00, 5253488.00, 24, 14306
142, 6151111.00, 6306851.00, 5254489.00, 24, 14409
143, 6148515.00, 6308060.00, 5249480.00, 24, 14512
144, 6146400.00, 6301636.00, 5253004.00, 24, 14615
145, 6144033.00, 6297048.00, 5264154.00, 24, 14718
146, 6140796.00, 6287545.00, 5272302.00, 24, 14821
147, 6137906.00, 6270767.00, 5293237.00, 24, 14924
148, 6134840.00, 6259876.00, 5322026.00, 24, 15027
149, 6131074.00, 6253073.00, 5324098.00, 24, 15130
150, 6128369.00, 6251282.00, 5326539.00, 24, 15232
151, 6132207.00, 6250246.00, 5336936.00, 24, 15335
152, 6135481.00, 6257292.00, 5332089.00, 24, 15438
153, 6133325.00, 6270047.00, 5311687.00, 24, 15541
154, 6133617.00, 6279855.00, 5292980.00, 24, 15644
155, 6133635.00, 6288857.00, 5274032.00, 24, 15747
156, 6132817.00, 6293810.00, 5263642.00, 24, 15850
157, 6132143.00, 6295383.00, 5260738.00, 24, 15953
158, 6132605.00, 6294598.00, 5262563.00, 24, 16056
159, 6132994.00, 6288840.00, 5272132.00, 24, 16159
160, 6134512.00, 6282650.00, 5281703.00, 24, 16262
161, 6136680.00, 6277501.00, 5288816.00, 24, 16365
162, 6138845.00, 6272955.00, 5296928.00, 24, 16468
163, 6140302.00, 6272365.00, 5293788.00, 24, 16570
164, 6141463.00, 6273673.00, 5291647.00, 24, 16673
165, 6142291.00, 6274636.00, 5292038.00, 24, 16776
166, 6142542.00, 6272901.00, 5295723.00, 24, 16879
167, 6143074.00, 6270640.00, 5297355.00, 24, 16982
168, 6143365.00, 6270342.00, 5300459.00, 24, 17085
169, 6144335.00, 6269032.00, 5302324.00, 24, 17188
170, 6147290.00, 6266650.00, 5306976.00, 24, 17291
171, 6148783.00, 6266097.00, 5309611.00, 24, 17394
172, 6149031.00, 6267724.00, 5306697.00, 24, 17497
173, 6148562.00, 6269070.00, 5302080.00, 24, 17600
174, 6147909.00, 6266243.00, 5301973.00, 24, 17703
175, 6146888.00, 6261839.00, 5307849.00, 24, 17805
176, 6144831.00, 6257048.00, 5319966.00, 24, 17908
177, 6143076.00, 6250478.00, 5327313.00, 24, 18011
178, 6140776.00, 6244794.00, 5333182.00, 24, 18114
179, 6140192.00, 6241783.00, 5337784.00, 24, 18217
180, 6143563.00, 6237098.00, 5348316.00, 24, 18320
181, 6146785.00, 6234017.00, 5349796.00, 24, 18423
182, 6143865.00, 6240926.00, 5332950.00, 24, 18526
183, 6141820.00, 6245083.00, 5322666.00, 24, 18629
184, 6139696.00, 6240357.00, 5328284.00, 24, 18732
185, 6139219.00, 6229111.00, 5345047.00, 24, 18835
186, 6135648.00, 6216634.00, 5364668.00, 24, 18938
187, 6126982.00, 6208793.00, 5376414.00, 24, 19040
188, 6120449.00, 6205997.00, 5379221.00, 24, 19143
189, 6119234.00, 6203436.00, 5383260.00, 24, 19246
190, 6119363.00, 6200226.00, 5388307.00, 24, 19349
191, 6119865.00, 6201738.00, 5377367.00, 24, 19452
192, 6120796.00, 6208073.00, 5369643.00, 24, 19555
193, 6122391.00, 6211588.00, 5370278.00, 24, 19658
194, 6123450.00, 6209021.00, 5371825.00, 24, 19761
195, 6122341.00, 6209737.00, 5366033.00, 24, 19864
196, 6120481.00, 6215838.00, 5355805.00, 24, 19967
197, 6118099.00, 6221095.00, 5346891.00, 24, 20070
198, 6117570.00, 6223234.00, 5341874.00, 24, 20173
199, 6120392.00, 6220173.00, 5346660.00, 24, 20275
200, 6123546.00, 6217681.00, 5353389.00, 24, 20378
201, 6129126.00, 6212941.00, 5360363.00, 24, 20481
202, 6134187.00, 6206992.00, 5372058.00, 24, 20584
203, 6136723.00, 6206345.00, 5376998.00, 24, 20687
204, 6140413.00, 6205170.00, 5378247.00, 24, 20790
205, 6142579.00, 6207041.00, 5373872.00, 24, 20893
206, 6142928.00, 6211402.00, 5365374.00, 24, 20996
207, 6143189.00, 6218495.00, 5355446.00, 24, 21099
208, 6143528.00, 6223776.00, 5348157.00, 24, 21202
209, 6142533.00, 6228558.00, 5338102.00, 24, 21305
210, 6141080.00, 6233298.00, 5330588.00, 24, 21408
211, 6139180.00, 6232358.00, 5332787.00, 24, 21510
212, 6136212.00, 6231303.00, 5333759.00, 24, 21613
213, 6133926.00, 6231893.00, 5331525.00, 24, 21716
214, 6133176.00, 6232387.00, 5332816.00, 24, 21819
215, 6131265.00, 6229999.00, 5339543.00, 24, 21922
216, 6127840.00, 6227903.00, 5342076.00, 24, 22025
217, 6127751.00, 6223465.00, 5346496.00, 24, 22128
218, 6129573.00, 6215954.00, 5357396.00, 24, 22231
219, 6130123.00, 6218002.00, 5347893.00, 24, 22334
220, 6133677.00, 6224488.00, 5344342.00, 24, 22437
221, 6139371.00, 6233698.00, 5343217.00, 24, 22540
222, 6140634.00, 6235694.00, 5339110.00, 24, 22642
223, 6140917.00, 6232363.00, 5339797.00, 24, 22745
224, 6143786.00, 6224256.00, 5347967.00, 24, 22848
225, 6148807.00, 6208893.00, 5363168.00, 24, 22951
226, 6153175.00, 6186069.00, 5381917.00, 24, 23054
227, 6150253.00, 6162470.00, 5387014.00, 24, 23157
228, 6148366.00, 6142606.00, 5390317.00, 24, 23260
229, 6153527.00, 6129174.00, 5411854.00, 24, 23363
230, 6159811.00, 6124188.00, 5431249.00, 24, 23466
231, 6169114.00, 6112730.00, 5441740.00, 24, 23569
232, 6178766.00, 6094401.00, 5459024.00, 24, 23672
233, 6188682.00, 6078702.00, 5486977.00, 24, 23775
234, 6198447.00, 6074012.00, 5494131.00, 24, 23877
235, 6204756.00, 6086215.00, 5483540.00, 24, 23980
236, 6204925.00, 6107755.00, 5464622.00, 24, 24083
237, 6201610.00, 6123046.00, 5450240.00, 24, 24186
238, 6197277.00, 6137590.00, 5428386.00, 24, 24289
239, 6196844.00, 6155866.00, 5406630.00, 24, 24392
240, 6202493.00, 6162301.00, 5407796.00, 24, 24495
241, 6207132.00, 6159827.00, 5412856.00, 24, 24598
242, 6209689.00, 6162389.00, 5402118.00, 24, 24701
243, 6213840.00, 6166130.00, 5386521.00, 24, 24804
244, 6222421.00, 6181840.00, 5352670.00, 24, 24907
245, 6226428.00, 6201436.00, 5329989.00, 24, 25010
246, 6224786.00, 6212813.00, 5318945.00, 24, 25112
247, 6223787.00, 6220432.00, 5320858.00, 24, 25215
248, 6214913.00, 6216541.00, 5321662.00, 24, 25318
249, 6206054.00, 6200749.00, 5349697.00, 24, 25421
250, 6192850.00, 6190210.00, 5378173.00, 24, 25524
251, 6176446.00, 6199691.00, 5373545.00, 24, 25627
252, 6165025.00, 6199032.00, 5378541.00, 24, 25730
253, 6156727.00, 6187890.00, 5389107.00, 24, 25833
254, 6159066.00, 6170422.00, 5410618.00, 24, 25936
255, 6165770.00, 6152274.00, 5436521.00, 24, 26039
256, 6170895.00, 6135344.00, 5460717.00, 24, 26142
257, 6173224.00, 6126104.00, 5478610.00, 24, 26245
258, 6171719.00, 6130098.00, 5475073.00, 24, 26347
259, 6168085.00, 6122587.00, 5472079.00, 24, 26450
260, 6164842.00, 6102143.00, 5497525.00, 24, 26553
261, 6160178.00, 6087670.00, 5538425.00, 24, 26656
262, 6153781.00, 6078859.00, 5544854.00, 24, 26759
263, 6147141.00, 6073772.00, 5554412.00, 24, 26862
264, 6142814.00, 6063177.00, 5567120.00, 24, 26965
265, 6136643.00, 6065969.00, 5554702.00, 24, 27068
266, 6133983.00, 6078654.00, 5545835.00, 24, 27171
267, 6135499.00, 6080405.00, 5546722.00, 24, 27274
268, 6137208.00, 6080545.00, 5553380.00, 24, 27377
269, 6137104.00, 6079100.00, 5557800.00, 24, 27480
270, 6134886.00, 6089874.00, 5540288.00, 24, 27582
271, 6133982.00, 6103082.00, 5520916.00, 24, 27685
272, 6135131.00, 6108031.00, 5509141.00, 24, 27788
273, 6137916.00, 6113463.00, 5494144.00, 24, 27891
274, 6141647.00, 6121463.00, 5488570.00, 24, 27994
275, 6143449.00, 6132093.00, 5469438.00, 24, 28097
276, 6146059.00, 6140966.00, 5457291.00, 24, 28200
277, 6152223.00, 6139806.00, 5460984.00, 24, 28303
278, 6159555.00, 6139079.00, 5465248.00, 24, 28406
279, 6165713.00, 6146430.00, 5460304.00, 24, 28509
280, 6172568.00, 6156561.00, 5453996.00, 24, 28612
281, 6179250.00, 6162717.00, 5451364.00, 24, 28715
282, 6185285.00, 6163945.00, 5451427.00, 24, 28817
283, 6192507.00, 6165468.00, 5449657.00, 24, 28920
284, 6199633.00, 6174593.00, 5442195.00, 24, 29023
285, 6199620.00, 6184008.00, 5433040.00, 24, 29126
286, 6195470.00, 6185118.00, 5431119.00, 24, 29229
287, 6191382.00, 6175352.00, 5444168.00, 24, 29332
288, 6187932.00, 6160902.00, 5470297.00, 24, 29435
289, 6184404.00, 6151972.00, 5489836.00, 24, 29538
290, 6183334.00, 6145713.00, 5509871.00, 24, 29641
291, 6183019.00, 6138003.00, 5515498.00, 24, 29744
292, 6184154.00, 6131779.00, 5517763.00, 24, 29847
293, 6187329.00, 6129871.00, 5519506.00, 24, 29950
294, 6188574.00, 6130608.00, 5517900.00, 24, 30053
295, 6189755.00, 6133425.00, 5511342.00, 24, 30155
296, 6189837.00, 6140013.00, 5499314.00, 24, 30258
297, 6188305.00, 6150482.00, 5485424.00, 24, 30361
298, 6187252.00, 6157062.00, 5478105.00, 24, 30464
299, 6186631.00, 6158352.00, 5478328.00, 24, 30567
300, 6186453.00, 6153788.00, 5482982.00, 24, 30670
301, 6183387.00, 6156530.00, 5486758.00, 24, 30773
302, 6180133.00, 6161327.00, 5479915.00, 24, 30876
303, 6180208.00, 6161944.00, 5474217.00, 24, 30979
304, 6181160.00, 6163497.00, 5471732.00, 24, 31082
305, 6184099.00, 6163446.00, 5474451.00, 24, 31185
306, 6188237.00, 6160657.00, 5482415.00, 24, 31288
307, 6188400.00, 6162254.00, 5479240.00, 24, 31390
308, 6186141.00, 6164515.00, 5475984.00, 24, 31493
309, 6183093.00, 6150021.00, 5496407.00, 24, 31596
310, 6178893.00, 6131463.00, 5518445.00, 24, 31699
311, 6175828.00, 6117651.00, 5535762.00, 24, 31802
312, 6168336.00, 6115629.00, 5538757.00, 24, 31905
313, 6161827.00, 6123239.00, 5523610.00, 24, 32008
314, 6159964.00, 6128911.00, 5513423.00, 24, 32111
315, 6157794.00, 6138131.00, 5500620.00, 24, 32214
316, 6157446.00, 6141831.00, 5493221.00, 24, 32317
317, 6155703.00, 6139869.00, 5497664.00, 24, 32420
318, 6154998.00, 6137974.00, 5505199.00, 24, 32523
319, 6155842.00, 6127907.00, 5514764.00, 24, 32626
320, 6153269.00, 6122523.00, 5511916.00, 24, 32728
321, 6151648.00, 6123642.00, 5510839.00, 24, 32831
322, 6151462.00, 6123757.00, 5508415.00, 24, 32934
323, 6151212.00, 6127081.00, 5494790.00, 24, 33037
324, 6150257.00, 6137627.00, 5473879.00, 24, 33140
325, 6148915.00, 6150389.00, 5457595.00, 24, 33243
326, 6147131.00, 6158222.00, 5450843.00, 24, 33346
327, 6145508.00, 6151370.00, 5457324.00, 24, 33449
328, 6142776.00, 6151854.00, 5467343.00, 24, 33552
329, 6140711.00, 6151065.00, 5470034.00, 24, 33655
330, 6140093.00, 6140327.00, 5486863.00, 24, 33758
331, 6143269.00, 6122226.00, 5515473.00, 24, 33861
332, 6147079.00, 6110759.00, 5548381.00, 24, 33963
333, 6149001.00, 6121653.00, 5521527.00, 24, 34066
334, 6152425.00, 6141627.00, 5498058.00, 24, 34169
335, 6158434.00, 6154177.00, 5487112.00, 24, 34272
336, 6161077.00, 6166282.00, 5476588.00, 24, 34375
337, 6159289.00, 6165963.00, 5481101.00, 24, 34478
338, 6155323.00, 6159154.00, 5486008.00, 24, 34581
339, 6152489.00, 6153131.00, 5491687.00, 24, 34684
340, 6150594.00, 6137998.00, 5520367.00, 24, 34787
341, 6141309.00, 6119202.00, 5547966.00, 24, 34890
342, 6132917.00, 6109175.00, 5555585.00, 24, 34993
343, 6130359.00, 6114847.00, 5542364.00, 24, 35096
344, 6133579.00, 6133662.00, 5515243.00, 24, 35199
345, 6133041.00, 6149263.00, 5494590.00, 24, 35302
346, 6129836.00, 6156292.00, 5480601.00, 24, 35404
347, 6130917.00, 6158978.00, 5468960.00, 24, 35507
348, 6133323.00, 6162745.00, 5435779.00, 24, 35610
349, 6131621.00, 6176023.00, 5408272.00, 24, 35713
350, 6133791.00, 6186990.00, 5406476.00, 24, 35816
351, 6134125.00, 6183859.00, 5433816.00, 24, 35919
352, 6124285.00, 6167999.00, 5449754.00, 24, 36022
353, 6119175.00, 6142577.00, 5463774.00, 24, 36125
354, 6122327.00, 6126626.00, 5487953.00, 24, 36228
355, 6130337.00, 6103750.00, 5523290.00, 24, 36331
356, 6134626.00, 6096351.00, 5555125.00, 24, 36434
357, 6132332.00, 6114517.00, 5543948.00, 24, 36537
358, 6132894.00, 6121511.00, 5522867.00, 24, 36639
359, 6136692.00, 6113963.00, 5533497.00, 24, 36742
360, 6133624.00, 6123681.00, 5538261.00, 24, 36845
361, 6130548.00, 6127325.00, 5512156.00, 24, 36948
362, 6130556.00, 6125708.00, 5513676.00, 24, 37051
363, 6134070.00, 6125606.00, 5515241.00, 24, 37154
364, 6137388.00, 6129470.00, 5506225.00, 24, 37257
365, 6140694.00, 6132270.00, 5507958.00, 24, 37360
366, 6147632.00, 6106023.00, 5553415.00, 24, 37463
367, 6148154.00, 6085413.00, 5579648.00, 24, 37566
368, 6146324.00, 6090324.00, 5568902.00, 24, 37669
369, 6144165.00, 6093679.00, 5554204.00, 24, 37772
370, 6138045.00, 6089237.00, 5542819.00, 24, 37874
371, 6132977.00, 6086875.00, 5514143.00, 24, 37977
372, 6133963.00, 6089699.00, 5495353.00, 24, 38080
373, 6136276.00, 6099162.00, 5503905.00, 24, 38183
374, 6135096.00, 6108088.00, 5529810.00, 24, 38286
375, 6137412.00, 6112002.00, 5569886.00, 24, 38389
376, 6151686.00, 6096731.00, 5585115.00, 24, 38492
377, 6162744.00, 6084079.00, 5574337.00, 24, 38595
378, 6180828.00, 6068260.00, 5590248.00, 24, 38698
379, 6201521.00, 5983366.00, 5619950.00, 24, 38801
380, 6222519.00, 5969509.00, 5640294.00, 24, 38904
381, 6236223.00, 5974606.00, 5654597.00, 24, 39007
382, 6238468.00, 5983286.00, 5656127.00, 24, 39109
383, 6236188.00, 5991716.00, 5645975.00, 24, 39212
384, 6229978.00, 5999342.00, 5626944.00, 24, 39315
385, 6220759.00, 6004415.00, 5607858.00, 24, 39418
386, 6210451.00, 6012006.00, 5583007.00, 24, 39521
387, 6200594.00, 6017559.00, 5559186.00, 24, 39624
388, 6192989.00, 6018951.00, 5546750.00, 24, 39727
389, 6189187.00, 6015582.00, 5552666.00, 24, 39830
390, 6185900.00, 6012654.00, 5553776.00, 24, 39933
391, 6180850.00, 6014290.00, 5545954.00, 24, 40036
392, 6172687.00, 6023366.00, 5528572.00, 24, 40139
393, 6165503.00, 6034490.00, 5518379.00, 24, 40241
394, 6161338.00, 6039462.00, 5519496.00, 24, 40344
395, 6156900.00, 6042579.00, 5515620.00, 24, 40447
396, 6154074.00, 6043441.00, 5509786.00, 24, 40550
397, 6152661.00, 6040202.00, 5507591.00, 24, 40653
398, 6151721.00, 6035606.00, 5509826.00, 24, 40756
399, 6149050.00, 6033852.00, 5510384.00, 24, 40859
400, 6144058.00, 6037643.00, 5501342.00, 24, 40962
401, 6139409.00, 6045131.00, 5482849.00, 24, 41065
402, 6139159.00, 6051644.00, 5466553.00, 24, 41168
403, 6140153.00, 6045691.00, 5492266.00, 24, 41271
404, 6138404.00, 6032774.00, 5502733.00, 24, 41373
405, 6131588.00, 6024668.00, 5490170.00, 24, 41476
406, 6121167.00, 6055976.00, 5464480.00, 24, 41579
407, 6107104.00, 6090929.00, 5428411.00, 24, 41682
408, 6095819.00, 6119395.00, 5395941.00, 24, 41785
409, 6090016.00, 6132192.00, 5380511.00, 24, 41888
410, 6085489.00, 6145341.00, 5361779.00, 24, 41991
411, 6083942.00, 6149639.00, 5357874.00, 24, 42094
412, 6088263.00, 6141588.00, 5353512.00, 24, 42197
413, 6099082.00, 6123370.00, 5358153.00, 24, 42300
414, 6100728.00, 6134038.00, 5344429.00, 24, 42403
415, 6099566.00, 6178643.00, 5277879.00, 24, 42506
416, 6110092.00, 6204427.00, 5239383.00, 24, 42608
417, 6121492.00, 6224651.00, 5238908.00, 24, 42711
418, 6134697.00, 6256037.00, 5232758.00, 24, 42814
419, 6152727.00, 6257819.00, 5290512.00, 24, 42917
420, 6148041.00, 6240814.00, 5337106.00, 24, 43020
421, 6121412.00, 6259264.00, 5320613.00, 24, 43123
422, 6104437.00, 6285966.00, 5318597.00, 24, 43226
423, 6098586.00, 6286179.00, 5344080.00, 24, 43329
424, 6094556.00, 6274568.00, 5366400.00, 24, 43432
425, 6088713.00, 6263821.00, 5383982.00, 24, 43535
426, 6083874.00, 6250158.00, 5403235.00, 24, 43638
427, 6078640.00, 6239831.00, 5412061.00, 24, 43741
428, 6074561.00, 6237381.00, 5408269.00, 24, 43843
429, 6072289.00, 6237986.00, 5403097.00, 24, 43946
430, 6070949.00, 6239513.00, 5397602.00, 24, 44049
431, 6073054.00, 6241592.00, 5393279.00, 24, 44152
432, 6077146.00, 6239795.00, 5404090.00, 24, 44255
433, 6077622.00, 6241196.00, 5402232.00, 24, 44358
434, 6078257.00, 6240530.00, 5404355.00, 24, 44461
435, 6081648.00, 6236480.00, 5415640.00, 24, 44564
436, 6082496.00, 6233419.00, 5423346.00, 24, 44667
437, 6083105.00, 6229555.00, 5430842.00, 24, 44770
438, 6084680.00, 6223884.00, 5442032.00, 24, 44873
439, 6084181.00, 6219853.00, 5450255.00, 24, 44975
440, 6082679.00, 6219062.00, 5450775.00, 24, 45078
441, 6082914.00, 6217591.00, 5452291.00, 24, 45181
442, 6081182.00, 6217094.00, 5454107.00, 24, 45284
443, 6076334.00, 6220810.00, 5444263.00, 24, 45387
444, 6074255.00, 6224567.00, 5429104.00, 24, 45490
445, 6076901.00, 6223822.00, 5425056.00, 24, 45593
446, 6080056.00, 6220353.00, 5441598.00, 24, 45696
447, 6081710.00, 6216843.00, 5449278.00, 24, 45799
448, 6082591.00, 6213557.00, 5455658.00, 24, 45902
449, 6080720.00, 6211501.00, 5453760.00, 24, 46005
450, 6077225.00, 6213276.00, 5444872.00, 24, 46108
451, 6076184.00, 6215542.00, 5440309.00, 24, 46210
452, 6077879.00, 6215496.00, 5442121.00, 24, 46313
453, 6079291.00, 6215089.00, 5444082.00, 24, 46416
454, 6080663.00, 6215870.00, 5444894.00, 24, 46519
455, 6081500.00, 6215686.00, 5447549.00, 24, 46622
456, 6081772.00, 6215068.00, 5449469.00, 24, 46725
457, 6080713.00, 6214067.00, 5451727.00, 24, 46828
458, 6078411.00, 6213649.00, 5450473.00, 24, 46931
459, 6078219.00, 6210937.00, 5449404.00, 24, 47034
460, 6079073.00, 6207670.00, 5462160.00, 24, 47137
461, 6078661.00, 6205948.00, 5465575.00, 24, 47240
462, 6079956.00, 6203104.00, 5473123.00, 24, 47342
463, 6083158.00, 6199080.00, 5484327.00, 24, 47445
464, 6086401.00, 6195408.00, 5495233.00, 24, 47548
465, 6089939.00, 6191728.00, 5506370.00, 24, 47651
466, 6092958.00, 6187307.00, 5518112.00, 24, 47754
467, 6094399.00, 6182016.00, 5529934.00, 24, 47857
468, 6094312.00, 6177187.00, 5540064.00, 24, 47960
469, 6092595.00, 6174041.00, 5546171.00, 24, 48063
470, 6089435.00, 6173077.00, 5546671.00, 24, 48166
471, 6086615.00, 6172398.00, 5545326.00, 24, 48269
472, 6085216.00, 6171477.00, 5545262.00, 24, 48372
473, 6085255.00, 6170432.00, 5545999.00, 24, 48474
474, 6084955.00, 6170078.00, 5544854.00, 24, 48577
475, 6083932.00, 6171465.00, 5540586.00, 24, 48680
476, 6084065.00, 6172270.00, 5539437.00, 24, 48783
477, 6082224.00, 6172018.00, 5535330.00, 24, 48886
478, 6079203.00, 6172359.00, 5531178.00, 24, 48989
479, 6078367.00, 6169946.00, 5536478.00, 24, 49092
480, 6075183.00, 6165549.00, 5538919.00, 24, 49195
481, 6068336.00, 6165580.00, 5528120.00, 24, 49298
482, 6062858.00, 6170899.00, 5509072.00, 24, 49401
483, 6060348.00, 6180012.00, 5489014.00, 24, 49504
484, 6059824.00, 6188318.00, 5474818.00, 24, 49607
485, 6063069.00, 6194081.00, 5467864.00, 24, 49709
486, 6071144.00, 6189384.00, 5476468.00, 24, 49812
487, 6076484.00, 6186050.00, 5494289.00, 24, 49915
488, 6076682.00, 6185439.00, 5503281.00, 24, 50018
489, 6075927.00, 6184602.00, 5504279.00, 24, 50121
490, 6075233.00, 6183805.00, 5505432.00, 24, 50224
491, 6074039.00, 6183502.00, 5505104.00, 24, 50327
492, 6071990.00, 6185169.00, 5500003.00, 24, 50430
493, 6069999.00, 6188553.00, 5491723.00, 24, 50533
494, 6068967.00, 6192759.00, 5482193.00, 24, 50636
495, 6068955.00, 6197192.00, 5473031.00, 24, 50739
496, 6072074.00, 6202286.00, 5465873.00, 24, 50842
497, 6077910.00, 6209471.00, 5464276.00, 24, 50944
498, 6079043.00, 6214113.00, 5463771.00, 24, 51047
499, 6076793.00, 6214890.00, 5459659.00, 24, 51150
500, 6074283.00, 6212400.00, 5456686.00, 24, 51253
501, 6071456.00, 6209215.00, 5456098.00, 24, 51356
502, 6069266.00, 6207626.00, 5453024.00, 24, 51459
503, 6068573.00, 6206514.00, 5453870.00, 24, 51562
504, 6068865.00, 6205739.00, 5454441.00, 24, 51665
505, 6071632.00, 6205406.00, 5458754.00, 24, 51768
506, 6071748.00, 6203776.00, 5460819.00, 24, 51871
507, 6068463.00, 6204096.00, 5453637.00, 24, 51974
508, 6069203.00, 6206545.00, 5451690.00, 24, 52077
509, 6070752.00, 6206272.00, 5455213.00, 24, 52180
510, 6069221.00, 6206083.00, 5452587.00, 24, 52282
511, 6067385.00, 6206375.00, 5448972.00, 24, 52385
512, 6066584.00, 6203071.00, 5450582.00, 24, 52488
513, 6065908.00, 6199338.00, 5456054.00, 24, 52591
514, 6064911.00, 6196665.00, 5461619.00, 24, 52694
515, 6064680.00, 6194844.00, 5464902.00, 24, 52797
516, 6064788.00, 6193327.00, 5471304.00, 24, 52900
517, 6065199.00, 6192861.00, 5472138.00, 24, 53003
518, 6066516.00, 6193256.00, 5472210.00, 24, 53106
519, 6068011.00, 6194757.00, 5470922.00, 24, 53209
520, 6069786.00, 6196094.00, 5470287.00, 24, 53312
521, 6069422.00, 6198785.00, 5465167.00, 24, 53415
522, 6067706.00, 6203726.00, 5454582.00, 24, 53517
523, 6068836.00, 6206652.00, 5449820.00, 24, 53620
524, 6071152.00, 6206710.00, 5451555.00, 24, 53723
525, 6072051.00, 6207876.00, 5450335.00, 24, 53826
526, 6073282.00, 6210517.00, 5445628.00, 24, 53929
527, 6076514.00, 6210494.00, 5446356.00, 24, 54032
528, 6079274.00, 6207505.00, 5453697.00, 24, 54135
529, 6080899.00, 6207309.00, 5455525.00, 24, 54238
530, 6082250.00, 6207448.00, 5455301.00, 24, 54341
531, 6081844.00, 6208225.00, 5448814.00, 24, 54444
532, 6081833.00, 6211984.00, 5441636.00, 24, 54547
533, 6085305.00, 6214808.00, 5444034.00, 24, 54650
534, 6089230.00, 6212650.00, 5450363.00, 24, 54752
535, 6091051.00, 6210118.00, 5451789.00, 24, 54855
536, 6092528.00, 6209958.00, 5453190.00, 24, 54958
537, 6093961.00, 6206397.00, 5458247.00, 24, 55061
538, 6093817.00, 6207003.00, 5460593.00, 24, 55164
539, 6093971.00, 6207367.00, 5459256.00, 24, 55267
540, 6096813.00, 6202833.00, 5464111.00, 24, 55370
541, 6099030.00, 6196412.00, 5476182.00, 24, 55473
542, 6101099.00, 6188377.00, 5488367.00, 24, 55576
543, 6103660.00, 6178111.00, 5506944.00, 24, 55679
544, 6102584.00, 6173792.00, 5523974.00, 24, 55782
545, 6097816.00, 6175419.00, 5513597.00, 24, 55885
546, 6090782.00, 6183045.00, 5486663.00, 24, 55987
547, 6083289.00, 6192762.00, 5459499.00, 24, 56090
548, 6085855.00, 6179461.00, 5465438.00, 24, 56193
549, 6102674.00, 6142969.00, 5490856.00, 24, 56296
550, 6131161.00, 6099013.00, 5527841.00, 24, 56399
551, 6159039.00, 6040576.00, 5579379.00, 24, 56502
552, 6178029.00, 5972583.00, 5624209.00, 24, 56605
553, 6192920.00, 5918103.00, 5659037.00, 24, 56708
554, 6186356.00, 5911870.00, 5616464.00, 24, 56811
555, 6171403.00, 5933625.00, 5514006.00, 24, 56914
556, 6157173.00, 5932826.00, 5463515.00, 24, 57017
557, 6153354.00, 5924990.00, 5444742.00, 24, 57119
558, 6163259.00, 5906155.00, 5468288.00, 24, 57222
559, 6172155.00, 5886851.00, 5530328.00, 24, 57325
560, 6185741.00, 5877596.00, 5579675.00, 24, 57428
561, 6192058.00, 5868576.00, 5599721.00, 24, 57531
562, 6188847.00, 5872093.00, 5570731.00, 24, 57634
563, 6174862.00, 5909010.00, 5521817.00, 24, 57737
BASELINE Time: 10:46:48
RECORDING Time: 10:46:51
1, 6155867.00, 6000557.00, 5215019.00, 24, 0
2, 6158267.00, 6005948.00, 5204645.00, 24, 0
3, 6164956.00, 6013426.00, 5191402.00, 24, 103
4, 6168546.00, 6013188.00, 5186318.00, 24, 206
5, 6169010.00, 5997483.00, 5203526.00, 24, 309
6, 6164999.00, 5974871.00, 5253393.00, 24, 411
7, 6149703.00, 5966027.00, 5233052.00, 24, 514
8, 6145099.00, 5975157.00, 5217438.00, 24, 617
9, 6143507.00, 5988902.00, 5203693.00, 24, 720
10, 6134310.00, 6006934.00, 5177142.00, 24, 823
11, 6107881.00, 6029601.00, 5137781.00, 24, 926
12, 6080882.00, 6050763.00, 5098314.00, 24, 1029
13, 6056774.00, 6067824.00, 5057913.00, 24, 1132
14, 6035386.00, 6067126.00, 5023028.00, 24, 1235
15, 6025184.00, 6076248.00, 4953703.00, 24, 1338
16, 6037587.00, 6109427.00, 4883988.00, 24, 1440
17, 6051395.00, 6135882.00, 4870429.00, 24, 1543
18, 6049018.00, 6145668.00, 4908346.00, 24, 1646
19, 6043388.00, 6153571.00, 4952188.00, 24, 1749
20, 6054806.00, 6176556.00, 4965385.00, 24, 1852
21, 6059357.00, 6245046.00, 4955870.00, 24, 1955
22, 6054210.00, 6278519.00, 4933653.00, 24, 2058
23, 6048363.00, 6309237.00, 4910734.00, 24, 2161
24, 6049002.00, 6320911.00, 4912360.00, 24, 2264
25, 6056713.00, 6314702.00, 4940933.00, 24, 2367
26, 6070303.00, 6315651.00, 4953167.00, 24, 2470
27, 6082451.00, 6317988.00, 4950274.00, 24, 2572
28, 6091577.00, 6325135.00, 4939807.00, 24, 2675
29, 6090948.00, 6350685.00, 4898178.00, 24, 2778
30, 6092444.00, 6363055.00, 4865312.00, 24, 2881
31, 6113280.00, 6377003.00, 4850451.00, 24, 2984
32, 6136460.00, 6394476.00, 4826295.00, 24, 3087
33, 6144208.00, 6408749.00, 4815554.00, 24, 3190
34, 6120707.00, 6408864.00, 4813991.00, 24, 3293
35, 6103411.00, 6384964.00, 4840392.00, 24, 3396
36, 6082085.00, 6374988.00, 4851451.00, 24, 3499
37, 6069457.00, 6358785.00, 4890352.00, 24, 3602
38, 6090365.00, 6336745.00, 4958744.00, 24, 3705
39, 6106532.00, 6298963.00, 5033021.00, 24, 3807
40, 6121700.00, 6272154.00, 5053839.00, 24, 3910
41, 6136612.00, 6280270.00, 5033007.00, 24, 4013
42, 6144086.00, 6293864.00, 5022726.00, 24, 4116
43, 6122746.00, 6278931.00, 5045482.00, 24, 4219
44, 6107587.00, 6244256.00, 5059927.00, 24, 4322
45, 6106970.00, 6239856.00, 5057532.00, 24, 4425
46, 6110749.00, 6237560.00, 5059398.00, 24, 4528
47, 6120632.00, 6237496.00, 5059165.00, 24, 4631
48, 6128515.00, 6277964.00, 5043904.00, 24, 4734
49, 6098923.00, 6336460.00, 4861885.00, 24, 4836
50, 5998835.00, 6353303.00, 4712067.00, 24, 4939
51, 5904631.00, 6315853.00, 4620345.00, 24, 5042
52, 5846007.00, 6280420.00, 4566211.00, 24, 5145
53, 5782016.00, 6259442.00, 4494940.00, 24, 5248
54, 5724204.00, 6253254.00, 4401460.00, 24, 5351
55, 5725221.00, 6276484.00, 4322348.00, 24, 5454
56, 5762638.00, 6218376.00, 4408704.00, 24, 5557
57, 5779837.00, 6059828.00, 4653899.00, 24, 5660
58, 5770511.00, 5916399.00, 4885561.00, 24, 5763
59, 5737355.00, 5793662.00, 5071026.00, 24, 5865
60, 5715086.00, 5739844.00, 5167420.00, 24, 5968
61, 5705379.00, 5732881.00, 5194467.00, 24, 6071
62, 5703694.00, 5730187.00, 5223180.00, 24, 6174
63, 5704414.00, 5729529.00, 5257126.00, 24, 6277
64, 5703469.00, 5735032.00, 5249321.00, 24, 6380
65, 5705919.00, 5737473.00, 5262780.00, 24, 6483
66, 5706249.00, 5720264.00, 5311251.00, 24, 6586
67, 5698023.00, 5691956.00, 5349461.00, 24, 6689
68, 5689988.00, 5667085.00, 5400354.00, 24, 6792
69, 5678092.00, 5636183.00, 5464859.00, 24, 6894
70, 5665173.00, 5612761.00, 5510011.00, 24, 6997
71, 5663526.00, 5602773.00, 5523196.00, 24, 7100
72, 5670877.00, 5581233.00, 5572598.00, 24, 7203
73, 5668137.00, 5524110.00, 5669864.00, 24, 7306
74, 5665076.00, 5462990.00, 5722257.00, 24, 7409
75, 5663677.00, 5487681.00, 5685633.00, 24, 7512
76, 5665273.00, 5500963.00, 5624937.00, 24, 7615
77, 5669560.00, 5495736.00, 5619404.00, 24, 7718
78, 5670719.00, 5484833.00, 5638763.00, 24, 7821
79, 5669359.00, 5483993.00, 5637173.00, 24, 7924
80, 5667377.00, 5487438.00, 5632646.00, 24, 8026
81, 5666761.00, 5489113.00, 5633261.00, 24, 8129
82, 5664723.00, 5495787.00, 5621316.00, 24, 8232
83, 5658853.00, 5514100.00, 5582435.00, 24, 8335
84, 5656662.00, 5527008.00, 5553394.00, 24, 8438
85, 5655003.00, 5531589.00, 5540419.00, 24, 8541
86, 5654951.00, 5540197.00, 5516136.00, 24, 8644
87, 5659057.00, 5540805.00, 5506807.00, 24, 8747
88, 5660586.00, 5536171.00, 5516280.00, 24, 8850
89, 5659993.00, 5538842.00, 5508947.00, 24, 8953
90, 5661262.00, 5535506.00, 5508607.00, 24, 9055
91, 5659835.00, 5530401.00, 5522911.00, 24, 9158
92, 5655574.00, 5527417.00, 5533971.00, 24, 9261
93, 5651333.00, 5518748.00, 5548138.00, 24, 9364
94, 5649050.00, 5511221.00, 5562651.00, 24, 9467
95, 5649362.00, 5503660.00, 5583326.00, 24, 9570
96, 5648800.00, 5500447.00, 5583346.00, 24, 9673
97, 5646525.00, 5510213.00, 5561115.00, 24, 9776
98, 5647491.00, 5517317.00, 5550326.00, 24, 9879
99, 5647658.00, 5517288.00, 5546546.00, 24, 9982
100, 5648008.00, 5511688.00, 5548463.00, 24, 10084
101, 5646578.00, 5511037.00, 5558624.00, 24, 10187
102, 5641865.00, 5513813.00, 5554009.00, 24, 10290
103, 5642886.00, 5508636.00, 5552395.00, 24, 10393
104, 5645418.00, 5502314.00, 5568142.00, 24, 10496
105, 5645135.00, 5499719.00, 5582829.00, 24, 10599
106, 5646034.00, 5496174.00, 5590815.00, 24, 10702
107, 5648801.00, 5497126.00, 5588958.00, 24, 10805
108, 5649481.00, 5502901.00, 5580013.00, 24, 10908
109, 5651199.00, 5503374.00, 5582098.00, 24, 11011
110, 5653062.00, 5503012.00, 5583665.00, 24, 11113
111, 5651952.00, 5503764.00, 5580359.00, 24, 11216
112, 5648684.00, 5502196.00, 5576149.00, 24, 11319
113, 5648037.00, 5498672.00, 5576616.00, 24, 11422
114, 5649942.00, 5491590.00, 5589664.00, 24, 11525
115, 5654126.00, 5483902.00, 5608691.00, 24, 11628
116, 5659149.00, 5483845.00, 5614555.00, 24, 11731
117, 5663023.00, 5492211.00, 5602161.00, 24, 11834
118, 5666460.00, 5522276.00, 5550726.00, 24, 11937
119, 5674096.00, 5571091.00, 5399349.00, 24, 12040
120, 5677256.00, 5632326.00, 5281808.00, 24, 12143
121, 5691057.00, 5707457.00, 5185589.00, 24, 12245
122, 5721305.00, 5761324.00, 5175680.00, 24, 12348
123, 5737138.00, 5769353.00, 5183555.00, 24, 12451
124, 5738952.00, 5767144.00, 5174019.00, 24, 12554
125, 5742148.00, 5772842.00, 5159624.00, 24, 12657
126, 5752719.00, 5777648.00, 5187396.00, 24, 12760
127, 5765478.00, 5737439.00, 5235247.00, 24, 12863
128, 5802365.00, 5814109.00, 5230299.00, 24, 12966
129, 5904714.00, 5998777.00, 5108676.00, 24, 13069
130, 5966198.00, 6065903.00, 5015671.00, 24, 13172
131, 5960053.00, 6072816.00, 5003699.00, 24, 13275
132, 5945230.00, 6053847.00, 5006695.00, 24, 13377
133, 5931368.00, 6025000.00, 5098055.00, 24, 13480
134, 5930261.00, 6028713.00, 5089128.00, 24, 13583
135, 5944259.00, 6062713.00, 5036303.00, 24, 13686
136, 5971116.00, 6102038.00, 4981692.00, 24, 13789
137, 5997918.00, 6150754.00, 4913557.00, 24, 13892
138, 6006313.00, 6176815.00, 4894606.00, 24, 13995
139, 6011284.00, 6141901.00, 4970883.00, 24, 14098
140, 6027651.00, 6115976.00, 5051278.00, 24, 14201
141, 6039433.00, 6106710.00, 5119957.00, 24, 14304
142, 6033306.00, 6090017.00, 5181748.00, 24, 14406
143, 6026643.00, 6040999.00, 5265282.00, 24, 14509
144, 6025411.00, 5990027.00, 5344521.00, 24, 14612
145, 6017971.00, 5964578.00, 5355423.00, 24, 14715
146, 6019984.00, 5928554.00, 5374233.00, 24, 14818
147, 6029161.00, 5899433.00, 5410185.00, 24, 14921
148, 6038633.00, 5880605.00, 5442832.00, 24, 15024
149, 6050997.00, 5856203.00, 5464817.00, 24, 15127
150, 6076153.00, 5823599.00, 5496816.00, 24, 15230
151, 6100856.00, 5810426.00, 5496595.00, 24, 15333
152, 6113850.00, 5839767.00, 5447799.00, 24, 15436
153, 6134892.00, 5914172.00, 5417529.00, 24, 15538
154, 6150941.00, 5952814.00, 5381205.00, 24, 15641
155, 6147651.00, 5954430.00, 5350895.00, 24, 15744
156, 6130505.00, 5941217.00, 5342811.00, 24, 15847
157, 6111442.00, 5931538.00, 5313479.00, 24, 15950
158, 6104675.00, 5920189.00, 5305358.00, 24, 16053
159, 6103628.00, 5923265.00, 5309495.00, 24, 16156
160, 6098751.00, 5940342.00, 5295501.00, 24, 16259
161, 6087975.00, 5957591.00, 5265229.00, 24, 16362
162, 6072119.00, 5979218.00, 5154083.00, 24, 16465
163, 6052106.00, 6004240.00, 5082139.00, 24, 16567
164, 6029357.00, 6024712.00, 5021384.00, 24, 16670
RECORDING Time: 10:47:8
BASELINE Time: 10:47:10
1, 6056953.00, 6102377.00, 4865827.00, 24, 0
2, 6050718.00, 6105482.00, 4847502.00, 24, 0
3, 6052266.00, 6098750.00, 4878021.00, 24, 103
4, 6059637.00, 6093073.00, 4891681.00, 24, 206
5, 6074118.00, 6089020.00, 4905259.00, 24, 309
6, 6085223.00, 6083555.00, 4927083.00, 24, 412
7, 6087656.00, 6078865.00, 4941823.00, 24, 515
8, 6085128.00, 6077084.00, 4948182.00, 24, 618
9, 6080584.00, 6083314.00, 4933749.00, 24, 721
10, 6071467.00, 6093846.00, 4918159.00, 24, 824
11, 6051993.00, 6087200.00, 4936489.00, 24, 926
12, 6041601.00, 6077665.00, 4943192.00, 24, 1029
13, 6049770.00, 6082988.00, 4898315.00, 24, 1132
14, 6052323.00, 6085500.00, 4868515.00, 24, 1235
15, 6049546.00, 6086028.00, 4869492.00, 24, 1338
16, 6045897.00, 6088242.00, 4862276.00, 24, 1441
17, 6041827.00, 6088948.00, 4850602.00, 24, 1544
18, 6037198.00, 6088575.00, 4842914.00, 24, 1647
19, 6033624.00, 6083492.00, 4840174.00, 24, 1750
20, 6031242.00, 6076350.00, 4842161.00, 24, 1853
21, 6031322.00, 6059802.00, 4857992.00, 24, 1956
22, 6031659.00, 6032922.00, 4894166.00, 24, 2058
23, 6030226.00, 6009865.00, 4925398.00, 24, 2161
24, 6027174.00, 5981184.00, 4968686.00, 24, 2264
25, 6021159.00, 5950811.00, 5021872.00, 24, 2367
26, 6022214.00, 5930870.00, 5065641.00, 24, 2470
27, 6032358.00, 5934275.00, 5088985.00, 24, 2573
28, 6055039.00, 5963434.00, 5080805.00, 24, 2676
29, 6075948.00, 5995151.00, 5074625.00, 24, 2779
30, 6092443.00, 6040636.00, 5058137.00, 24, 2882
31, 6098063.00, 6108649.00, 4908400.00, 24, 2985
32, 6074023.00, 6217919.00, 4747621.00, 24, 3088
33, 6049999.00, 6319408.00, 4655670.00, 24, 3190
34, 6041410.00, 6374530.00, 4602556.00, 24, 3293
35, 6019664.00, 6439852.00, 4521506.00, 24, 3396
36, 6003215.00, 6476616.00, 4495356.00, 24, 3499
37, 6007939.00, 6473595.00, 4502933.00, 24, 3602
38, 6020160.00, 6456440.00, 4509448.00, 24, 3705
39, 6025265.00, 6458931.00, 4478595.00, 24, 3808
40, 6018718.00, 6494470.00, 4428509.00, 24, 3911
41, 6006429.00, 6508017.00, 4409677.00, 24, 4014
42, 5996074.00, 6491616.00, 4427846.00, 24, 4117
43, 5986349.00, 6467312.00, 4462691.00, 24, 4219
44, 5979433.00, 6447971.00, 4486290.00, 24, 4322
45, 5973226.00, 6404031.00, 4538397.00, 24, 4425
46, 5971352.00, 6392909.00, 4554471.00, 24, 4528
47, 5975830.00, 6398334.00, 4549431.00, 24, 4631
48, 5974763.00, 6410452.00, 4528997.00, 24, 4734
49, 5980258.00, 6423975.00, 4516146.00, 24, 4837
50, 5988760.00, 6425632.00, 4532150.00, 24, 4940
51, 5985343.00, 6412430.00, 4556057.00, 24, 5043
52, 5981149.00, 6402035.00, 4565970.00, 24, 5145
53, 5974599.00, 6388207.00, 4581132.00, 24, 5248
54, 5969037.00, 6379069.00, 4589156.00, 24, 5351
55, 5967363.00, 6378056.00, 4586667.00, 24, 5454
56, 5966737.00, 6382121.00, 4578223.00, 24, 5557
57, 5964665.00, 6381059.00, 4571807.00, 24, 5660
58, 5959836.00, 6372499.00, 4578664.00, 24, 5763
59, 5952943.00, 6367795.00, 4580772.00, 24, 5866
60, 5945125.00, 6360276.00, 4588237.00, 24, 5969
61, 5937027.00, 6351176.00, 4590381.00, 24, 6072
62, 5934356.00, 6344154.00, 4593123.00, 24, 6175
63, 5934597.00, 6338005.00, 4598312.00, 24, 6277
64, 5931938.00, 6331589.00, 4601346.00, 24, 6380
65, 5930477.00, 6325190.00, 4608936.00, 24, 6483
66, 5929014.00, 6319370.00, 4612053.00, 24, 6586
67, 5923850.00, 6322665.00, 4605632.00, 24, 6689
68, 5918419.00, 6327436.00, 4599680.00, 24, 6792
69, 5919697.00, 6333570.00, 4589398.00, 24, 6895
70, 5923755.00, 6337409.00, 4586258.00, 24, 6998
71, 5931442.00, 6337803.00, 4586904.00, 24, 7101
72, 5935635.00, 6339954.00, 4588064.00, 24, 7204
73, 5938060.00, 6334517.00, 4587673.00, 24, 7306
74, 5937816.00, 6333613.00, 4596851.00, 24, 7409
75, 5933536.00, 6343025.00, 4580330.00, 24, 7512
76, 5933863.00, 6345106.00, 4581784.00, 24, 7615
77, 5933977.00, 6330543.00, 4606461.00, 24, 7718
78, 5927977.00, 6324001.00, 4610903.00, 24, 7821
79, 5925432.00, 6332046.00, 4595604.00, 24, 7924
80, 5928469.00, 6340014.00, 4585114.00, 24, 8027
81, 5928952.00, 6344172.00, 4583041.00, 24, 8130
82, 5926593.00, 6340155.00, 4587384.00, 24, 8233
83, 5928196.00, 6329136.00, 4600133.00, 24, 8336
84, 5938928.00, 6318804.00, 4616559.00, 24, 8438
85, 5950401.00, 6309501.00, 4628338.00, 24, 8541
86, 5945225.00, 6301424.00, 4644825.00, 24, 8644
87, 5933751.00, 6315571.00, 4622173.00, 24, 8747
88, 5920390.00, 6319931.00, 4609063.00, 24, 8850
89, 5908823.00, 6314034.00, 4623089.00, 24, 8953
90, 5900778.00, 6299920.00, 4635951.00, 24, 9056
91, 5896526.00, 6288489.00, 4639734.00, 24, 9159
92, 5900373.00, 6281298.00, 4636895.00, 24, 9262
93, 5906504.00, 6284465.00, 4625844.00, 24, 9365
94, 5913900.00, 6293063.00, 4613917.00, 24, 9467
95, 5918708.00, 6307788.00, 4596023.00, 24, 9570
96, 5918308.00, 6323511.00, 4591054.00, 24, 9673
97, 5909155.00, 6322735.00, 4615936.00, 24, 9776
98, 5896688.00, 6260516.00, 4659986.00, 24, 9879
99, 5886161.00, 6210550.00, 4705085.00, 24, 9982
100, 5887650.00, 6161215.00, 4766322.00, 24, 10085
101, 5902431.00, 6130184.00, 4833961.00, 24, 10188
102, 5923148.00, 6096769.00, 4946984.00, 24, 10291
103, 5955272.00, 6011197.00, 5081439.00, 24, 10394
104, 5980764.00, 5927975.00, 5186048.00, 24, 10497
105, 5986802.00, 5912705.00, 5183712.00, 24, 10599
106, 5996836.00, 5909987.00, 5159005.00, 24, 10702
107, 6010807.00, 5899686.00, 5135933.00, 24, 10805
108, 6019301.00, 5891707.00, 5128639.00, 24, 10908
109, 6016190.00, 5899008.00, 5103010.00, 24, 11011
110, 6005871.00, 5912743.00, 5061676.00, 24, 11114
111, 5995188.00, 5920771.00, 5029159.00, 24, 11217
112, 5991088.00, 5924659.00, 5012584.00, 24, 11320
113, 5995903.00, 5929573.00, 5003625.00, 24, 11423
114, 5996341.00, 5944333.00, 4986914.00, 24, 11526
115, 5997843.00, 5972256.00, 4937287.00, 24, 11629
116, 6009431.00, 5980323.00, 4950378.00, 24, 11732
117, 6024975.00, 5966228.00, 4990995.00, 24, 11834
118, 6035241.00, 5954757.00, 5026664.00, 24, 11937
119, 6041961.00, 5940231.00, 5069913.00, 24, 12040
120, 6047068.00, 5926892.00, 5101118.00, 24, 12143
121, 6050862.00, 5920628.00, 5120978.00, 24, 12246
122, 6050425.00, 5917458.00, 5129152.00, 24, 12349
123, 6042978.00, 5915550.00, 5125083.00, 24, 12452
BASELINE Time: 10:47:23
RECORDING Time: 10:47:25
1, 6051677.00, 5960696.00, 5039713.00, 24, 0
2, 6044127.00, 5968601.00, 5032938.00, 24, 0
3, 6044383.00, 5970274.00, 5025798.00, 24, 103
4, 6042672.00, 5967688.00, 5014633.00, 24, 206
5, 6037001.00, 5969299.00, 4997268.00, 24, 309
6, 6032902.00, 5971828.00, 4984689.00, 24, 411
7, 6021230.00, 5970362.00, 4989154.00, 24, 514
8, 6007573.00, 5944557.00, 5013691.00, 24, 617
9, 6004369.00, 5940548.00, 5026049.00, 24, 720
10, 6005695.00, 5939710.00, 5026385.00, 24, 823
11, 6011362.00, 5932546.00, 5045119.00, 24, 926
12, 6015130.00, 5925825.00, 5073775.00, 24, 1029
13, 6015357.00, 5918041.00, 5096264.00, 24, 1132
14, 6013141.00, 5910224.00, 5127408.00, 24, 1235
15, 6004891.00, 5930196.00, 5080037.00, 24, 1338
16, 6006955.00, 5986215.00, 4999295.00, 24, 1441
17, 6021333.00, 6073702.00, 4888414.00, 24, 1543
18, 6032657.00, 6205888.00, 4727785.00, 24, 1646
19, 6028471.00, 6325130.00, 4605354.00, 24, 1749
20, 6029826.00, 6359643.00, 4585923.00, 24, 1852
21, 6026026.00, 6354329.00, 4602005.00, 24, 1955
22, 6025051.00, 6341338.00, 4637842.00, 24, 2058
23, 6025595.00, 6314942.00, 4703438.00, 24, 2161
24, 6026313.00, 6286169.00, 4755753.00, 24, 2264
25, 6021434.00, 6283442.00, 4763804.00, 24, 2367
26, 6013084.00, 6294863.00, 4727277.00, 24, 2470
27, 6038055.00, 6318206.00, 4665153.00, 24, 2573
28, 6068574.00, 6323000.00, 4661827.00, 24, 2676
29, 6097407.00, 6323291.00, 4670837.00, 24, 2778
30, 6117047.00, 6333000.00, 4698020.00, 24, 2881
31, 6095087.00, 6350092.00, 4674333.00, 24, 2984
32, 6070628.00, 6351303.00, 4694972.00, 24, 3087
33, 6052668.00, 6320574.00, 4798318.00, 24, 3190
34, 6054426.00, 6202670.00, 4922087.00, 24, 3293
35, 6056690.00, 6174294.00, 5005671.00, 24, 3396
36, 6050247.00, 6182791.00, 5015202.00, 24, 3499
37, 6044451.00, 6217510.00, 4964229.00, 24, 3602
38, 6045403.00, 6233370.00, 4930013.00, 24, 3705
39, 6057345.00, 6230381.00, 4930491.00, 24, 3808
40, 6070743.00, 6213655.00, 4946410.00, 24, 3910
41, 6078714.00, 6214049.00, 4962403.00, 24, 4013
42, 6097662.00, 6211180.00, 4959869.00, 24, 4116
43, 6109043.00, 6203938.00, 4992157.00, 24, 4219
44, 6062910.00, 6213807.00, 4854596.00, 24, 4322
45, 5952937.00, 6241996.00, 4629836.00, 24, 4425
46, 5842938.00, 6262658.00, 4452687.00, 24, 4528
47, 5798948.00, 6242889.00, 4425959.00, 24, 4631
48, 5776469.00, 6221237.00, 4428999.00, 24, 4734
49, 5772025.00, 6207961.00, 4434236.00, 24, 4837
50, 5769717.00, 6202681.00, 4413984.00, 24, 4940
51, 5752676.00, 6217024.00, 4343602.00, 24, 5043
52, 5722825.00, 6244140.00, 4245835.00, 24, 5145
53, 5709127.00, 6283697.00, 4129263.00, 24, 5248
54, 5723487.00, 6328119.00, 4039286.00, 24, 5351
55, 5741152.00, 6312074.00, 4084611.00, 24, 5454
56, 5735595.00, 6245121.00, 4206908.00, 24, 5557
57, 5725079.00, 6146040.00, 4350848.00, 24, 5660
58, 5716950.00, 6071172.00, 4504494.00, 24, 5763
59, 5715239.00, 6030469.00, 4545035.00, 24, 5866
60, 5714585.00, 5982294.00, 4574150.00, 24, 5969
61, 5708142.00, 5960963.00, 4592297.00, 24, 6072
62, 5704161.00, 5929747.00, 4626417.00, 24, 6175
63, 5710606.00, 5902228.00, 4678521.00, 24, 6277
64, 5719217.00, 5883431.00, 4730629.00, 24, 6380
65, 5715598.00, 5854386.00, 4789656.00, 24, 6483
66, 5708290.00, 5812069.00, 4859959.00, 24, 6586
67, 5706186.00, 5772530.00, 4931772.00, 24, 6689
68, 5698841.00, 5728660.00, 5010333.00, 24, 6792
69, 5689650.00, 5680654.00, 5096731.00, 24, 6895
70, 5692657.00, 5648417.00, 5182548.00, 24, 6998
71, 5710991.00, 5649232.00, 5236887.00, 24, 7101
72, 5735452.00, 5633224.00, 5320519.00, 24, 7204
73, 5747391.00, 5627010.00, 5264208.00, 24, 7306
74, 5743069.00, 5697197.00, 5123836.00, 24, 7409
75, 5746490.00, 5737855.00, 5097722.00, 24, 7512
76, 5760992.00, 5706843.00, 5152569.00, 24, 7615
77, 5769445.00, 5674059.00, 5182254.00, 24, 7718
78, 5769877.00, 5660921.00, 5190925.00, 24, 7821
79, 5764196.00, 5650433.00, 5203434.00, 24, 7924
80, 5760652.00, 5647607.00, 5207486.00, 24, 8027
81, 5757581.00, 5655616.00, 5193281.00, 24, 8130
82, 5754761.00, 5671865.00, 5160189.00, 24, 8233
83, 5753031.00, 5683426.00, 5138274.00, 24, 8335
84, 5749734.00, 5686571.00, 5128680.00, 24, 8438
85, 5745803.00, 5690156.00, 5115947.00, 24, 8541
86, 5743240.00, 5692081.00, 5106084.00, 24, 8644
87, 5741273.00, 5698309.00, 5096067.00, 24, 8747
88, 5740272.00, 5706506.00, 5083933.00, 24, 8850
89, 5741195.00, 5711764.00, 5078993.00, 24, 8953
90, 5744085.00, 5708312.00, 5089658.00, 24, 9056
91, 5744613.00, 5705131.00, 5095408.00, 24, 9159
92, 5740060.00, 5713022.00, 5080665.00, 24, 9262
93, 5732970.00, 5728593.00, 5049229.00, 24, 9365
94, 5729986.00, 5732597.00, 5034199.00, 24, 9467
95, 5728209.00, 5730271.00, 5034062.00, 24, 9570
96, 5726626.00, 5727008.00, 5036485.00, 25, 9673
97, 5724217.00, 5724825.00, 5040440.00, 25, 9776
98, 5717958.00, 5730072.00, 5035872.00, 25, 9879
99, 5715638.00, 5731282.00, 5023453.00, 25, 9982
100, 5720996.00, 5716957.00, 5059382.00, 25, 10085
101, 5729769.00, 5697709.00, 5091135.00, 25, 10188
102, 5733084.00, 5675713.00, 5114346.00, 25, 10291
103, 5730928.00, 5670312.00, 5097108.00, 25, 10394
104, 5733640.00, 5684507.00, 5081412.00, 25, 10497
105, 5738311.00, 5700072.00, 5053645.00, 25, 10599
106, 5738994.00, 5758684.00, 4915161.00, 25, 10702
107, 5759072.00, 5877346.00, 4770375.00, 25, 10805
108, 5811814.00, 5940794.00, 4743299.00, 25, 10908
109, 5826804.00, 5994101.00, 4690633.00, 25, 11011
110, 5809105.00, 6061172.00, 4562809.00, 25, 11114
111, 5796629.00, 6130526.00, 4452830.00, 25, 11217
112, 5786331.00, 6164591.00, 4426113.00, 25, 11320
113, 5764336.00, 6153538.00, 4470516.00, 25, 11423
114, 5731536.00, 6146072.00, 4523578.00, 25, 11526
115, 5718793.00, 6101416.00, 4585791.00, 25, 11628
116, 5727935.00, 6051737.00, 4659438.00, 25, 11731
117, 5746915.00, 6034165.00, 4691382.00, 25, 11834
118, 5758594.00, 6045812.00, 4663960.00, 25, 11937
119, 5769496.00, 6052559.00, 4633668.00, 25, 12040
120, 5789436.00, 6056036.00, 4622539.00, 25, 12143
121, 5799069.00, 6060670.00, 4613831.00, 25, 12246
122, 5795742.00, 6050340.00, 4626358.00, 25, 12349
123, 5793832.00, 6032098.00, 4651666.00, 25, 12452
124, 5796529.00, 6020908.00, 4667574.00, 25, 12555
125, 5800023.00, 6022017.00, 4670353.00, 25, 12657
126, 5794910.00, 6040481.00, 4652652.00, 25, 12760
127, 5765952.00, 6052961.00, 4635023.00, 25, 12863
128, 5725036.00, 6041589.00, 4635372.00, 25, 12966
129, 5709330.00, 6031631.00, 4625334.00, 25, 13069
130, 5736822.00, 6045364.00, 4587336.00, 25, 13172
131, 5759968.00, 6086252.00, 4533165.00, 25, 13275
132, 5770311.00, 6104913.00, 4564144.00, 25, 13378
133, 5791187.00, 6071122.00, 4650564.00, 25, 13481
134, 5796260.00, 6059683.00, 4683047.00, 25, 13584
135, 5770126.00, 6070781.00, 4662162.00, 25, 13686
136, 5765333.00, 6070968.00, 4647220.00, 25, 13789
137, 5784386.00, 6046700.00, 4698799.00, 25, 13892
138, 5789305.00, 6011892.00, 4748847.00, 25, 13995
139, 5777209.00, 5987201.00, 4732425.00, 25, 14098
140, 5779158.00, 5932089.00, 4744200.00, 25, 14201
141, 5792418.00, 5901357.00, 4830973.00, 25, 14304
142, 5793382.00, 5886094.00, 4890749.00, 25, 14407
143, 5803349.00, 5869932.00, 4930767.00, 25, 14510
144, 5822667.00, 5866551.00, 4919497.00, 25, 14613
145, 5829949.00, 5877322.00, 4889703.00, 25, 14715
146, 5838281.00, 5870258.00, 4891031.00, 25, 14818
147, 5854677.00, 5858225.00, 4905591.00, 25, 14921
148, 5868454.00, 5878222.00, 4869758.00, 25, 15024
149, 5873806.00, 5908988.00, 4816232.00, 25, 15127
150, 5872533.00, 5914296.00, 4803930.00, 25, 15230
151, 5869603.00, 5903206.00, 4824988.00, 25, 15333
152, 5865462.00, 5900662.00, 4835757.00, 25, 15436
153, 5863873.00, 5904307.00, 4831193.00, 25, 15539
154, 5866273.00, 5908954.00, 4824074.00, 25, 15642
155, 5867688.00, 5914276.00, 4814895.00, 25, 15744
156, 5866214.00, 5917110.00, 4803528.00, 25, 15847
157, 5867461.00, 5911753.00, 4820594.00, 25, 15950
158, 5871075.00, 5907949.00, 4824129.00, 25, 16053
159, 5872042.00, 5911587.00, 4820923.00, 25, 16156
160, 5876853.00, 5913364.00, 4830985.00, 25, 16259
161, 5887020.00, 5912366.00, 4842173.00, 25, 16362
162, 5897668.00, 5915376.00, 4847739.00, 25, 16465
163, 5905757.00, 5917144.00, 4861868.00, 25, 16568
164, 5909181.00, 5910064.00, 4880852.00, 25, 16671
165, 5906601.00, 5905013.00, 4881657.00, 25, 16773
166, 5905143.00, 5912085.00, 4868112.00, 25, 16876
167, 5910925.00, 5907884.00, 4868586.00, 25, 16979
168, 5916434.00, 5905430.00, 4885402.00, 25, 17082
169, 5917218.00, 5909712.00, 4891684.00, 25, 17185
170, 5914738.00, 5916488.00, 4883216.00, 25, 17288
171, 5914275.00, 5916455.00, 4879330.00, 25, 17391
172, 5916727.00, 5910940.00, 4891894.00, 25, 17494
173, 5920049.00, 5911375.00, 4892788.00, 25, 17597
174, 5923824.00, 5915330.00, 4889114.00, 25, 17700
175, 5925891.00, 5919987.00, 4883451.00, 25, 17802
176, 5925235.00, 5924003.00, 4875350.00, 25, 17905
177, 5923140.00, 5924974.00, 4869066.00, 25, 18008
178, 5920855.00, 5925514.00, 4861458.00, 25, 18111
179, 5919932.00, 5924137.00, 4858543.00, 25, 18214
180, 5921191.00, 5920108.00, 4861009.00, 25, 18317
181, 5925948.00, 5914044.00, 4868898.00, 25, 18420
182, 5933287.00, 5910157.00, 4878343.00, 25, 18523
183, 5938965.00, 5915028.00, 4874715.00, 25, 18626
184, 5943051.00, 5922345.00, 4865576.00, 25, 18729
185, 5945643.00, 5922985.00, 4880332.00, 25, 18831
186, 5946728.00, 5917145.00, 4889618.00, 25, 18934
187, 5946641.00, 5913196.00, 4892238.00, 25, 19037
188, 5948601.00, 5912307.00, 4897200.00, 25, 19140
189, 5951229.00, 5912427.00, 4900827.00, 25, 19243
190, 5948838.00, 5915405.00, 4894173.00, 25, 19346
191, 5944875.00, 5918717.00, 4898133.00, 25, 19449
192, 5945034.00, 5916722.00, 4907937.00, 25, 19552
193, 5945492.00, 5925095.00, 4898207.00, 25, 19655
194, 5945356.00, 5929702.00, 4884970.00, 25, 19758
195, 5948706.00, 5928699.00, 4879595.00, 25, 19861
196, 5954265.00, 5925135.00, 4887875.00, 25, 19963
197, 5957553.00, 5923353.00, 4898184.00, 25, 20066
198, 5957871.00, 5926075.00, 4899012.00, 25, 20169
199, 5956708.00, 5928434.00, 4883352.00, 25, 20272
200, 5954741.00, 5927841.00, 4878501.00, 25, 20375
201, 5953349.00, 5927588.00, 4869091.00, 25, 20478
202, 5952635.00, 5927568.00, 4858715.00, 25, 20581
203, 5949598.00, 5933452.00, 4836200.00, 25, 20684
204, 5942994.00, 5947771.00, 4798537.00, 25, 20787
205, 5934593.00, 5972568.00, 4739893.00, 25, 20890
206, 5925598.00, 5996585.00, 4668708.00, 25, 20992
RECORDING Time: 10:47:46
BASELINE Time: 10:47:48
1, 5875328.00, 6061186.00, 4511164.00, 25, 0
2, 5863827.00, 6060688.00, 4508773.00, 25, 0
3, 5869402.00, 6056615.00, 4511813.00, 25, 103
4, 5882113.00, 6049869.00, 4527356.00, 25, 206
5, 5887540.00, 6048748.00, 4534333.00, 25, 309
6, 5888015.00, 6050311.00, 4521793.00, 25, 412
7, 5872411.00, 6046051.00, 4541447.00, 25, 514
8, 5870669.00, 6036524.00, 4568925.00, 25, 617
9, 5879759.00, 6035277.00, 4575732.00, 25, 720
10, 5884380.00, 6037955.00, 4581888.00, 25, 823
11, 5889145.00, 6028641.00, 4603907.00, 25, 926
12, 5888418.00, 6006122.00, 4642588.00, 25, 1029
13, 5886060.00, 5984076.00, 4679395.00, 25, 1132
14, 5887798.00, 5978673.00, 4696634.00, 25, 1235
15, 5892355.00, 5980636.00, 4715333.00, 25, 1338
16, 5902024.00, 5977880.00, 4749645.00, 25, 1441
17, 5918638.00, 5989899.00, 4764554.00, 25, 1543
18, 5922535.00, 6038144.00, 4707711.00, 25, 1646
19, 5922213.00, 6097254.00, 4623731.00, 25, 1749
20, 5925703.00, 6115850.00, 4673874.00, 25, 1852
21, 5925882.00, 6094568.00, 4703936.00, 25, 1955
22, 5903812.00, 6086742.00, 4648178.00, 25, 2058
23, 5881813.00, 6184113.00, 4580058.00, 25, 2161
24, 5873505.00, 6217167.00, 4547291.00, 25, 2264
25, 5880122.00, 6232568.00, 4530051.00, 25, 2367
26, 5884874.00, 6273329.00, 4476782.00, 25, 2470
27, 5867039.00, 6299526.00, 4423879.00, 25, 2573
28, 5851501.00, 6309724.00, 4406464.00, 25, 2675
29, 5837925.00, 6317274.00, 4404248.00, 25, 2778
30, 5831315.00, 6301844.00, 4436130.00, 25, 2881
31, 5815133.00, 6291965.00, 4462292.00, 25, 2984
32, 5784237.00, 6274619.00, 4473039.00, 25, 3087
33, 5767208.00, 6267048.00, 4478963.00, 25, 3190
34, 5752023.00, 6256870.00, 4485357.00, 25, 3293
35, 5742544.00, 6235603.00, 4497586.00, 25, 3396
36, 5742250.00, 6230539.00, 4505716.00, 25, 3499
37, 5739062.00, 6219111.00, 4524023.00, 25, 3602
38, 5740207.00, 6211993.00, 4525393.00, 25, 3704
39, 5744959.00, 6224114.00, 4492404.00, 25, 3807
40, 5749886.00, 6247112.00, 4458887.00, 25, 3910
41, 5753137.00, 6248254.00, 4460765.00, 25, 4013
42, 5746671.00, 6233904.00, 4481641.00, 25, 4116
43, 5737914.00, 6212425.00, 4517793.00, 25, 4219
44, 5730507.00, 6195706.00, 4535742.00, 25, 4322
45, 5724696.00, 6193455.00, 4537522.00, 25, 4425
46, 5718184.00, 6180767.00, 4560105.00, 25, 4528
47, 5711210.00, 6167300.00, 4576280.00, 25, 4631
48, 5707986.00, 6158986.00, 4590136.00, 25, 4733
49, 5708221.00, 6150701.00, 4588581.00, 25, 4836
50, 5708271.00, 6156142.00, 4577083.00, 25, 4939
51, 5711573.00, 6160444.00, 4568367.00, 25, 5042
52, 5710870.00, 6156810.00, 4571589.00, 25, 5145
53, 5709193.00, 6151793.00, 4576466.00, 25, 5248
54, 5707134.00, 6148171.00, 4584400.00, 25, 5351
55, 5705367.00, 6157495.00, 4568679.00, 25, 5454
56, 5705870.00, 6167130.00, 4548834.00, 25, 5557
57, 5709475.00, 6170627.00, 4540764.00, 25, 5660
58, 5711854.00, 6167247.00, 4545520.00, 25, 5762
59, 5711329.00, 6159788.00, 4553423.00, 25, 5865
60, 5709546.00, 6147994.00, 4568227.00, 25, 5968
61, 5706562.00, 6135453.00, 4586544.00, 25, 6071
62, 5702970.00, 6126141.00, 4612556.00, 25, 6174
63, 5699086.00, 6114895.00, 4631697.00, 25, 6277
64, 5693648.00, 6101487.00, 4641269.00, 25, 6380
65, 5691104.00, 6098070.00, 4640550.00, 25, 6483
66, 5690351.00, 6098206.00, 4640515.00, 25, 6586
67, 5692665.00, 6100094.00, 4634402.00, 25, 6688
68, 5696465.00, 6106993.00, 4625402.00, 25, 6791
69, 5699083.00, 6116909.00, 4611970.00, 25, 6894
70, 5700031.00, 6124962.00, 4605988.00, 25, 6997
71, 5701137.00, 6127749.00, 4601733.00, 25, 7100
72, 5704072.00, 6131934.00, 4596158.00, 25, 7203
73, 5707353.00, 6136572.00, 4590425.00, 25, 7306
74, 5707569.00, 6141205.00, 4584862.00, 25, 7409
75, 5707718.00, 6146729.00, 4576911.00, 25, 7512
76, 5709748.00, 6131788.00, 4588245.00, 25, 7615
77, 5711755.00, 6122594.00, 4623665.00, 25, 7717
78, 5719853.00, 6132750.00, 4606276.00, 25, 7820
79, 5724008.00, 6154102.00, 4574420.00, 25, 7923
80, 5718911.00, 6167741.00, 4548769.00, 25, 8026
81, 5718448.00, 6174035.00, 4538457.00, 25, 8129
82, 5723663.00, 6178187.00, 4533718.00, 25, 8232
83, 5728190.00, 6176175.00, 4533110.00, 25, 8335
84, 5732047.00, 6170482.00, 4537222.00, 25, 8438
85, 5728024.00, 6158546.00, 4552819.00, 25, 8541
86, 5720542.00, 6136117.00, 4586103.00, 25, 8644
87, 5716196.00, 6120020.00, 4612345.00, 25, 8746
88, 5714450.00, 6114022.00, 4617678.00, 25, 8849
89, 5712928.00, 6109111.00, 4622409.00, 25, 8952
90, 5710958.00, 6107775.00, 4623807.00, 25, 9055
91, 5710431.00, 6108591.00, 4610615.00, 25, 9158
92, 5712680.00, 6102127.00, 4621407.00, 25, 9261
93, 5719916.00, 6109670.00, 4615378.00, 25, 9364
94, 5730453.00, 6132389.00, 4600945.00, 25, 9467
95, 5735534.00, 6150701.00, 4591354.00, 25, 9570
96, 5739506.00, 6157629.00, 4598218.00, 25, 9672
97, 5747416.00, 6141475.00, 4653392.00, 25, 9775
98, 5766133.00, 6108719.00, 4714356.00, 25, 9878
99, 5785898.00, 6069945.00, 4751538.00, 25, 9981
100, 5814476.00, 6039735.00, 4756091.00, 25, 10084
101, 5853292.00, 6016054.00, 4792374.00, 25, 10187
102, 5886384.00, 5931077.00, 4864845.00, 25, 10290
103, 5896253.00, 5877420.00, 4959181.00, 25, 10393
104, 5895356.00, 5865922.00, 5015533.00, 25, 10496
105, 5903914.00, 5835626.00, 5020939.00, 25, 10599
106, 5926521.00, 5789991.00, 5110059.00, 25, 10701
107, 5947177.00, 5780089.00, 5162397.00, 25, 10804
108, 5956988.00, 5788277.00, 5170826.00, 25, 10907
109, 5949600.00, 5793639.00, 5148734.00, 25, 11010
110, 5933798.00, 5818410.00, 5066007.00, 25, 11113
111, 5920974.00, 5830342.00, 5010388.00, 25, 11216
112, 5908149.00, 5834994.00, 4971631.00, 25, 11319
113, 5903522.00, 5841570.00, 4944683.00, 25, 11422
114, 5904467.00, 5841765.00, 4943540.00, 25, 11525
115, 5911113.00, 5831489.00, 4970408.00, 25, 11628
116, 5920024.00, 5813853.00, 5023243.00, 25, 11731
117, 5926184.00, 5806870.00, 5056577.00, 25, 11833
118, 5928952.00, 5802513.00, 5076968.00, 25, 11936
119, 5919675.00, 5805574.00, 5035725.00, 25, 12039
120, 5889261.00, 5821915.00, 4935970.00, 25, 12142
BASELINE Time: 10:48:0
RECORDING Time: 10:48:2
1, 5904929.00, 5860989.00, 4807387.00, 25, 0
2, 5908270.00, 5860542.00, 4792022.00, 25, 0
3, 5915077.00, 5863286.00, 4775605.00, 25, 103
4, 5916596.00, 5868401.00, 4767918.00, 25, 206
5, 5918363.00, 5871444.00, 4764629.00, 25, 309
6, 5918528.00, 5872817.00, 4767117.00, 25, 412
7, 5912573.00, 5882513.00, 4756374.00, 25, 515
8, 5907748.00, 5902492.00, 4692052.00, 25, 618
9, 5907898.00, 5908586.00, 4720723.00, 25, 721
10, 5913269.00, 5882336.00, 4804957.00, 25, 823
11, 5918282.00, 5832846.00, 4882158.00, 25, 926
12, 5921019.00, 5802257.00, 4898947.00, 25, 1029
13, 5921451.00, 5811440.00, 4869219.00, 25, 1132
14, 5933958.00, 5830162.00, 4855617.00, 25, 1235
15, 5959557.00, 5853392.00, 4822976.00, 25, 1338
16, 5990219.00, 6063820.00, 4726405.00, 25, 1441
17, 6002096.00, 6245547.00, 4556011.00, 25, 1544
18, 5979742.00, 6350773.00, 4380617.00, 25, 1647
19, 5980051.00, 6372371.00, 4311303.00, 25, 1750
20, 5995948.00, 6374859.00, 4329009.00, 25, 1853
21, 6002669.00, 6367839.00, 4349080.00, 25, 1955
22, 6009191.00, 6321698.00, 4386065.00, 25, 2058
23, 6019797.00, 6288056.00, 4452957.00, 25, 2161
24, 6005084.00, 6289875.00, 4426744.00, 25, 2264
25, 5978978.00, 6280935.00, 4439729.00, 25, 2367
26, 5958695.00, 6273407.00, 4454237.00, 25, 2470
27, 5960341.00, 6229785.00, 4556380.00, 25, 2573
28, 5983572.00, 6182380.00, 4660316.00, 25, 2676
29, 5997882.00, 6192582.00, 4675467.00, 25, 2779
30, 5960972.00, 6214574.00, 4642186.00, 25, 2882
31, 5916116.00, 6225229.00, 4617693.00, 25, 2984
32, 5887289.00, 6214585.00, 4643158.00, 25, 3087
33, 5854399.00, 6202560.00, 4662281.00, 25, 3190
34, 5831936.00, 6196173.00, 4662670.00, 25, 3293
35, 5804669.00, 6182896.00, 4666178.00, 25, 3396
36, 5743695.00, 6168733.00, 4639822.00, 25, 3499
37, 5640207.00, 6146984.00, 4456873.00, 25, 3602
38, 5575835.00, 6105828.00, 4371484.00, 25, 3705
39, 5566563.00, 6089906.00, 4330253.00, 25, 3808
40, 5560725.00, 6094671.00, 4282991.00, 25, 3911
41, 5542881.00, 6100896.00, 4226385.00, 25, 4013
42, 5532630.00, 6098959.00, 4186701.00, 25, 4116
43, 5555452.00, 6096538.00, 4181049.00, 25, 4219
44, 5589827.00, 6084041.00, 4224591.00, 25, 4322
45, 5598953.00, 6084537.00, 4263700.00, 25, 4425
46, 5606047.00, 6117021.00, 4240496.00, 25, 4528
47, 5647781.00, 6156210.00, 4182970.00, 25, 4631
48, 5745228.00, 6191504.00, 4148298.00, 25, 4734
49, 5778871.00, 6235412.00, 4136323.00, 25, 4837
50, 5781078.00, 6256400.00, 4059930.00, 25, 4940
51, 5798252.00, 6188437.00, 4297081.00, 25, 5043
52, 5795062.00, 6094630.00, 4435456.00, 25, 5145
53, 5789280.00, 6082380.00, 4428148.00, 25, 5248
54, 5770207.00, 6137557.00, 4345192.00, 25, 5351
55, 5789811.00, 6168771.00, 4357601.00, 25, 5454
56, 5825765.00, 6143080.00, 4459404.00, 25, 5557
57, 5806084.00, 6143031.00, 4448601.00, 25, 5660
58, 5750555.00, 6248547.00, 4210441.00, 25, 5763
59, 5737481.00, 6363425.00, 3976195.00, 25, 5866
60, 5778408.00, 6369543.00, 3958226.00, 25, 5969
61, 5829009.00, 6196855.00, 4238429.00, 25, 6072
62, 5878655.00, 5940686.00, 4649971.00, 25, 6174
63, 5878437.00, 5782223.00, 4999091.00, 25, 6277
64, 5811572.00, 5591826.00, 5364945.00, 25, 6380
65, 5740054.00, 5425992.00, 5664719.00, 25, 6483
66, 5707186.00, 5371665.00, 5652846.00, 25, 6586
67, 5704643.00, 5364034.00, 5744910.00, 25, 6689
68, 5735621.00, 5291730.00, 5877102.00, 25, 6792
69, 5750692.00, 5430613.00, 5798542.00, 25, 6895
70, 5767390.00, 5594849.00, 5564893.00, 25, 6998
71, 5810692.00, 5769700.00, 5233845.00, 25, 7101
72, 5758829.00, 6051905.00, 4615910.00, 25, 7204
73, 5701770.00, 6208465.00, 4188639.00, 25, 7306
74, 5742627.00, 6387008.00, 3928270.00, 25, 7409
75, 5820726.00, 6533166.00, 3689735.00, 25, 7512
76, 5897741.00, 6520363.00, 3667379.00, 25, 7615
77, 5919912.00, 6394591.00, 3858374.00, 25, 7718
78, 5903294.00, 6185186.00, 4094407.00, 25, 7821
79, 5861982.00, 5950326.00, 4614771.00, 25, 7924
80, 5830512.00, 5855878.00, 4624388.00, 25, 8027
81, 5808991.00, 5876902.00, 4587669.00, 25, 8130
82, 5797093.00, 5910939.00, 4594473.00, 25, 8233
83, 5810203.00, 5922010.00, 4649850.00, 25, 8336
84, 5823530.00, 5912310.00, 4695639.00, 25, 8438
85, 5827848.00, 5909443.00, 4703550.00, 25, 8541
86, 5835081.00, 5908057.00, 4707693.00, 25, 8644
87, 5838437.00, 5908687.00, 4705706.00, 25, 8747
88, 5833925.00, 5939420.00, 4654979.00, 25, 8850
89, 5838228.00, 5980892.00, 4606340.00, 25, 8953
90, 5828025.00, 5998822.00, 4586485.00, 25, 9056
91, 5812753.00, 6007060.00, 4558968.00, 25, 9159
92, 5825433.00, 5991128.00, 4584266.00, 25, 9262
93, 5847148.00, 5953855.00, 4771933.00, 25, 9365
94, 5865772.00, 5911428.00, 4861913.00, 25, 9467
95, 5879665.00, 5852906.00, 4898845.00, 25, 9570
96, 5879960.00, 5854373.00, 4900205.00, 25, 9673
97, 5877435.00, 5853306.00, 4908709.00, 25, 9776
98, 5874431.00, 5860254.00, 4899105.00, 25, 9879
99, 5862697.00, 5887153.00, 4849706.00, 25, 9982
100, 5860397.00, 5897183.00, 4814231.00, 25, 10085
101, 5861910.00, 5890438.00, 4820242.00, 25, 10188
102, 5852645.00, 5898752.00, 4805057.00, 25, 10291
103, 5846959.00, 5910009.00, 4793708.00, 25, 10394
104, 5843888.00, 5908790.00, 4805741.00, 25, 10496
105, 5832063.00, 5905597.00, 4814444.00, 25, 10599
106, 5810278.00, 5926334.00, 4756201.00, 25, 10702
107, 5806078.00, 5929541.00, 4682410.00, 25, 10805
108, 5807088.00, 5916556.00, 4670066.00, 25, 10908
109, 5805004.00, 5908055.00, 4681930.00, 25, 11011
110, 5801297.00, 5897531.00, 4700779.00, 25, 11114
111, 5792337.00, 5892830.00, 4713967.00, 25, 11217
112, 5781180.00, 5893348.00, 4713677.00, 25, 11320
113, 5763392.00, 5905215.00, 4688214.00, 25, 11423
114, 5741419.00, 5924255.00, 4651092.00, 25, 11525
115, 5724621.00, 5940657.00, 4631218.00, 25, 11628
116, 5714560.00, 5943683.00, 4633829.00, 25, 11731
117, 5709400.00, 5938137.00, 4647402.00, 25, 11834
118, 5709197.00, 5921779.00, 4682083.00, 25, 11937
119, 5713537.00, 5907839.00, 4711532.00, 25, 12040
120, 5718847.00, 5920404.00, 4706814.00, 25, 12143
121, 5723026.00, 5933620.00, 4694109.00, 25, 12246
122, 5724477.00, 5930681.00, 4678122.00, 25, 12349
123, 5725091.00, 5923138.00, 4679511.00, 25, 12452
124, 5720930.00, 5928297.00, 4657212.00, 25, 12554
125, 5710660.00, 5947768.00, 4613124.00, 25, 12657
126, 5699553.00, 5962930.00, 4573208.00, 25, 12760
127, 5693838.00, 5963537.00, 4554316.00, 25, 12863
128, 5693023.00, 5953770.00, 4550363.00, 25, 12966
129, 5689034.00, 5939350.00, 4560298.00, 25, 13069
130, 5682562.00, 5936077.00, 4565876.00, 25, 13172
131, 5678344.00, 5942339.00, 4560991.00, 25, 13275
132, 5675067.00, 5948432.00, 4554827.00, 25, 13378
133, 5672862.00, 5960021.00, 4537237.00, 25, 13481
134, 5669593.00, 5970974.00, 4512533.00, 25, 13583
135, 5667174.00, 5969467.00, 4505440.00, 25, 13686
136, 5669056.00, 5958305.00, 4556973.00, 25, 13789
137, 5672838.00, 5938768.00, 4606520.00, 25, 13892
138, 5674330.00, 5913607.00, 4647106.00, 25, 13995
139, 5672936.00, 5896312.00, 4668406.00, 25, 14098
140, 5669280.00, 5881867.00, 4684882.00, 25, 14201
141, 5664450.00, 5866024.00, 4702116.00, 25, 14304
142, 5659343.00, 5850160.00, 4724415.00, 25, 14407
143, 5657945.00, 5831299.00, 4759360.00, 25, 14510
144, 5660698.00, 5816650.00, 4789498.00, 25, 14612
145, 5662974.00, 5812366.00, 4807037.00, 25, 14715
146, 5664322.00, 5814781.00, 4806166.00, 25, 14818
147, 5664481.00, 5826357.00, 4787880.00, 25, 14921
148, 5665614.00, 5844589.00, 4769276.00, 25, 15024
149, 5666707.00, 5847515.00, 4759047.00, 25, 15127
150, 5669177.00, 5853481.00, 4744709.00, 25, 15230
151, 5672139.00, 5858136.00, 4740551.00, 25, 15333
152, 5674823.00, 5861742.00, 4738581.00, 25, 15436
153, 5679053.00, 5866966.00, 4734009.00, 25, 15539
154, 5682334.00, 5874255.00, 4724924.00, 25, 15641
155, 5685404.00, 5881864.00, 4712475.00, 25, 15744
156, 5691049.00, 5885906.00, 4706487.00, 25, 15847
157, 5694375.00, 5890236.00, 4699723.00, 25, 15950
158, 5697811.00, 5900901.00, 4683777.00, 25, 16053
159, 5700451.00, 5907201.00, 4675700.00, 25, 16156
160, 5701660.00, 5910404.00, 4671598.00, 25, 16259
161, 5704912.00, 5913111.00, 4667246.00, 25, 16362
162, 5707876.00, 5910526.00, 4672165.00, 25, 16465
163, 5708171.00, 5906459.00, 4680970.00, 25, 16568
164, 5709858.00, 5900841.00, 4702453.00, 25, 16670
165, 5709546.00, 5894936.00, 4710809.00, 25, 16773
166, 5706086.00, 5892804.00, 4711169.00, 25, 16876
167, 5702990.00, 5892657.00, 4712615.00, 25, 16979
168, 5700923.00, 5890862.00, 4716275.00, 25, 17082
169, 5698693.00, 5890066.00, 4715908.00, 25, 17185
170, 5697168.00, 5891304.00, 4714146.00, 25, 17288
171, 5696103.00, 5891489.00, 4717435.00, 25, 17391
172, 5694410.00, 5888155.00, 4721470.00, 25, 17494
173, 5691357.00, 5888002.00, 4719025.00, 25, 17596
174, 5688576.00, 5889644.00, 4716705.00, 25, 17699
175, 5687853.00, 5892130.00, 4713195.00, 25, 17802
176, 5688374.00, 5894956.00, 4707781.00, 25, 17905
177, 5688337.00, 5896996.00, 4701168.00, 25, 18008
178, 5687740.00, 5896224.00, 4697810.00, 25, 18111
179, 5688304.00, 5894092.00, 4701009.00, 25, 18214
180, 5688540.00, 5894912.00, 4696838.00, 25, 18317
181, 5687867.00, 5898370.00, 4689183.00, 25, 18420
182, 5685975.00, 5899586.00, 4687591.00, 25, 18523
183, 5685330.00, 5896297.00, 4693156.00, 25, 18625
184, 5686515.00, 5891665.00, 4701577.00, 25, 18728
185, 5686457.00, 5893521.00, 4699386.00, 25, 18831
186, 5686468.00, 5898480.00, 4691027.00, 25, 18934
187, 5687926.00, 5901681.00, 4687178.00, 25, 19037
188, 5690565.00, 5902133.00, 4689665.00, 25, 19140
189, 5693152.00, 5903434.00, 4689536.00, 25, 19243
190, 5695130.00, 5911194.00, 4676408.00, 25, 19346
191, 5697870.00, 5918583.00, 4662225.00, 25, 19449
192, 5701129.00, 5923582.00, 4653770.00, 25, 19552
193, 5704580.00, 5929118.00, 4639844.00, 25, 19655
194, 5706859.00, 5931226.00, 4646371.00, 25, 19757
195, 5708132.00, 5924688.00, 4664871.00, 25, 19860
196, 5709817.00, 5910512.00, 4691340.00, 25, 19963
197, 5708626.00, 5895891.00, 4711457.00, 25, 20066
198, 5704314.00, 5889082.00, 4715698.00, 25, 20169
199, 5701309.00, 5888322.00, 4715390.00, 25, 20272
200, 5699733.00, 5888491.00, 4714146.00, 25, 20375
201, 5699023.00, 5891505.00, 4709285.00, 25, 20478
202, 5699630.00, 5894960.00, 4702635.00, 25, 20581
203, 5700186.00, 5898347.00, 4695353.00, 25, 20684
204, 5701136.00, 5900973.00, 4689112.00, 25, 20787
205, 5702191.00, 5900577.00, 4686065.00, 25, 20889
206, 5702115.00, 5897324.00, 4687964.00, 25, 20992
207, 5700898.00, 5892285.00, 4701090.00, 25, 21095
208, 5698969.00, 5888257.00, 4704946.00, 25, 21198
209, 5697786.00, 5883718.00, 4712864.00, 25, 21301
210, 5699751.00, 5876639.00, 4724482.00, 25, 21404
211, 5703965.00, 5873028.00, 4726616.00, 25, 21507
212, 5702720.00, 5871015.00, 4730101.00, 25, 21610
213, 5706706.00, 5867430.00, 4735396.00, 25, 21713
214, 5709081.00, 5873277.00, 4725105.00, 25, 21816
215, 5692975.00, 5880317.00, 4710254.00, 25, 21919
216, 5685609.00, 5863977.00, 4733243.00, 25, 22021
217, 5694784.00, 5852407.00, 4753605.00, 25, 22124
218, 5711906.00, 5899648.00, 4692249.00, 25, 22227
219, 5735679.00, 5935441.00, 4645149.00, 25, 22330
220, 5761426.00, 5952176.00, 4621066.00, 25, 22433
221, 5775425.00, 5948039.00, 4665587.00, 25, 22536
222, 5819907.00, 5930714.00, 4699610.00, 25, 22639
223, 5872733.00, 5933957.00, 4638090.00, 25, 22742
224, 5875059.00, 5991846.00, 4568081.00, 25, 22845
225, 5801141.00, 6011262.00, 4649716.00, 25, 22948
226, 5760574.00, 5925471.00, 4694220.00, 25, 23050
227, 5796651.00, 5971402.00, 4619745.00, 25, 23153
228, 5836522.00, 6020848.00, 4546673.00, 25, 23256
229, 5872353.00, 6034781.00, 4538571.00, 25, 23359
230, 5916870.00, 6009832.00, 4612123.00, 25, 23462
231, 5917484.00, 5990896.00, 4729950.00, 25, 23565
232, 5894633.00, 6017513.00, 4719720.00, 25, 23668
233, 5915097.00, 5983055.00, 4662103.00, 25, 23771
234, 5978391.00, 5875808.00, 4726470.00, 25, 23874
235, 6012134.00, 5835421.00, 4943974.00, 25, 23977
236, 5999225.00, 5895710.00, 4818919.00, 25, 24079
237, 5996564.00, 5933990.00, 4773550.00, 25, 24182
238, 5998567.00, 5896708.00, 4825511.00, 25, 24285
239, 5988453.00, 5825365.00, 4918841.00, 25, 24388
240, 5983333.00, 5755660.00, 4978792.00, 25, 24491
241, 5987468.00, 5757179.00, 4924479.00, 25, 24594
242, 5999055.00, 5819288.00, 4805866.00, 25, 24697
243, 5981846.00, 5923755.00, 4598175.00, 25, 24800
244, 5960691.00, 6019728.00, 4421947.00, 25, 24903
245, 5945569.00, 6058964.00, 4385376.00, 25, 25006
246, 5931540.00, 6045517.00, 4422033.00, 25, 25108
247, 5917058.00, 6004908.00, 4478931.00, 25, 25211
248, 5904229.00, 5986572.00, 4492781.00, 25, 25314
249, 5907022.00, 5974372.00, 4568582.00, 25, 25417
250, 5925025.00, 5941341.00, 4606841.00, 25, 25520
251, 5959249.00, 5929422.00, 4588104.00, 25, 25623
252, 5988191.00, 5954786.00, 4569780.00, 25, 25726
253, 5995278.00, 5962277.00, 4595201.00, 25, 25829
254, 5986358.00, 5953167.00, 4612508.00, 25, 25932
255, 5972476.00, 5970838.00, 4579249.00, 25, 26035
256, 5958403.00, 6001086.00, 4522520.00, 25, 26137
257, 5943558.00, 6021607.00, 4472669.00, 25, 26240
258, 5932368.00, 6021730.00, 4449034.00, 25, 26343
259, 5925414.00, 6003863.00, 4460839.00, 25, 26446
RECORDING Time: 10:48:29
BASELINE Time: 10:48:31
1, 5912937.00, 6059132.00, 4227759.00, 25, 0
2, 5915217.00, 6068270.00, 4251708.00, 25, 0
3, 5919510.00, 6072159.00, 4275994.00, 25, 103
4, 5926264.00, 6070845.00, 4311407.00, 25, 206
5, 5935208.00, 6066520.00, 4369218.00, 25, 309
6, 5936014.00, 6057843.00, 4435274.00, 25, 412
7, 5934665.00, 6048057.00, 4449285.00, 25, 515
8, 5920365.00, 6033226.00, 4471014.00, 25, 617
9, 5903062.00, 6013672.00, 4515748.00, 25, 720
10, 5901172.00, 5989137.00, 4560884.00, 25, 823
11, 5894771.00, 5970592.00, 4594073.00, 25, 926
12, 5892004.00, 5937142.00, 4655655.00, 25, 1029
13, 5897919.00, 5898798.00, 4720707.00, 25, 1132
14, 5894191.00, 5877673.00, 4742409.00, 25, 1235
15, 5892757.00, 5869224.00, 4723325.00, 25, 1338
16, 5912846.00, 5867479.00, 4709933.00, 25, 1441
17, 5959193.00, 5884059.00, 4709134.00, 25, 1544
18, 6018893.00, 5911015.00, 4758703.00, 25, 1646
19, 6056060.00, 5949924.00, 4819021.00, 25, 1749
20, 6074361.00, 6025091.00, 4827156.00, 25, 1852
21, 6085952.00, 6059105.00, 4789654.00, 25, 1955
22, 6097757.00, 6101215.00, 4728114.00, 25, 2058
23, 6092952.00, 6176573.00, 4618283.00, 25, 2161
24, 6066501.00, 6244802.00, 4547004.00, 25, 2264
25, 6022398.00, 6281548.00, 4510504.00, 25, 2367
26, 5978472.00, 6274048.00, 4518281.00, 25, 2470
27, 5944120.00, 6235677.00, 4570390.00, 25, 2572
28, 5916782.00, 6201476.00, 4612219.00, 25, 2675
29, 5917912.00, 6207170.00, 4590798.00, 25, 2778
30, 5932382.00, 6207477.00, 4544313.00, 25, 2881
31, 5942944.00, 6181881.00, 4551713.00, 25, 2984
32, 5961153.00, 6156740.00, 4581990.00, 25, 3087
33, 5971840.00, 6140593.00, 4613988.00, 25, 3190
34, 5973717.00, 6135566.00, 4609878.00, 25, 3293
35, 5969049.00, 6139872.00, 4589366.00, 25, 3396
36, 5947639.00, 6151688.00, 4563826.00, 25, 3499
37, 5929189.00, 6170370.00, 4532785.00, 25, 3601
38, 5918847.00, 6189034.00, 4513862.00, 25, 3704
39, 5910933.00, 6189751.00, 4516999.00, 25, 3807
40, 5901559.00, 6180979.00, 4519008.00, 25, 3910
41, 5890887.00, 6171487.00, 4524214.00, 25, 4013
42, 5882274.00, 6162911.00, 4532379.00, 25, 4116
43, 5874336.00, 6150822.00, 4553854.00, 25, 4219
44, 5865640.00, 6132539.00, 4586604.00, 25, 4322
45, 5855043.00, 6119439.00, 4604381.00, 25, 4425
46, 5849455.00, 6134166.00, 4587828.00, 25, 4527
47, 5848354.00, 6132960.00, 4578757.00, 25, 4630
48, 5851642.00, 6134435.00, 4577691.00, 25, 4733
49, 5856074.00, 6137642.00, 4580596.00, 25, 4836
50, 5854365.00, 6142247.00, 4573076.00, 25, 4939
51, 5857120.00, 6149547.00, 4560913.00, 25, 5042
52, 5858793.00, 6150960.00, 4556835.00, 25, 5145
53, 5857839.00, 6149465.00, 4557497.00, 25, 5248
54, 5851040.00, 6142325.00, 4566079.00, 25, 5351
55, 5841706.00, 6132531.00, 4575909.00, 25, 5454
56, 5835855.00, 6123470.00, 4587162.00, 25, 5556
57, 5828552.00, 6115158.00, 4600987.00, 25, 5659
58, 5820031.00, 6108933.00, 4605727.00, 25, 5762
59, 5818613.00, 6108580.00, 4600500.00, 25, 5865
60, 5819362.00, 6104900.00, 4604648.00, 25, 5968
61, 5815778.00, 6102412.00, 4606955.00, 25, 6071
62, 5810071.00, 6101720.00, 4603518.00, 25, 6174
63, 5805573.00, 6104117.00, 4599217.00, 25, 6277
64, 5802523.00, 6109765.00, 4590114.00, 25, 6380
65, 5801464.00, 6114890.00, 4582965.00, 25, 6482
66, 5799720.00, 6116726.00, 4579106.00, 25, 6585
67, 5798194.00, 6118464.00, 4570130.00, 25, 6688
68, 5797637.00, 6122586.00, 4565208.00, 25, 6791
69, 5804801.00, 6122832.00, 4569631.00, 25, 6894
70, 5821386.00, 6121690.00, 4570628.00, 25, 6997
71, 5824634.00, 6128830.00, 4569556.00, 25, 7100
72, 5817841.00, 6131109.00, 4564866.00, 25, 7203
73, 5813237.00, 6123325.00, 4563702.00, 25, 7306
74, 5810534.00, 6113745.00, 4575696.00, 25, 7408
75, 5805878.00, 6102796.00, 4590328.00, 25, 7511
76, 5803501.00, 6089896.00, 4605919.00, 25, 7614
77, 5799955.00, 6072294.00, 4641866.00, 25, 7717
78, 5797517.00, 6062191.00, 4650433.00, 25, 7820
79, 5795464.00, 6065273.00, 4645445.00, 25, 7923
80, 5788262.00, 6069161.00, 4634668.00, 25, 8026
81, 5785244.00, 6077155.00, 4619077.00, 25, 8129
82, 5778695.00, 6079617.00, 4612677.00, 25, 8232
83, 5769391.00, 6073560.00, 4617616.00, 25, 8335
84, 5772292.00, 6057597.00, 4646600.00, 25, 8437
85, 5776863.00, 6049958.00, 4665438.00, 25, 8540
86, 5774785.00, 6047756.00, 4673063.00, 25, 8643
87, 5775641.00, 6040712.00, 4682962.00, 25, 8746
88, 5785612.00, 6036773.00, 4679245.00, 25, 8849
89, 5799201.00, 6047680.00, 4655781.00, 25, 8952
90, 5798464.00, 6059349.00, 4631737.00, 25, 9055
91, 5788445.00, 6066778.00, 4586141.00, 25, 9158
92, 5779029.00, 6067425.00, 4570659.00, 25, 9261
93, 5779986.00, 6070877.00, 4568683.00, 25, 9363
94, 5789723.00, 6074324.00, 4567762.00, 25, 9466
95, 5800267.00, 6095112.00, 4546483.00, 25, 9569
96, 5813103.00, 6119774.00, 4562544.00, 25, 9672
97, 5820095.00, 6110579.00, 4608058.00, 25, 9775
98, 5821636.00, 6092679.00, 4641773.00, 25, 9878
99, 5845817.00, 5984815.00, 4715636.00, 25, 9981
100, 5890417.00, 5913609.00, 4852559.00, 25, 10084
101, 5920633.00, 5865701.00, 4956215.00, 25, 10187
102, 5928906.00, 5844042.00, 4994934.00, 25, 10289
103, 5929192.00, 5826494.00, 4975858.00, 25, 10392
104, 5939845.00, 5787664.00, 4964309.00, 25, 10495
105, 5947165.00, 5771739.00, 4913881.00, 25, 10598
106, 5951357.00, 5825111.00, 4769954.00, 25, 10701
107, 5940055.00, 5888729.00, 4655510.00, 25, 10804
108, 5916147.00, 5907794.00, 4615236.00, 25, 10907
109, 5893023.00, 5901883.00, 4601115.00, 25, 11010
110, 5859793.00, 5900164.00, 4580173.00, 25, 11113
111, 5830325.00, 5882312.00, 4591358.00, 25, 11215
112, 5816674.00, 5875630.00, 4590889.00, 25, 11318
113, 5814460.00, 5891156.00, 4569802.00, 25, 11421
114, 5819666.00, 5895090.00, 4570667.00, 25, 11524
115, 5833174.00, 5882688.00, 4595105.00, 25, 11627
116, 5842929.00, 5862205.00, 4638981.00, 25, 11730
BASELINE Time: 10:48:43
RECORDING Time: 10:48:45
1, 5922455.00, 5851471.00, 4517967.00, 25, 0
2, 5916378.00, 5856469.00, 4511665.00, 25, 0
3, 5917081.00, 5851950.00, 4531571.00, 25, 103
4, 5916439.00, 5844966.00, 4546391.00, 25, 205
5, 5911744.00, 5835309.00, 4562850.00, 25, 308
6, 5909980.00, 5816990.00, 4592929.00, 25, 411
7, 5903142.00, 5805865.00, 4595887.00, 25, 514
8, 5888380.00, 5801111.00, 4573234.00, 25, 617
9, 5898302.00, 5786705.00, 4599906.00, 25, 720
10, 5924612.00, 5756381.00, 4696925.00, 25, 823
11, 5945005.00, 5748068.00, 4771735.00, 25, 926
12, 5957705.00, 5790050.00, 4741938.00, 25, 1029
13, 5976199.00, 5862022.00, 4588729.00, 25, 1131
14, 5989882.00, 5921814.00, 4539059.00, 25, 1234
15, 5994514.00, 5982043.00, 4492138.00, 25, 1337
16, 5978745.00, 6057292.00, 4432652.00, 25, 1440
17, 5960355.00, 6219441.00, 4349235.00, 25, 1543
18, 5959274.00, 6260601.00, 4300248.00, 25, 1646
19, 5955567.00, 6272803.00, 4272083.00, 25, 1749
20, 5970698.00, 6285707.00, 4253112.00, 25, 1852
21, 5988286.00, 6283374.00, 4234432.00, 25, 1955
22, 5993148.00, 6246996.00, 4261344.00, 25, 2057
23, 6005759.00, 6208793.00, 4317053.00, 25, 2160
24, 6016136.00, 6165045.00, 4382317.00, 25, 2263
25, 6005462.00, 6136265.00, 4455572.00, 25, 2366
26, 5992486.00, 6154271.00, 4463425.00, 25, 2469
27, 5993244.00, 6191900.00, 4332425.00, 25, 2572
28, 5990417.00, 6207990.00, 4289084.00, 25, 2675
29, 5968187.00, 6211583.00, 4264731.00, 25, 2778
30, 5940258.00, 6189347.00, 4305717.00, 25, 2881
31, 5924979.00, 6158951.00, 4372412.00, 25, 2984
32, 5890697.00, 6143673.00, 4412592.00, 25, 3086
33, 5844811.00, 6137166.00, 4436073.00, 25, 3189
34, 5807744.00, 6113102.00, 4509899.00, 25, 3292
35, 5744865.00, 6075102.00, 4576316.00, 25, 3395
36, 5687639.00, 6034241.00, 4625183.00, 25, 3498
37, 5707672.00, 6000086.00, 4697340.00, 25, 3601
38, 5723246.00, 6017188.00, 4727218.00, 25, 3704
39, 5672954.00, 6010322.00, 4773687.00, 25, 3807
40, 5652346.00, 5977410.00, 4799806.00, 25, 3910
41, 5670416.00, 5986620.00, 4696589.00, 25, 4013
42, 5708474.00, 6009893.00, 4644577.00, 25, 4115
43, 5946490.00, 6077335.00, 4589539.00, 25, 4218
44, 6117757.00, 6213804.00, 4416466.00, 25, 4321
45, 6061178.00, 6345118.00, 4110550.00, 25, 4424
46, 5976140.00, 6331519.00, 3992689.00, 25, 4527
47, 5948120.00, 6201515.00, 4142406.00, 25, 4630
48, 5944939.00, 6102631.00, 4309436.00, 25, 4733
49, 5923534.00, 6102720.00, 4314993.00, 25, 4836
50, 5907881.00, 6124201.00, 4257243.00, 25, 4939
51, 5918436.00, 6128750.00, 4252032.00, 25, 5041
52, 5933742.00, 6097321.00, 4299825.00, 25, 5144
53, 5948303.00, 6038491.00, 4390398.00, 25, 5247
54, 5952525.00, 5989138.00, 4478883.00, 25, 5350
55, 5941665.00, 5961479.00, 4528680.00, 25, 5453
56, 5929014.00, 5937416.00, 4627416.00, 25, 5556
57, 5913183.00, 5911271.00, 4673098.00, 25, 5659
58, 5898744.00, 5873918.00, 4734462.00, 25, 5762
59, 5895516.00, 5790693.00, 4827832.00, 25, 5865
60, 5889426.00, 5721838.00, 4848524.00, 25, 5968
61, 5874351.00, 5718545.00, 4789442.00, 25, 6070
62, 5876787.00, 5722224.00, 4770092.00, 25, 6173
63, 5892856.00, 5692363.00, 4815084.00, 25, 6276
64, 5909596.00, 5657860.00, 4868924.00, 25, 6379
65, 5923995.00, 5638072.00, 4905089.00, 25, 6482
66, 5927646.00, 5646742.00, 4898988.00, 25, 6585
67, 5920839.00, 5675873.00, 4849962.00, 25, 6688
68, 5914302.00, 5704546.00, 4800006.00, 25, 6791
69, 5913167.00, 5724194.00, 4766805.00, 25, 6894
70, 5914348.00, 5735104.00, 4755788.00, 25, 6996
71, 5910732.00, 5745507.00, 4733666.00, 25, 7099
72, 5903844.00, 5757642.00, 4707742.00, 25, 7202
73, 5898550.00, 5766371.00, 4688442.00, 25, 7305
74, 5897987.00, 5768516.00, 4681586.00, 25, 7408
75, 5901709.00, 5764941.00, 4686857.00, 25, 7511
76, 5904380.00, 5762786.00, 4690159.00, 25, 7614
77, 5906240.00, 5763526.00, 4686774.00, 25, 7717
78, 5908014.00, 5764134.00, 4685984.00, 25, 7820
79, 5907943.00, 5767330.00, 4682323.00, 25, 7923
80, 5906220.00, 5772791.00, 4670662.00, 25, 8025
81, 5906242.00, 5772364.00, 4665956.00, 25, 8128
82, 5912319.00, 5761579.00, 4681968.00, 25, 8231
83, 5919674.00, 5753211.00, 4717189.00, 25, 8334
84, 5918842.00, 5757638.00, 4709124.00, 25, 8437
85, 5912617.00, 5768779.00, 4670536.00, 25, 8540
86, 5905061.00, 5781975.00, 4637639.00, 25, 8643
87, 5894260.00, 5792385.00, 4608818.00, 25, 8746
88, 5881775.00, 5801474.00, 4580940.00, 25, 8849
89, 5871046.00, 5812002.00, 4555584.00, 25, 8951
90, 5868656.00, 5818790.00, 4550062.00, 25, 9054
91, 5870913.00, 5821066.00, 4544257.00, 25, 9157
92, 5873331.00, 5831117.00, 4519011.00, 25, 9260
93, 5872021.00, 5847806.00, 4490121.00, 25, 9363
94, 5867435.00, 5862967.00, 4464986.00, 25, 9466
95, 5862310.00, 5876537.00, 4437444.00, 25, 9569
96, 5859159.00, 5892706.00, 4414095.00, 25, 9672
97, 5856815.00, 5890802.00, 4406515.00, 25, 9775
98, 5856528.00, 5885650.00, 4417897.00, 25, 9877
99, 5860257.00, 5878695.00, 4434543.00, 25, 9980
100, 5864664.00, 5874584.00, 4445751.00, 25, 10083
101, 5868194.00, 5871391.00, 4454045.00, 25, 10186
102, 5870433.00, 5865978.00, 4463241.00, 25, 10289
103, 5872301.00, 5852761.00, 4480526.00, 25, 10392
104, 5874252.00, 5836784.00, 4501859.00, 25, 10495
105, 5875168.00, 5825069.00, 4523890.00, 25, 10598
106, 5880677.00, 5816871.00, 4548286.00, 25, 10701
107, 5883151.00, 5820643.00, 4562115.00, 25, 10804
108, 5884515.00, 5853935.00, 4518317.00, 25, 10906
109, 5903551.00, 5896246.00, 4467536.00, 25, 11009
110, 5936119.00, 5963152.00, 4405040.00, 25, 11112
111, 5975127.00, 6062849.00, 4296759.00, 25, 11215
112, 6008792.00, 6143793.00, 4155224.00, 25, 11318
113, 6004659.00, 6180090.00, 4134512.00, 25, 11421
114, 6017606.00, 6177010.00, 4201185.00, 25, 11524
115, 6020829.00, 6145583.00, 4286238.00, 25, 11627
116, 6003426.00, 6108139.00, 4358059.00, 25, 11730
117, 5991364.00, 6061626.00, 4432581.00, 25, 11833
118, 5978384.00, 6026774.00, 4453303.00, 25, 11935
119, 5973065.00, 6029281.00, 4407655.00, 25, 12038
120, 5976450.00, 6053711.00, 4331214.00, 25, 12141
121, 5980666.00, 6087195.00, 4273470.00, 25, 12244
122, 5993147.00, 6109760.00, 4256661.00, 25, 12347
123, 6007504.00, 6094533.00, 4269397.00, 25, 12450
124, 6026113.00, 6091792.00, 4288826.00, 25, 12553
125, 6054721.00, 6101017.00, 4284627.00, 25, 12656
126, 6090985.00, 6110876.00, 4273651.00, 25, 12759
127, 6103142.00, 6133509.00, 4237212.00, 25, 12861
128, 6005899.00, 6114973.00, 4271690.00, 25, 12964
129, 5806683.00, 6021594.00, 4359971.00, 25, 13067
130, 5742278.00, 6010287.00, 4328378.00, 25, 13170
131, 5769806.00, 6083196.00, 4226221.00, 25, 13273
132, 5776605.00, 6139037.00, 4165030.00, 25, 13376
133, 5779355.00, 6124223.00, 4214262.00, 25, 13479
134, 5786389.00, 6074806.00, 4312326.00, 25, 13582
135, 5792993.00, 6062095.00, 4359609.00, 25, 13685
136, 5795577.00, 6054738.00, 4379922.00, 25, 13787
137, 5795656.00, 6016638.00, 4430841.00, 25, 13890
138, 5796369.00, 5961739.00, 4496149.00, 25, 13993
139, 5811314.00, 5916686.00, 4554123.00, 25, 14096
140, 5831291.00, 5881687.00, 4616694.00, 25, 14199
141, 5833651.00, 5868810.00, 4643295.00, 25, 14302
142, 5840760.00, 5868120.00, 4654812.00, 25, 14405
143, 5857273.00, 5845673.00, 4672560.00, 25, 14508
144, 5874234.00, 5830514.00, 4668349.00, 25, 14611
145, 5906748.00, 5817910.00, 4665681.00, 25, 14714
146, 5950635.00, 5813255.00, 4673056.00, 25, 14816
147, 5963621.00, 5824529.00, 4674045.00, 25, 14919
148, 5948736.00, 5845776.00, 4641596.00, 25, 15022
149, 5934726.00, 5829613.00, 4653239.00, 25, 15125
150, 5925739.00, 5832966.00, 4658763.00, 25, 15228
151, 5914564.00, 5847529.00, 4622384.00, 25, 15331
152, 5901729.00, 5842369.00, 4590927.00, 25, 15434
153, 5886125.00, 5823909.00, 4594822.00, 25, 15537
154, 5867370.00, 5808455.00, 4602985.00, 25, 15640
155, 5859347.00, 5790681.00, 4629115.00, 25, 15742
156, 5866044.00, 5776642.00, 4653729.00, 25, 15845
157, 5876131.00, 5766377.00, 4679820.00, 25, 15948
158, 5872097.00, 5766223.00, 4664275.00, 25, 16051
159, 5855633.00, 5783953.00, 4609003.00, 25, 16154
160, 5845203.00, 5794517.00, 4577520.00, 25, 16257
161, 5848424.00, 5804711.00, 4555895.00, 25, 16360
162, 5853463.00, 5822896.00, 4532966.00, 25, 16463
RECORDING Time: 10:49:2
BASELINE Time: 10:49:4
1, 5787888.00, 5868433.00, 4388609.00, 25, 0
2, 5789494.00, 5878541.00, 4367939.00, 25, 0
3, 5792576.00, 5890756.00, 4351406.00, 25, 103
4, 5791382.00, 5899037.00, 4336457.00, 25, 206
5, 5792493.00, 5900880.00, 4333255.00, 25, 308
6, 5789669.00, 5900318.00, 4329970.00, 25, 411
7, 5785265.00, 5899331.00, 4316887.00, 25, 514
8, 5781237.00, 5891866.00, 4328956.00, 25, 617
9, 5782915.00, 5889989.00, 4345133.00, 25, 720
10, 5789181.00, 5896602.00, 4340284.00, 25, 823
11, 5787891.00, 5901285.00, 4333708.00, 25, 926
12, 5792179.00, 5896815.00, 4350382.00, 25, 1029
13, 5815095.00, 5889235.00, 4389598.00, 25, 1132
14, 5835762.00, 5883357.00, 4421558.00, 25, 1234
15, 5851300.00, 5885881.00, 4434060.00, 25, 1337
16, 5866149.00, 5891435.00, 4443983.00, 25, 1440
17, 5875716.00, 5892016.00, 4462432.00, 25, 1543
18, 5881083.00, 5901779.00, 4455142.00, 25, 1646
19, 5883313.00, 5913275.00, 4439287.00, 25, 1749
20, 5869983.00, 5914924.00, 4431631.00, 25, 1852
21, 5837136.00, 5910118.00, 4417005.00, 25, 1955
22, 5807689.00, 5893186.00, 4420555.00, 25, 2058
23, 5792931.00, 5875530.00, 4418061.00, 25, 2161
24, 5783763.00, 5897636.00, 4378197.00, 25, 2263
25, 5768127.00, 5921206.00, 4322254.00, 25, 2366
26, 5750390.00, 5941270.00, 4271875.00, 25, 2469
27, 5743465.00, 5944278.00, 4244806.00, 25, 2572
28, 5745732.00, 5916920.00, 4281644.00, 25, 2675
29, 5747982.00, 5890976.00, 4340398.00, 25, 2778
30, 5747273.00, 5887970.00, 4363249.00, 25, 2881
31, 5743841.00, 5893808.00, 4354161.00, 25, 2984
32, 5741143.00, 5899175.00, 4341699.00, 25, 3087
33, 5738562.00, 5905649.00, 4330217.00, 25, 3190
34, 5735363.00, 5912630.00, 4300857.00, 25, 3292
35, 5732871.00, 5918834.00, 4288128.00, 25, 3395
36, 5742896.00, 5918920.00, 4298575.00, 25, 3498
37, 5768434.00, 5912480.00, 4343824.00, 25, 3601
38, 5771821.00, 5900277.00, 4377866.00, 25, 3704
39, 5751927.00, 5897408.00, 4361412.00, 25, 3807
40, 5735108.00, 5905205.00, 4325729.00, 25, 3910
41, 5733701.00, 5906657.00, 4303856.00, 25, 4013
42, 5749550.00, 5896674.00, 4300258.00, 25, 4116
43, 5754224.00, 5893014.00, 4283979.00, 25, 4219
44, 5742404.00, 5898707.00, 4265441.00, 25, 4321
45, 5736103.00, 5900865.00, 4251186.00, 25, 4424
46, 5750650.00, 5902768.00, 4237943.00, 25, 4527
47, 5762640.00, 5902177.00, 4248712.00, 25, 4630
48, 5749344.00, 5915656.00, 4187424.00, 25, 4733
49, 5721574.00, 5931158.00, 4170194.00, 25, 4836
BASELINE Time: 10:49:9
