Date: 27.3.2020 , In use by: Mena
Daytime: 10:54:31, Temperature: 25°C
ID, strain1, strain2, strain3, strain4, strain5, strain6, temp [°C], runtime [ms]
BASELINE Time: 10:55:6
1, 5178254.00, 6288010.00, 8397842.00, 5558173.00, 6105834.00, 16777215.00, 25, 0
2, 5179255.00, 6288456.00, 8398028.00, 5559246.00, 6097724.00, 16777215.00, 25, 0
3, 5181047.00, 6290873.00, 8398111.00, 5563381.00, 6097909.00, 16777215.00, 25, 363
4, 5180689.00, 6290281.00, 8397996.00, 5563561.00, 6103770.00, 16777215.00, 25, 636
5, 5180800.00, 6292275.00, 8397962.00, 5566002.00, 6101816.00, 16777215.00, 25, 908
6, 5181491.00, 6295140.00, 8398121.00, 5571433.00, 6108607.00, 16777215.00, 25, 1181
7, 5179403.00, 6295355.00, 8398129.00, 5563848.00, 6077737.00, 16777215.00, 25, 1362
8, 5180393.00, 6314500.00, 8398055.00, 5557520.00, 6094655.00, 16777215.00, 25, 1544
9, 5179220.00, 6333693.00, 8397968.00, 5597099.00, 6189798.00, 16777215.00, 25, 1816
10, 5167411.00, 6345210.00, 8397977.00, 5632337.00, 6264583.00, 16777215.00, 25, 2089
11, 5184223.00, 6377661.00, 8397931.00, 5488140.00, 6428035.00, 16777215.00, 25, 2452
12, 5172119.00, 6292439.00, 8397867.00, 5237396.00, 6214370.00, 16777215.00, 25, 2815
13, 5161665.00, 6269205.00, 8398032.00, 5246740.00, 6325340.00, 16777215.00, 25, 3178
14, 5189267.00, 6340993.00, 8397982.00, 5305723.00, 6313785.00, 16777215.00, 25, 3541
15, 5224547.00, 6388928.00, 8397933.00, 5388286.00, 6268385.00, 16777215.00, 25, 3813
16, 5222549.00, 6375971.00, 8397897.00, 5367619.00, 6293751.00, 16777215.00, 25, 4086
17, 5231076.00, 6401060.00, 8398011.00, 5947549.00, 6710297.00, 16777215.00, 25, 4449
18, 5202018.00, 6382012.00, 8398016.00, 5440368.00, 6375712.00, 16777215.00, 25, 4721
19, 5170452.00, 6309814.00, 8398032.00, 5104490.00, 6382478.00, 16777215.00, 25, 4994
20, 5141188.00, 6271342.00, 8398076.00, 5054886.00, 6405025.00, 16777215.00, 25, 5357
21, 5170397.00, 6312701.00, 8397875.00, 5333545.00, 6394211.00, 16777215.00, 25, 5720
22, 5210043.00, 6342850.00, 8397904.00, 5276601.00, 6371638.00, 16777215.00, 25, 6083
23, 5205235.00, 6333477.00, 8398021.00, 5237513.00, 6327986.00, 16777215.00, 25, 6265
24, 5197920.00, 6324305.00, 8398072.00, 5202687.00, 6335207.00, 16777215.00, 25, 6537
BASELINE Time: 10:55:13
RECORDING Time: 10:55:14
1, 5181494.00, 6305458.00, 8398072.00, 5132724.00, 6370827.00, 16777215.00, 25, 0
2, 5180602.00, 6309712.00, 8398043.00, 5176905.00, 6377505.00, 16777215.00, 25, 0
3, 5181787.00, 6313808.00, 8397891.00, 5198705.00, 6372999.00, 16777215.00, 25, 363
4, 5181421.00, 6317046.00, 8398053.00, 5229615.00, 6383316.00, 16777215.00, 25, 726
5, 5178569.00, 6318370.00, 8398052.00, 5276824.00, 6403677.00, 16777215.00, 25, 998
6, 5179632.00, 6328613.00, 8397999.00, 5219188.00, 6398465.00, 16777215.00, 25, 1361
7, 5165120.00, 6318167.00, 8398066.00, 5167078.00, 6292495.00, 16777215.00, 25, 1634
8, 5138854.00, 6357059.00, 8398081.00, 5517196.00, 6208742.00, 16777215.00, 25, 1997
9, 5137907.00, 6354729.00, 8397816.00, 5535829.00, 5571731.00, 16777215.00, 25, 2360
10, 5161526.00, 6366376.00, 8397888.00, 5528396.00, 0.00, 16777215.00, 25, 2632
11, 5160544.00, 6337269.00, 8398084.00, 5473539.00, 0.00, 16777215.00, 25, 2905
12, 5144598.00, 6308512.00, 8398012.00, 5424195.00, 0.00, 16777215.00, 25, 3086
13, 5134347.00, 6287702.00, 8397949.00, 5359216.00, 0.00, 16777215.00, 25, 3358
14, 5163791.00, 6316128.00, 8398042.00, 5376336.00, 0.00, 16777215.00, 25, 3540
15, 5216766.00, 6410979.00, 8397938.00, 5632929.00, 0.00, 16777215.00, 25, 3722
16, 5332969.00, 6494226.00, 8398052.00, 5847042.00, 0.00, 16777215.00, 25, 4085
17, 5343415.00, 6506496.00, 8398054.00, 5702988.00, 0.00, 16777215.00, 25, 4357
18, 5262164.00, 6471251.00, 8397941.00, 5224772.00, 82541.00, 16777215.00, 25, 4720
19, 5248136.00, 6481112.00, 8398054.00, 5159533.00, 106828.00, 16777215.00, 25, 4992
20, 5255362.00, 6509501.00, 8397954.00, 5175763.00, 81638.00, 16777215.00, 25, 5265
21, 5270898.00, 6504588.00, 8397978.00, 6748329.00, 3449608.00, 16777215.00, 25, 5628
22, 5244976.00, 6446444.00, 8397875.00, 6837613.00, 3688247.00, 16777215.00, 25, 5809
23, 5217573.00, 6402513.00, 8398028.00, 5344708.00, 243883.00, 16777215.00, 25, 6082
24, 5191190.00, 6352260.00, 8397958.00, 5471236.00, 242766.00, 16777215.00, 25, 6354
25, 5248664.00, 6390059.00, 8397915.00, 5732153.00, 388455.00, 16777215.00, 25, 6626
26, 5327090.00, 6433674.00, 8397994.00, 5860580.00, 451650.00, 16777215.00, 25, 6899
27, 5313866.00, 6428656.00, 8397906.00, 5517113.00, 385670.00, 16777215.00, 25, 7171
28, 5279302.00, 6443735.00, 8397992.00, 5283284.00, 305000.00, 16777215.00, 25, 7534
29, 5278496.00, 6472511.00, 8397965.00, 5180331.00, 282075.00, 16777215.00, 25, 7807
30, 5250636.00, 6450238.00, 8397926.00, 8307740.00, 8269378.00, 16777215.00, 25, 8261
31, 5259855.00, 6466703.00, 8398016.00, 8388607.00, 8379566.00, 16777215.00, 25, 8896
32, 5258548.00, 6468397.00, 8397944.00, 7926593.00, 7504652.00, 16777215.00, 25, 10711
33, 5276723.00, 6484084.00, 8397945.00, 5376313.00, 233855.00, 16777215.00, 25, 10893
34, 5273509.00, 6484707.00, 8397933.00, 5497406.00, 0.00, 16777215.00, 25, 11074
35, 5283566.00, 6497942.00, 8397901.00, 5504806.00, 4430104.00, 16777215.00, 25, 11256
36, 5293843.00, 6516030.00, 8398085.00, 5492065.00, 6766253.00, 16777215.00, 25, 11437
37, 5283643.00, 6502440.00, 8397974.00, 5453645.00, 6775174.00, 16777215.00, 25, 11710
38, 5251814.00, 6447453.00, 8397939.00, 5436179.00, 6818572.00, 16777215.00, 25, 11891
39, 5205400.00, 6377176.00, 8397944.00, 5317301.00, 6900057.00, 16777215.00, 25, 12254
40, 5191911.00, 6322070.00, 8398003.00, 5026564.00, 6906087.00, 16777215.00, 25, 12618
41, 5129297.00, 6247989.00, 8397959.00, 4984981.00, 6867224.00, 16777215.00, 25, 13072
RECORDING Time: 10:55:28
BASELINE Time: 10:55:30
1, 5165751.00, 6335065.00, 8397955.00, 5157234.00, 6805465.00, 16777215.00, 25, 0
2, 5168675.00, 6339097.00, 8397921.00, 5169422.00, 6813081.00, 16777215.00, 25, 0
3, 5171506.00, 6343018.00, 8398033.00, 5179088.00, 6827895.00, 16777215.00, 25, 363
4, 5172328.00, 6342607.00, 8398068.00, 5179024.00, 6836629.00, 16777215.00, 25, 635
5, 5175732.00, 6351961.00, 8397986.00, 5227423.00, 6847405.00, 16777215.00, 25, 907
6, 5182236.00, 6377417.00, 8397955.00, 5242002.00, 6836834.00, 16777215.00, 25, 1180
7, 5178602.00, 6372092.00, 8397934.00, 5152164.00, 6839890.00, 16777215.00, 25, 1361
8, 5170929.00, 6344528.00, 8398000.00, 5124663.00, 6849452.00, 16777215.00, 25, 1634
9, 5150619.00, 6305227.00, 8397931.00, 5122536.00, 6820659.00, 16777215.00, 25, 1906
10, 5140876.00, 6292957.00, 8398018.00, 5319287.00, 6813680.00, 16777215.00, 25, 2087
11, 5130138.00, 6287691.00, 8397910.00, 5400354.00, 6829581.00, 16777215.00, 25, 2360
12, 5134739.00, 6292432.00, 8398015.00, 5401649.00, 6829596.00, 16777215.00, 25, 2632
13, 5131602.00, 6284543.00, 8397937.00, 5368084.00, 6836314.00, 16777215.00, 25, 2995
14, 5134001.00, 6284470.00, 8397967.00, 5302237.00, 6841657.00, 16777215.00, 25, 3268
15, 5127491.00, 6271915.00, 8398048.00, 5273314.00, 6857172.00, 16777215.00, 25, 3631
16, 5124290.00, 6287612.00, 8398123.00, 5245570.00, 6854977.00, 16777215.00, 25, 3903
17, 5143507.00, 6385030.00, 8397994.00, 5311248.00, 6801844.00, 16777215.00, 25, 4357
18, 5123966.00, 6384001.00, 8397923.00, 5522582.00, 6480738.00, 16777215.00, 25, 4629
19, 5114740.00, 6379123.00, 8398040.00, 5547761.00, 6034941.00, 16777215.00, 25, 4811
20, 5111827.00, 6367462.00, 8397997.00, 5552545.00, 6613938.00, 16777215.00, 25, 5083
21, 5117495.00, 6381782.00, 8398001.00, 5604462.00, 6061756.00, 16777215.00, 25, 5356
22, 5117468.00, 6383442.00, 8398053.00, 5620346.00, 5276634.00, 16777215.00, 25, 5537
23, 5103098.00, 6374030.00, 8397876.00, 5619440.00, 4688902.00, 16777215.00, 25, 5809
24, 5099088.00, 6371131.00, 8398007.00, 5589861.00, 5186442.00, 16777215.00, 25, 6082
25, 5096711.00, 6363819.00, 8398021.00, 5540372.00, 5514765.00, 16777215.00, 25, 6445
26, 5096880.00, 6361001.00, 8398061.00, 5518766.00, 5173145.00, 16777215.00, 25, 6717
27, 5087877.00, 6353505.00, 8397942.00, 5524000.00, 5550572.00, 16777215.00, 25, 7080
28, 5080262.00, 6347229.00, 8398039.00, 5539059.00, 5555434.00, 16777215.00, 25, 7262
29, 5078772.00, 6346855.00, 8398046.00, 5540667.00, 5674434.00, 16777215.00, 25, 7443
30, 5083502.00, 6357719.00, 8398045.00, 5557718.00, 5992021.00, 16777215.00, 25, 7716
31, 5096796.00, 6371742.00, 8397967.00, 5534383.00, 6593313.00, 16777215.00, 25, 7988
32, 5106199.00, 6378977.00, 8398009.00, 5514563.00, 6614592.00, 16777215.00, 25, 8260
33, 5107405.00, 6354033.00, 8398010.00, 5416125.00, 6584510.00, 16777215.00, 25, 8623
34, 5124083.00, 6259390.00, 8398019.00, 5166098.00, 6552945.00, 16777215.00, 25, 8896
35, 5167587.00, 6306219.00, 8398057.00, 5218911.00, 6587234.00, 16777215.00, 25, 9259
36, 5163391.00, 6309698.00, 8397898.00, 5201233.00, 6596953.00, 16777215.00, 25, 9622
37, 5151117.00, 6323233.00, 8397972.00, 5216032.00, 6634615.00, 16777215.00, 25, 9894
38, 5122832.00, 6254990.00, 8398119.00, 5224211.00, 6633194.00, 16777215.00, 25, 10166
39, 5115554.00, 6306228.00, 8398006.00, 5250368.00, 6657877.00, 16777215.00, 25, 10529
40, 5116079.00, 6262670.00, 8398001.00, 5181274.00, 6613973.00, 16777215.00, 25, 10802
41, 5114980.00, 6310140.00, 8398009.00, 5301472.00, 6672783.00, 16777215.00, 25, 11165
42, 5118027.00, 6287055.00, 8398101.00, 5238282.00, 6634684.00, 16777215.00, 25, 11437
43, 5121909.00, 6286891.00, 8397926.00, 5125046.00, 6720885.00, 16777215.00, 25, 11710
44, 5159817.00, 6265936.00, 8398005.00, 5075546.00, 6597416.00, 16777215.00, 25, 12073
45, 5113816.00, 6258555.00, 8397999.00, 5275710.00, 6619566.00, 16777215.00, 25, 12254
46, 5126162.00, 6363868.00, 8397944.00, 5399402.00, 6665524.00, 16777215.00, 25, 12527
47, 5142525.00, 6321893.00, 8398005.00, 5251161.00, 6656489.00, 16777215.00, 25, 12799
48, 5153187.00, 6304250.00, 8398136.00, 5213604.00, 6596007.00, 16777215.00, 25, 12980
49, 5136714.00, 6285284.00, 8397951.00, 5262923.00, 6638708.00, 16777215.00, 25, 13253
50, 5141277.00, 6325244.00, 8398100.00, 5231135.00, 6636914.00, 16777215.00, 25, 13525
51, 5119557.00, 6294073.00, 8397943.00, 5120821.00, 6599525.00, 16777215.00, 25, 13888
52, 5119820.00, 6286901.00, 8397938.00, 5178560.00, 6579863.00, 16777215.00, 25, 14251
53, 5111394.00, 6265876.00, 8398092.00, 5129841.00, 6544156.00, 16777215.00, 25, 14614
54, 5117970.00, 6259180.00, 8397917.00, 5082908.00, 6541046.00, 16777215.00, 25, 14887
55, 5138697.00, 6261335.00, 8398042.00, 5067404.00, 6516791.00, 16777215.00, 25, 15250
56, 5120405.00, 6258247.00, 8397967.00, 5056820.00, 6497786.00, 16777215.00, 25, 15522
57, 5112122.00, 6253481.00, 8398015.00, 5057511.00, 6539493.00, 16777215.00, 25, 15794
58, 5116266.00, 6250694.00, 8398057.00, 5088933.00, 6606009.00, 16777215.00, 25, 16157
59, 5122200.00, 6254998.00, 8398090.00, 5087693.00, 6615923.00, 16777215.00, 25, 16430
60, 5118329.00, 6246490.00, 8398028.00, 5069463.00, 6594849.00, 16777215.00, 25, 16793
61, 5115351.00, 6246112.00, 8397995.00, 5062782.00, 6576749.00, 16777215.00, 25, 17065
62, 5109413.00, 6237715.00, 8397977.00, 5042829.00, 6575797.00, 16777215.00, 25, 17337
BASELINE Time: 10:55:40
RECORDING Time: 10:55:48
1, 5110005.00, 6238770.00, 8397994.00, 5053323.00, 6584866.00, 16777215.00, 25, 0
2, 5110005.00, 6238770.00, 8397994.00, 5053323.00, 6584866.00, 16777215.00, 25, 0
3, 5113746.00, 6246049.00, 8397930.00, 5086463.00, 6602970.00, 16777215.00, 25, 273
4, 5113746.00, 6246049.00, 8397930.00, 5086463.00, 6602970.00, 16777215.00, 25, 273
5, 5128999.00, 6270231.00, 8398109.00, 5200764.00, 6621113.00, 16777215.00, 25, 545
6, 5128999.00, 6270231.00, 8398109.00, 5200764.00, 6621113.00, 16777215.00, 25, 545
7, 5139910.00, 6286964.00, 8398010.00, 5185898.00, 6624868.00, 16777215.00, 25, 817
8, 5139910.00, 6286964.00, 8398010.00, 5185898.00, 6624868.00, 16777215.00, 25, 817
9, 5137201.00, 6304092.00, 8398012.00, 5153515.00, 6609801.00, 16777215.00, 25, 1180
10, 5137201.00, 6304092.00, 8398012.00, 5153515.00, 6609801.00, 16777215.00, 25, 1180
11, 5113019.00, 6319108.00, 8398141.00, 5369759.00, 6525589.00, 16777215.00, 25, 1453
12, 5113019.00, 6319108.00, 8398141.00, 5369759.00, 6525589.00, 16777215.00, 25, 1453
13, 5111433.00, 6321824.00, 8397990.00, 5425879.00, 6337535.00, 16777215.00, 25, 1816
14, 5111433.00, 6321824.00, 8397990.00, 5425879.00, 6337535.00, 16777215.00, 25, 1816
15, 5130485.00, 6348112.00, 8398057.00, 5513293.00, 4811271.00, 16777215.00, 25, 2088
16, 5130485.00, 6348112.00, 8398057.00, 5513293.00, 4811271.00, 16777215.00, 25, 2088
17, 5185683.00, 6387852.00, 8397943.00, 5595543.00, 0.00, 16777215.00, 25, 2451
18, 5185683.00, 6387852.00, 8397943.00, 5595543.00, 0.00, 16777215.00, 25, 2451
20, 5171369.00, 6366418.00, 8397945.00, 5599532.00, 0.00, 16777215.00, 25, 2814
20, 5171369.00, 6366418.00, 8397945.00, 5599532.00, 0.00, 16777215.00, 25, 2814
22, 5181253.00, 6382996.00, 8397973.00, 5650461.00, 0.00, 16777215.00, 25, 3177
22, 5181253.00, 6382996.00, 8397973.00, 5650461.00, 0.00, 16777215.00, 25, 3177
24, 5241597.00, 6399057.00, 8398094.00, 5743325.00, 0.00, 16777215.00, 25, 3540
24, 5241597.00, 6399057.00, 8398094.00, 5743325.00, 0.00, 16777215.00, 25, 3540
26, 5229309.00, 6394461.00, 8398030.00, 5354259.00, 0.00, 16777215.00, 25, 3903
26, 5229309.00, 6394461.00, 8398030.00, 5354259.00, 0.00, 16777215.00, 25, 3903
28, 5197114.00, 6456665.00, 8397954.00, 5325003.00, 0.00, 16777215.00, 25, 4266
28, 5197114.00, 6456665.00, 8397954.00, 5325003.00, 0.00, 16777215.00, 25, 4266
30, 5181523.00, 6460443.00, 8398137.00, 5323840.00, 0.00, 16777215.00, 25, 4630
30, 5181523.00, 6460443.00, 8398137.00, 5323840.00, 0.00, 16777215.00, 25, 4630
32, 5178702.00, 6463490.00, 8397945.00, 5336860.00, 0.00, 16777215.00, 25, 4811
32, 5178702.00, 6463490.00, 8397945.00, 5336860.00, 0.00, 16777215.00, 25, 4811
34, 5186386.00, 6474436.00, 8397991.00, 5348009.00, 0.00, 16777215.00, 25, 4993
34, 5186386.00, 6474436.00, 8397991.00, 5348009.00, 0.00, 16777215.00, 25, 4993
36, 5199223.00, 6483867.00, 8397967.00, 5347411.00, 0.00, 16777215.00, 25, 5265
36, 5199223.00, 6483867.00, 8397967.00, 5347411.00, 0.00, 16777215.00, 25, 5265
38, 5204743.00, 6481333.00, 8398083.00, 5359118.00, 0.00, 16777215.00, 25, 5447
38, 5204743.00, 6481333.00, 8398083.00, 5359118.00, 0.00, 16777215.00, 25, 5447
40, 5207565.00, 6457926.00, 8398041.00, 5297885.00, 0.00, 16777215.00, 25, 5628
40, 5207565.00, 6457926.00, 8398041.00, 5297885.00, 0.00, 16777215.00, 25, 5628
42, 5181118.00, 6438448.00, 8397978.00, 5304508.00, 0.00, 16777215.00, 25, 5991
42, 5181118.00, 6438448.00, 8397978.00, 5304508.00, 0.00, 16777215.00, 25, 5991
44, 5177463.00, 6420350.00, 8398060.00, 5292500.00, 0.00, 16777215.00, 25, 6264
44, 5177463.00, 6420350.00, 8398060.00, 5292500.00, 0.00, 16777215.00, 25, 6264
46, 5179801.00, 6417516.00, 8398077.00, 5280836.00, 0.00, 16777215.00, 25, 6627
46, 5179801.00, 6417516.00, 8398077.00, 5280836.00, 0.00, 16777215.00, 25, 6627
48, 5174584.00, 6402292.00, 8397995.00, 5267301.00, 0.00, 16777215.00, 25, 6990
48, 5174584.00, 6402292.00, 8397995.00, 5267301.00, 0.00, 16777215.00, 25, 6990
50, 5172124.00, 6400256.00, 8397947.00, 5264678.00, 0.00, 16777215.00, 25, 7262
50, 5172124.00, 6400256.00, 8397947.00, 5264678.00, 0.00, 16777215.00, 25, 7262
52, 5161958.00, 6395889.00, 8397933.00, 5258208.00, 0.00, 16777215.00, 25, 7534
52, 5161958.00, 6395889.00, 8397933.00, 5258208.00, 0.00, 16777215.00, 25, 7534
54, 5162223.00, 6395593.00, 8398060.00, 5263984.00, 0.00, 16777215.00, 25, 7897
54, 5162223.00, 6395593.00, 8398060.00, 5263984.00, 0.00, 16777215.00, 25, 7897
56, 5171562.00, 6405587.00, 8398052.00, 5274843.00, 0.00, 16777215.00, 25, 8261
56, 5171562.00, 6405587.00, 8398052.00, 5274843.00, 0.00, 16777215.00, 25, 8261
58, 5173973.00, 6407561.00, 8398068.00, 5269265.00, 0.00, 16777215.00, 25, 8624
58, 5173973.00, 6407561.00, 8398068.00, 5269265.00, 0.00, 16777215.00, 25, 8624
60, 5174941.00, 6409136.00, 8398007.00, 5272014.00, 0.00, 16777215.00, 25, 8896
60, 5174941.00, 6409136.00, 8398007.00, 5272014.00, 0.00, 16777215.00, 25, 8896
62, 5173557.00, 6407174.00, 8397924.00, 5265285.00, 0.00, 16777215.00, 25, 9259
62, 5173557.00, 6407174.00, 8397924.00, 5265285.00, 0.00, 16777215.00, 25, 9259
64, 5172188.00, 6404945.00, 8398008.00, 5263157.00, 0.00, 16777215.00, 25, 9531
64, 5172188.00, 6404945.00, 8398008.00, 5263157.00, 0.00, 16777215.00, 25, 9531
66, 5171692.00, 6404097.00, 8398114.00, 5261951.00, 0.00, 16777215.00, 25, 9713
66, 5171692.00, 6404097.00, 8398114.00, 5261951.00, 0.00, 16777215.00, 25, 9713
68, 5164670.00, 6391851.00, 8398079.00, 5227462.00, 0.00, 16777215.00, 25, 9985
68, 5164670.00, 6391851.00, 8398079.00, 5227462.00, 0.00, 16777215.00, 25, 9985
70, 5166769.00, 6387714.00, 8397947.00, 5218682.00, 0.00, 16777215.00, 25, 10258
70, 5166769.00, 6387714.00, 8397947.00, 5218682.00, 0.00, 16777215.00, 25, 10258
72, 5175420.00, 6400966.00, 8398125.00, 5209982.00, 0.00, 16777215.00, 25, 10439
72, 5175420.00, 6400966.00, 8398125.00, 5209982.00, 0.00, 16777215.00, 25, 10439
74, 5195038.00, 6438665.00, 8397979.00, 5236761.00, 0.00, 16777215.00, 25, 10802
74, 5195038.00, 6438665.00, 8397979.00, 5236761.00, 0.00, 16777215.00, 25, 10802
76, 5186233.00, 6449674.00, 8398005.00, 5473588.00, 0.00, 16777215.00, 25, 11165
76, 5186233.00, 6449674.00, 8398005.00, 5473588.00, 0.00, 16777215.00, 25, 11165
78, 5222626.00, 6482642.00, 8398071.00, 5439721.00, 6022579.00, 16777215.00, 25, 11528
78, 5222626.00, 6482642.00, 8398071.00, 5439721.00, 6022579.00, 16777215.00, 25, 11528
80, 5217445.00, 6407192.00, 8397958.00, 5401166.00, 5927122.00, 16777215.00, 25, 11891
80, 5217445.00, 6407192.00, 8397958.00, 5401166.00, 5927122.00, 16777215.00, 25, 11891
82, 5190508.00, 6399846.00, 8398103.00, 5345525.00, 5917792.00, 16777215.00, 25, 12527
82, 5190508.00, 6399846.00, 8398103.00, 5345525.00, 5917792.00, 16777215.00, 25, 12527
84, 5208753.00, 6399318.00, 8397995.00, 5331959.00, 5927407.00, 16777215.00, 25, 12799
84, 5208753.00, 6399318.00, 8397995.00, 5331959.00, 5927407.00, 16777215.00, 25, 12799
86, 5222484.00, 6409727.00, 8398007.00, 5282456.00, 5940308.00, 16777215.00, 25, 12981
86, 5222484.00, 6409727.00, 8398007.00, 5282456.00, 5940308.00, 16777215.00, 25, 12981
88, 5223593.00, 6413012.00, 8398080.00, 5243065.00, 5922063.00, 16777215.00, 25, 13162
88, 5223593.00, 6413012.00, 8398080.00, 5243065.00, 5922063.00, 16777215.00, 25, 13162
90, 5192228.00, 6376687.00, 8397882.00, 5086426.00, 5962047.00, 16777215.00, 25, 13435
90, 5192228.00, 6376687.00, 8397882.00, 5086426.00, 5962047.00, 16777215.00, 25, 13435
92, 5210883.00, 6400565.00, 8397974.00, 5222838.00, 5937139.00, 16777215.00, 25, 13707
92, 5210883.00, 6400565.00, 8397974.00, 5222838.00, 5937139.00, 16777215.00, 25, 13707
94, 5226278.00, 6433192.00, 8397955.00, 5302040.00, 5927925.00, 16777215.00, 25, 14070
94, 5226278.00, 6433192.00, 8397955.00, 5302040.00, 5927925.00, 16777215.00, 25, 14070
96, 5228859.00, 6404558.00, 8398075.00, 5206392.00, 5980687.00, 16777215.00, 25, 14433
96, 5228859.00, 6404558.00, 8398075.00, 5206392.00, 5980687.00, 16777215.00, 25, 14433
98, 5223088.00, 6399951.00, 8397924.00, 5201724.00, 5940930.00, 16777215.00, 25, 14796
98, 5223088.00, 6399951.00, 8397924.00, 5201724.00, 5940930.00, 16777215.00, 25, 14796
100, 5217780.00, 6398513.00, 8397950.00, 5168611.00, 5923033.00, 16777215.00, 25, 15159
100, 5217780.00, 6398513.00, 8397950.00, 5168611.00, 5923033.00, 16777215.00, 25, 15159
102, 5201016.00, 6375444.00, 8398099.00, 5111961.00, 5917447.00, 16777215.00, 25, 15432
102, 5201016.00, 6375444.00, 8398099.00, 5111961.00, 5917447.00, 16777215.00, 25, 15432
104, 5195142.00, 6371089.00, 8398016.00, 5136124.00, 5907953.00, 16777215.00, 25, 15704
104, 5195142.00, 6371089.00, 8398016.00, 5136124.00, 5907953.00, 16777215.00, 25, 15704
106, 5203912.00, 6391061.00, 8398028.00, 5191067.00, 5912028.00, 16777215.00, 25, 15976
106, 5203912.00, 6391061.00, 8398028.00, 5191067.00, 5912028.00, 16777215.00, 25, 15976
108, 5205923.00, 6386902.00, 8398010.00, 5152876.00, 5922081.00, 16777215.00, 25, 16248
108, 5205923.00, 6386902.00, 8398010.00, 5152876.00, 5922081.00, 16777215.00, 25, 16248
110, 5199999.00, 6378969.00, 8397975.00, 5122766.00, 5927519.00, 16777215.00, 25, 16430
110, 5199999.00, 6378969.00, 8397975.00, 5122766.00, 5927519.00, 16777215.00, 25, 16430
112, 5195594.00, 6373721.00, 8398078.00, 5100806.00, 5931409.00, 16777215.00, 25, 16611
112, 5195594.00, 6373721.00, 8398078.00, 5100806.00, 5931409.00, 16777215.00, 25, 16611
114, 5184771.00, 6357128.00, 8398021.00, 5045930.00, 5928864.00, 16777215.00, 25, 16884
114, 5184771.00, 6357128.00, 8398021.00, 5045930.00, 5928864.00, 16777215.00, 25, 16884
116, 5178738.00, 6349980.00, 8397989.00, 5041467.00, 5897636.00, 16777215.00, 25, 17065
116, 5178738.00, 6349980.00, 8397989.00, 5041467.00, 5897636.00, 16777215.00, 25, 17065
118, 5174441.00, 6348403.00, 8398138.00, 5034419.00, 5880826.00, 16777215.00, 25, 17247
118, 5174441.00, 6348403.00, 8398138.00, 5034419.00, 5880826.00, 16777215.00, 25, 17247
120, 5171081.00, 6346510.00, 8397964.00, 5041151.00, 5880228.00, 16777215.00, 25, 17519
120, 5171081.00, 6346510.00, 8397964.00, 5041151.00, 5880228.00, 16777215.00, 25, 17519
122, 5181716.00, 6355518.00, 8398044.00, 5074712.00, 5879982.00, 16777215.00, 25, 17882
122, 5181716.00, 6355518.00, 8398044.00, 5074712.00, 5879982.00, 16777215.00, 25, 17882
124, 5181860.00, 6359910.00, 8398012.00, 5078183.00, 5856887.00, 16777215.00, 25, 18245
124, 5181860.00, 6359910.00, 8398012.00, 5078183.00, 5856887.00, 16777215.00, 25, 18245
126, 5175039.00, 6358868.00, 8398070.00, 5090772.00, 5855034.00, 16777215.00, 25, 18608
126, 5175039.00, 6358868.00, 8398070.00, 5090772.00, 5855034.00, 16777215.00, 25, 18608
128, 5176733.00, 6364504.00, 8397949.00, 5112944.00, 5870684.00, 16777215.00, 25, 18971
128, 5176733.00, 6364504.00, 8397949.00, 5112944.00, 5870684.00, 16777215.00, 25, 18971
130, 5183470.00, 6370043.00, 8398058.00, 5127511.00, 5878241.00, 16777215.00, 25, 19153
130, 5183470.00, 6370043.00, 8398058.00, 5127511.00, 5878241.00, 16777215.00, 25, 19153
132, 5182126.00, 6367584.00, 8397987.00, 5117842.00, 5882482.00, 16777215.00, 25, 19335
132, 5182126.00, 6367584.00, 8397987.00, 5117842.00, 5882482.00, 16777215.00, 25, 19335
134, 5184156.00, 6370766.00, 8397932.00, 5130526.00, 6034149.00, 16777215.00, 25, 19607
134, 5184156.00, 6370766.00, 8397932.00, 5130526.00, 6034149.00, 16777215.00, 25, 19607
136, 5181954.00, 6367901.00, 8398029.00, 5113465.00, 7485698.00, 16777215.00, 25, 19788
136, 5181954.00, 6367901.00, 8398029.00, 5113465.00, 7485698.00, 16777215.00, 25, 19788
138, 5177637.00, 6365152.00, 8398009.00, 5116710.00, 7460757.00, 16777215.00, 25, 20061
138, 5177637.00, 6365152.00, 8398009.00, 5116710.00, 7460757.00, 16777215.00, 25, 20061
140, 5181516.00, 6371201.00, 8398091.00, 5166124.00, 7437411.00, 16777215.00, 25, 20424
140, 5181516.00, 6371201.00, 8398091.00, 5166124.00, 7437411.00, 16777215.00, 25, 20424
142, 5185049.00, 6376777.00, 8398132.00, 5191172.00, 7419116.00, 16777215.00, 25, 20696
142, 5185049.00, 6376777.00, 8398132.00, 5191172.00, 7419116.00, 16777215.00, 25, 20696
144, 5181487.00, 6371372.00, 8398063.00, 5163224.00, 7436380.00, 16777215.00, 25, 21059
144, 5181487.00, 6371372.00, 8398063.00, 5163224.00, 7436380.00, 16777215.00, 25, 21059
146, 5186310.00, 6374402.00, 8398135.00, 5174846.00, 7438032.00, 16777215.00, 25, 21331
RECORDING Time: 10:56:9
BASELINE Time: 10:56:15
1, 5193860.00, 6423593.00, 8398021.00, 5356870.00, 7330884.00, 16777215.00, 25, 0
2, 5223040.00, 6461830.00, 8398098.00, 5398946.00, 7292631.00, 16777215.00, 25, 0
3, 5237282.00, 6462059.00, 8397969.00, 5335043.00, 7330700.00, 16777215.00, 25, 273
4, 5236404.00, 6450289.00, 8398111.00, 5220179.00, 7348684.00, 16777215.00, 25, 636
5, 5210110.00, 6420369.00, 8397978.00, 5158384.00, 7346771.00, 16777215.00, 25, 908
6, 5164374.00, 6396183.00, 8397984.00, 5341964.00, 7313289.00, 16777215.00, 25, 1271
7, 5139395.00, 6398711.00, 8397935.00, 5436487.00, 7300288.00, 16777215.00, 25, 1543
8, 5141829.00, 6394153.00, 8398008.00, 5456355.00, 7294722.00, 16777215.00, 25, 1816
9, 5164680.00, 6418007.00, 8398012.00, 5482632.00, 7316264.00, 16777215.00, 25, 2088
10, 5173689.00, 6432864.00, 8398028.00, 5483238.00, 7337436.00, 16777215.00, 25, 2360
11, 5161162.00, 6416562.00, 8398132.00, 5474416.00, 7269508.00, 16777215.00, 25, 2632
12, 5145183.00, 6405172.00, 8398038.00, 5470022.00, 6631480.00, 16777215.00, 25, 2905
13, 5141469.00, 6402700.00, 8398120.00, 5454026.00, 5877485.00, 16777215.00, 25, 3177
14, 5142278.00, 6396730.00, 8398008.00, 5433211.00, 7145045.00, 16777215.00, 25, 3449
15, 5137895.00, 6393541.00, 8397905.00, 5419139.00, 6415166.00, 16777215.00, 25, 3722
16, 5139633.00, 6398157.00, 8398052.00, 5436730.00, 6809353.00, 16777215.00, 25, 4085
17, 5144333.00, 6405431.00, 8398033.00, 5447124.00, 6536933.00, 16777215.00, 25, 4357
18, 5145478.00, 6404678.00, 8397974.00, 5441527.00, 7582717.00, 16777215.00, 25, 4720
19, 5136153.00, 6395453.00, 8398074.00, 5422501.00, 7607132.00, 16777215.00, 25, 4992
20, 5131426.00, 6391758.00, 8397957.00, 5421630.00, 7045856.00, 16777215.00, 25, 5264
21, 5128459.00, 6387780.00, 8398032.00, 5425022.00, 6900459.00, 16777215.00, 25, 5627
22, 5128839.00, 6392302.00, 8397950.00, 5428595.00, 6340531.00, 16777215.00, 25, 5900
23, 5130472.00, 6390185.00, 8398050.00, 5407703.00, 6103620.00, 16777215.00, 25, 6263
24, 5122452.00, 6380066.00, 8398023.00, 5381951.00, 4787599.00, 16777215.00, 25, 6535
25, 5124099.00, 6385964.00, 8398065.00, 5410755.00, 3969903.00, 16777215.00, 25, 6898
26, 5123334.00, 6385439.00, 8398008.00, 5424930.00, 4368442.00, 16777215.00, 25, 7170
27, 5124947.00, 6389372.00, 8398032.00, 5440822.00, 5463109.00, 16777215.00, 25, 7442
28, 5129170.00, 6385161.00, 8398086.00, 5409515.00, 7962683.00, 16777215.00, 25, 7715
29, 5132015.00, 6386790.00, 8398033.00, 5405967.00, 8139034.00, 16777215.00, 25, 7987
30, 5132139.00, 6385282.00, 8398007.00, 5391380.00, 8547601.00, 16777215.00, 25, 8259
31, 5132195.00, 6385485.00, 8398026.00, 5403964.00, 8438841.00, 16777215.00, 25, 8531
32, 5123357.00, 6363405.00, 8398000.00, 5413087.00, 8420869.00, 16777215.00, 25, 8895
33, 5129305.00, 6324381.00, 8397995.00, 5376502.00, 8423816.00, 16777215.00, 25, 9167
34, 5142121.00, 6324556.00, 8398007.00, 5319275.00, 8452853.00, 16777215.00, 25, 9348
35, 5147135.00, 6326274.00, 8398085.00, 5170439.00, 8457163.00, 16777215.00, 25, 9621
36, 5155389.00, 6315554.00, 8397967.00, 5030215.00, 8457088.00, 16777215.00, 25, 9802
37, 5155281.00, 6300639.00, 8397985.00, 4962578.00, 8457493.00, 16777215.00, 25, 9893
38, 5146393.00, 6273296.00, 8398077.00, 4904524.00, 8452776.00, 16777215.00, 25, 9984
39, 5128942.00, 6252280.00, 8398014.00, 4928361.00, 8419770.00, 16777215.00, 25, 10165
40, 5134998.00, 6296364.00, 8397975.00, 5014909.00, 8428329.00, 16777215.00, 25, 10437
41, 5125474.00, 6265726.00, 8397989.00, 4909745.00, 8442134.00, 16777215.00, 25, 10710
42, 5112128.00, 6247817.00, 8397957.00, 4931673.00, 8447957.00, 16777215.00, 25, 10982
43, 5114499.00, 6255933.00, 8398020.00, 4959841.00, 8469610.00, 16777215.00, 25, 11345
44, 5116446.00, 6259224.00, 8397962.00, 4980872.00, 8481904.00, 16777215.00, 25, 11708
45, 5109301.00, 6253560.00, 8397887.00, 4977687.00, 8462245.00, 16777215.00, 25, 11980
46, 5110832.00, 6260391.00, 8397987.00, 5006947.00, 8468974.00, 16777215.00, 25, 12343
47, 5111748.00, 6260130.00, 8398054.00, 5026580.00, 8478695.00, 16777215.00, 25, 12616
48, 8407701.00, 6280672.00, 8397923.00, 5070474.00, 8503670.00, 16777215.00, 25, 12979
BASELINE Time: 10:56:29
RECORDING Time: 10:56:30
1, 5141629.00, 6287941.00, 8398002.00, 5105869.00, 8523999.00, 16777215.00, 25, 0
2, 5144253.00, 6289834.00, 8397990.00, 5113866.00, 8528312.00, 16777215.00, 25, 0
3, 5146882.00, 6291220.00, 8397974.00, 5112860.00, 8524391.00, 16777215.00, 25, 273
4, 5148122.00, 6292698.00, 8398015.00, 5143271.00, 8535229.00, 16777215.00, 25, 454
5, 5156003.00, 6302999.00, 8397908.00, 5128402.00, 8502994.00, 16777215.00, 25, 726
6, 5136480.00, 6293040.00, 8397955.00, 5308308.00, 8439502.00, 16777215.00, 25, 1180
7, 5098894.00, 6301941.00, 8397979.00, 5437956.00, 7552762.00, 16777215.00, 25, 1634
8, 5115871.00, 6334873.00, 8397866.00, 5477260.00, 4993582.00, 16777215.00, 25, 1997
9, 5133575.00, 6343310.00, 8398039.00, 5500520.00, 610666.00, 16777215.00, 25, 2178
10, 5132968.00, 6338783.00, 8397960.00, 5535797.00, 0.00, 16777215.00, 25, 2451
11, 5145760.00, 6348262.00, 8398029.00, 5496753.00, 0.00, 16777215.00, 25, 2723
12, 5137952.00, 6351093.00, 8397996.00, 5496019.00, 1951472.00, 16777215.00, 25, 2904
13, 5145837.00, 6372289.00, 8397997.00, 5530972.00, 1982246.00, 16777215.00, 25, 3177
14, 5152680.00, 6385539.00, 8398044.00, 5515563.00, 1986002.00, 16777215.00, 25, 3449
15, 5132792.00, 6368401.00, 8397993.00, 5470285.00, 2059466.00, 16777215.00, 25, 3812
16, 5127937.00, 6362612.00, 8397928.00, 5464508.00, 2069013.00, 16777215.00, 25, 4084
17, 5123543.00, 6358629.00, 8398065.00, 5463223.00, 1377102.00, 16777215.00, 25, 4266
18, 5135751.00, 6383745.00, 8397888.00, 5600907.00, 0.00, 16777215.00, 25, 4538
19, 5156332.00, 6372307.00, 8397952.00, 5591564.00, 0.00, 16777215.00, 25, 4811
20, 5147132.00, 6349203.00, 8397898.00, 5518320.00, 0.00, 16777215.00, 25, 5174
21, 5145220.00, 6337937.00, 8398002.00, 5473704.00, 0.00, 16777215.00, 25, 5446
22, 5137705.00, 6313677.00, 8397887.00, 5297504.00, 0.00, 16777215.00, 25, 5809
23, 5119273.00, 6293776.00, 8397937.00, 5426304.00, 0.00, 16777215.00, 25, 6081
24, 5162842.00, 6335024.00, 8398017.00, 5502441.00, 0.00, 16777215.00, 25, 6263
25, 5262576.00, 6400722.00, 8397967.00, 5620515.00, 0.00, 16777215.00, 25, 6535
26, 5263040.00, 6414628.00, 8398048.00, 5369999.00, 0.00, 16777215.00, 25, 6717
27, 5212635.00, 6424486.00, 8398063.00, 5342258.00, 0.00, 16777215.00, 25, 6989
28, 5193892.00, 6434619.00, 8398100.00, 5404015.00, 0.00, 16777215.00, 25, 7261
29, 16777215.00, 6435307.00, 8397953.00, 5455409.00, 0.00, 16777215.00, 25, 7533
30, 16777215.00, 6414885.00, 8398080.00, 5396215.00, 0.00, 16777215.00, 25, 7896
31, 16777215.00, 6388207.00, 8398055.00, 5346044.00, 0.00, 16777215.00, 25, 8169
32, 16777215.00, 6399451.00, 8398005.00, 5240691.00, 0.00, 16777215.00, 25, 8532
33, 16777215.00, 6400622.00, 8398011.00, 5223587.00, 0.00, 16777215.00, 25, 8804
34, 16777215.00, 6393762.00, 8397950.00, 5212412.00, 0.00, 16777215.00, 25, 9258
35, 16777215.00, 6392460.00, 8398163.00, 5238594.00, 0.00, 16777215.00, 25, 9530
36, 16777215.00, 6403651.00, 8398092.00, 5254661.00, 0.00, 16777215.00, 25, 9712
37, 16777215.00, 6398351.00, 8397973.00, 5228343.00, 0.00, 16777215.00, 25, 9984
38, 16777215.00, 6400140.00, 8397941.00, 5245077.00, 0.00, 16777215.00, 25, 10256
39, 16777215.00, 6400494.00, 8398024.00, 5235433.00, 0.00, 16777215.00, 25, 10529
40, 16777215.00, 6381810.00, 8397989.00, 5220884.00, 0.00, 16777215.00, 25, 10801
41, 16777215.00, 6388057.00, 8397985.00, 5216697.00, 0.00, 16777215.00, 25, 11073
42, 16777215.00, 6386285.00, 8398024.00, 5225254.00, 0.00, 16777215.00, 25, 11345
43, 16777215.00, 6386017.00, 8398069.00, 5233915.00, 0.00, 16777215.00, 25, 11618
44, 16777215.00, 6385044.00, 8398177.00, 5250047.00, 0.00, 16777215.00, 25, 11890
45, 16777215.00, 6381468.00, 8398080.00, 5265508.00, 0.00, 16777215.00, 25, 12071
46, 16777215.00, 6371695.00, 8397979.00, 5281037.00, 0.00, 16777215.00, 25, 12253
47, 16777215.00, 6367277.00, 8398005.00, 5293461.00, 0.00, 16777215.00, 25, 12434
48, 16777215.00, 6362032.00, 8398118.00, 5298534.00, 0.00, 16777215.00, 25, 12797
49, 16777215.00, 6359664.00, 8398080.00, 5287700.00, 0.00, 16777215.00, 25, 13070
50, 16777215.00, 6352144.00, 8398048.00, 5267284.00, 0.00, 16777215.00, 25, 13433
51, 16777215.00, 6356842.00, 8398050.00, 5272466.00, 0.00, 16777215.00, 25, 13705
52, 16777215.00, 6359642.00, 8398051.00, 5258357.00, 0.00, 16777215.00, 25, 14068
53, 16777215.00, 6368047.00, 8397880.00, 5264244.00, 0.00, 16777215.00, 25, 14340
54, 16777215.00, 6360605.00, 8397903.00, 5295889.00, 0.00, 16777215.00, 25, 14612
55, 16777215.00, 6365358.00, 8398125.00, 5336364.00, 0.00, 16777215.00, 25, 14884
56, 16777215.00, 6376733.00, 8397933.00, 5384120.00, 0.00, 16777215.00, 25, 15156
57, 16777215.00, 6464159.00, 8398099.00, 5497724.00, 0.00, 16777215.00, 25, 15429
58, 16777215.00, 6508470.00, 8397915.00, 5551295.00, 0.00, 16777215.00, 25, 15701
59, 16777215.00, 6476526.00, 8398059.00, 5389842.00, 0.00, 16777215.00, 25, 16064
60, 16777215.00, 6463821.00, 8397986.00, 5383223.00, 0.00, 16777215.00, 25, 16336
61, 16777215.00, 6478788.00, 8397975.00, 5366451.00, 0.00, 16777215.00, 25, 16699
62, 16777215.00, 6479000.00, 8397940.00, 5361667.00, 0.00, 16777215.00, 25, 16972
63, 16777215.00, 6481865.00, 8397986.00, 5385163.00, 0.00, 16777215.00, 25, 17153
64, 16777215.00, 6469691.00, 8397932.00, 5389545.00, 4801572.00, 16777215.00, 25, 17425
65, 16777215.00, 6460350.00, 8398079.00, 5402396.00, 5131729.00, 16777215.00, 25, 17698
66, 16777215.00, 6456136.00, 8398004.00, 5418138.00, 5071198.00, 16777215.00, 25, 17879
67, 16777215.00, 6473950.00, 8398022.00, 5418050.00, 4992726.00, 16777215.00, 25, 18151
68, 16777215.00, 6491828.00, 8398109.00, 5421832.00, 4963501.00, 16777215.00, 25, 18424
69, 16777215.00, 6481413.00, 8398036.00, 5383809.00, 4954861.00, 16777215.00, 25, 18787
70, 16777215.00, 6437485.00, 8398058.00, 5220740.00, 4953114.00, 16777215.00, 25, 19150
71, 16777215.00, 6431801.00, 8398099.00, 5261102.00, 4922200.00, 16777215.00, 25, 19513
72, 16777215.00, 6418280.00, 8398139.00, 5216567.00, 4914852.00, 16777215.00, 25, 19785
73, 16777215.00, 6409573.00, 8398041.00, 5100312.00, 4905601.00, 16777215.00, 25, 19967
74, 16777215.00, 6379980.00, 8398157.00, 5023352.00, 4894876.00, 16777215.00, 25, 20239
75, 16777215.00, 6381859.00, 8398148.00, 5010538.00, 4897938.00, 16777215.00, 25, 20420
RECORDING Time: 10:56:51
BASELINE Time: 10:56:53
1, 16777215.00, 6353263.00, 8398013.00, 5013248.00, 4795188.00, 16777215.00, 25, 0
2, 16777215.00, 6350000.00, 8398093.00, 5004039.00, 4776875.00, 16777215.00, 25, 0
3, 16777215.00, 6351434.00, 8397935.00, 5008820.00, 4766397.00, 16777215.00, 25, 272
4, 16777215.00, 6351874.00, 8398016.00, 5006685.00, 4762162.00, 16777215.00, 25, 545
5, 16777215.00, 6356155.00, 8398032.00, 5025662.00, 4764070.00, 16777215.00, 25, 817
6, 16777215.00, 6374691.00, 8398031.00, 5079970.00, 4767688.00, 16777215.00, 25, 1089
7, 16777215.00, 6387950.00, 8397997.00, 5107902.00, 4765842.00, 16777215.00, 25, 1361
8, 16777215.00, 6394933.00, 8398225.00, 5101946.00, 4757107.00, 16777215.00, 25, 1543
9, 16777215.00, 6377002.00, 8397978.00, 5090182.00, 4750538.00, 16777215.00, 25, 1815
10, 16777215.00, 6385636.00, 8397956.00, 5170310.00, 4735130.00, 16777215.00, 25, 2178
11, 16777215.00, 6423736.00, 8398080.00, 5303843.00, 4711937.00, 16777215.00, 25, 2450
12, 16777215.00, 6467307.00, 8398018.00, 5312977.00, 4713399.00, 16777215.00, 25, 2723
13, 16777215.00, 6491875.00, 8398019.00, 5338451.00, 4648416.00, 16777215.00, 25, 2904
14, 16777215.00, 6456726.00, 8398033.00, 5358996.00, 4187601.00, 16777215.00, 25, 3267
15, 16777215.00, 6476017.00, 8398097.00, 5474280.00, 4126002.00, 16777215.00, 25, 3630
16, 16777215.00, 6474188.00, 8398099.00, 5469453.00, 4578349.00, 16777215.00, 25, 3993
17, 16777215.00, 6484588.00, 8398130.00, 5523018.00, 4539333.00, 16777215.00, 25, 4356
18, 16777215.00, 6491406.00, 8397999.00, 5527230.00, 4863573.00, 16777215.00, 25, 4628
19, 16777215.00, 6489763.00, 8398045.00, 5512019.00, 5961234.00, 16777215.00, 25, 4810
20, 16777215.00, 6489745.00, 8398098.00, 5508198.00, 5634581.00, 16777215.00, 25, 4991
21, 16777215.00, 6488337.00, 8398094.00, 5506772.00, 5874765.00, 16777215.00, 25, 5263
22, 16777215.00, 6485080.00, 8398048.00, 5502240.00, 5695157.00, 16777215.00, 25, 5445
23, 16777215.00, 6483178.00, 8398147.00, 5492820.00, 6508996.00, 16777215.00, 25, 5626
24, 16777215.00, 6479081.00, 8397937.00, 5482507.00, 6774944.00, 16777215.00, 25, 5898
25, 16777215.00, 6474500.00, 8397989.00, 5476595.00, 5973748.00, 16777215.00, 25, 6171
26, 16777215.00, 6470177.00, 8397984.00, 5462504.00, 5679256.00, 16777215.00, 25, 6352
27, 16777215.00, 6466820.00, 8397987.00, 5469246.00, 5217044.00, 16777215.00, 25, 6624
28, 16777215.00, 6459882.00, 8397952.00, 5445570.00, 4770138.00, 16777215.00, 25, 6897
29, 16777215.00, 6459713.00, 8398165.00, 5438738.00, 4304635.00, 16777215.00, 25, 7078
30, 16777215.00, 6465746.00, 8398002.00, 5454069.00, 3516428.00, 16777215.00, 25, 7351
31, 16777215.00, 6464983.00, 8397933.00, 5455513.00, 3924603.00, 16777215.00, 25, 7623
32, 16777215.00, 6465140.00, 8398089.00, 5459764.00, 4318757.00, 16777215.00, 25, 7986
33, 16777215.00, 6465317.00, 8398048.00, 5464160.00, 4295526.00, 16777215.00, 25, 8258
34, 16777215.00, 6465486.00, 8398057.00, 5463845.00, 3967201.00, 16777215.00, 25, 8621
35, 16777215.00, 6461956.00, 8398010.00, 5460332.00, 3784385.00, 16777215.00, 25, 8893
36, 16777215.00, 6470336.00, 8397972.00, 5451041.00, 3064708.00, 16777215.00, 25, 9256
37, 16777215.00, 6471293.00, 8398085.00, 5438366.00, 3789700.00, 16777215.00, 25, 9619
38, 16777215.00, 6468215.00, 8397993.00, 5456054.00, 3265265.00, 16777215.00, 25, 9801
39, 16777215.00, 6465807.00, 8398148.00, 5497648.00, 3187447.00, 16777215.00, 25, 10073
40, 16777215.00, 6472532.00, 8398079.00, 5497413.00, 3398522.00, 16777215.00, 25, 10345
41, 16777215.00, 6478421.00, 8397986.00, 5518626.00, 3501522.00, 16777215.00, 25, 10618
42, 16777215.00, 6476411.00, 8398068.00, 5525092.00, 4526910.00, 16777215.00, 25, 10890
43, 16777215.00, 6483302.00, 8398164.00, 5513611.00, 7533816.00, 16777215.00, 25, 11162
44, 16777215.00, 6484050.00, 8398079.00, 5484719.00, 7543467.00, 16777215.00, 25, 11525
45, 16777215.00, 6476118.00, 8398167.00, 5437674.00, 7562781.00, 16777215.00, 25, 11797
46, 16777215.00, 6417084.00, 8398087.00, 5295356.00, 7576532.00, 16777215.00, 25, 12160
47, 16777215.00, 6425063.00, 8398190.00, 5185717.00, 7627534.00, 16777215.00, 25, 12342
48, 16777215.00, 6431035.00, 8398195.00, 5241380.00, 7632914.00, 16777215.00, 25, 12523
49, 16777215.00, 6451073.00, 8397993.00, 5282443.00, 7648059.00, 16777215.00, 25, 12796
50, 16777215.00, 6442137.00, 8398027.00, 5227064.00, 7652334.00, 16777215.00, 25, 12977
51, 16777215.00, 6419178.00, 8398139.00, 5196031.00, 7647874.00, 16777215.00, 25, 13159
52, 16777215.00, 6399155.00, 8398052.00, 5209468.00, 7685192.00, 16777215.00, 25, 13431
53, 16777215.00, 6390021.00, 8398218.00, 5090297.00, 7682811.00, 16777215.00, 25, 13794
BASELINE Time: 10:57:7
RECORDING Time: 10:57:9
1, 16777215.00, 6389881.00, 8398145.00, 5095693.00, 7736631.00, 16777215.00, 25, 0
2, 16777215.00, 6391358.00, 8398050.00, 5089221.00, 7734529.00, 16777215.00, 25, 0
3, 16777215.00, 6385966.00, 8398048.00, 5123257.00, 7769485.00, 16777215.00, 25, 272
4, 16777215.00, 6410285.00, 8397997.00, 5161945.00, 7774763.00, 16777215.00, 25, 635
5, 16777215.00, 6411522.00, 8398056.00, 5128574.00, 7762695.00, 16777215.00, 25, 907
6, 16777215.00, 6426852.00, 8397939.00, 5200835.00, 7771232.00, 16777215.00, 25, 1180
7, 16777215.00, 6444457.00, 8398128.00, 5242294.00, 7779215.00, 16777215.00, 25, 1452
8, 16777215.00, 6397052.00, 8398008.00, 5190212.00, 7773372.00, 16777215.00, 25, 1633
9, 16777215.00, 6411647.00, 8398067.00, 5315899.00, 7499127.00, 16777215.00, 25, 1905
10, 16777215.00, 6450603.00, 8398028.00, 5309186.00, 4374134.00, 16777215.00, 25, 2178
11, 16777215.00, 6467824.00, 8397982.00, 5362607.00, 0.00, 16777215.00, 25, 2541
12, 16777215.00, 6466435.00, 8397978.00, 5350698.00, 0.00, 16777215.00, 25, 2813
13, 16777215.00, 6424089.00, 8398147.00, 5342391.00, 0.00, 16777215.00, 25, 2994
14, 16777215.00, 6431759.00, 8398050.00, 5424900.00, 470289.00, 16777215.00, 25, 3357
15, 16777215.00, 6439364.00, 8398039.00, 5438279.00, 226114.00, 16777215.00, 25, 3630
16, 16777215.00, 6479658.00, 8397997.00, 5460027.00, 0.00, 16777215.00, 25, 3992
17, 16777215.00, 6481872.00, 8398091.00, 5465054.00, 0.00, 16777215.00, 25, 4265
18, 16777215.00, 6444388.00, 8397961.00, 5431194.00, 0.00, 16777215.00, 25, 4628
19, 16777215.00, 6479567.00, 8398043.00, 5526741.00, 0.00, 16777215.00, 25, 4991
20, 16777215.00, 6461812.00, 8398099.00, 4927768.00, 0.00, 16777215.00, 25, 5807
21, 16777215.00, 6493295.00, 8398051.00, 4917319.00, 0.00, 16777215.00, 25, 6079
22, 16777215.00, 6507062.00, 8398014.00, 4961059.00, 0.00, 16777215.00, 25, 6261
23, 16777215.00, 6513716.00, 8398188.00, 4981232.00, 0.00, 16777215.00, 25, 6442
24, 16777215.00, 6507009.00, 8398195.00, 4989857.00, 0.00, 16777215.00, 25, 6715
25, 16777215.00, 6498446.00, 8398121.00, 4978687.00, 0.00, 16777215.00, 25, 6896
26, 16777215.00, 6514151.00, 8398170.00, 4936892.00, 0.00, 16777215.00, 25, 7077
27, 16777215.00, 6520930.00, 8398114.00, 4922956.00, 0.00, 16777215.00, 25, 7440
28, 16777215.00, 6505909.00, 8398095.00, 4903955.00, 0.00, 16777215.00, 25, 7713
29, 16777215.00, 6495768.00, 8398043.00, 4920976.00, 0.00, 16777215.00, 25, 8076
30, 16777215.00, 6493552.00, 8397980.00, 4929145.00, 0.00, 16777215.00, 25, 8439
31, 16777215.00, 6495789.00, 8398113.00, 4936839.00, 0.00, 16777215.00, 25, 8620
32, 16777215.00, 6473657.00, 8398005.00, 4822778.00, 0.00, 16777215.00, 25, 8892
33, 16777215.00, 6444504.00, 8398150.00, 4728675.00, 0.00, 16777215.00, 25, 9528
34, 16777215.00, 6450125.00, 8398046.00, 4767854.00, 0.00, 16777215.00, 25, 10254
35, 16777215.00, 6446133.00, 8398063.00, 4775270.00, 0.00, 16777215.00, 25, 10526
36, 16777215.00, 6459001.00, 8398112.00, 4831599.00, 0.00, 16777215.00, 25, 10889
37, 16777215.00, 6472148.00, 8398063.00, 4848651.00, 0.00, 16777215.00, 25, 11070
38, 16777215.00, 6476198.00, 8398093.00, 4872605.00, 0.00, 16777215.00, 25, 11252
39, 16777215.00, 6489325.00, 8398076.00, 4912744.00, 0.00, 16777215.00, 25, 11524
40, 16777215.00, 6493571.00, 8398097.00, 4923158.00, 0.00, 16777215.00, 25, 11796
41, 16777215.00, 6491494.00, 8398070.00, 4910457.00, 0.00, 16777215.00, 25, 11978
42, 16777215.00, 6491871.00, 8398110.00, 4924848.00, 0.00, 16777215.00, 25, 12250
43, 16777215.00, 6481806.00, 8398048.00, 4878218.00, 0.00, 16777215.00, 25, 12613
44, 16777215.00, 6463061.00, 8398079.00, 4852115.00, 0.00, 16777215.00, 25, 12976
45, 16777215.00, 6460852.00, 8398039.00, 4851321.00, 0.00, 16777215.00, 25, 13339
46, 16777215.00, 6461808.00, 8398113.00, 4870873.00, 0.00, 16777215.00, 25, 13611
47, 16777215.00, 6469594.00, 8398107.00, 4927519.00, 27821.00, 16777215.00, 25, 13792
48, 16777215.00, 6480725.00, 8398069.00, 4953618.00, 31463.00, 16777215.00, 25, 13974
49, 16777215.00, 6511060.00, 8398066.00, 4958279.00, 0.00, 16777215.00, 25, 14246
50, 16777215.00, 6520375.00, 8398004.00, 5012788.00, 0.00, 16777215.00, 25, 14427
51, 16777215.00, 6518771.00, 8398051.00, 5053392.00, 0.00, 16777215.00, 25, 14609
52, 16777215.00, 6503958.00, 8398159.00, 5081027.00, 0.00, 16777215.00, 25, 14972
53, 16777215.00, 6521912.00, 8398082.00, 5247058.00, 1616805.00, 16777215.00, 25, 15244
54, 16777215.00, 6555510.00, 8398204.00, 5195170.00, 5803263.00, 16777215.00, 25, 15607
55, 16777215.00, 6465226.00, 8398105.00, 5215088.00, 5759602.00, 16777215.00, 25, 15970
56, 16777215.00, 6434476.00, 8397970.00, 5264834.00, 6847248.00, 16777215.00, 25, 16242
57, 16777215.00, 6436982.00, 8398137.00, 5239803.00, 7265265.00, 16777215.00, 25, 16605
58, 16777215.00, 6452843.00, 8398221.00, 5214980.00, 7384667.00, 16777215.00, 25, 16786
59, 16777215.00, 6436789.00, 8397955.00, 5180788.00, 7494346.00, 16777215.00, 25, 17059
60, 16777215.00, 6409070.00, 8398124.00, 5094877.00, 7575566.00, 16777215.00, 25, 17331
RECORDING Time: 10:57:27
BASELINE Time: 10:57:29
1, 16777215.00, 6377003.00, 8397990.00, 5033465.00, 7908754.00, 16777215.00, 25, 0
2, 16777215.00, 6380459.00, 8398066.00, 5038381.00, 7948741.00, 16777215.00, 25, 0
3, 16777215.00, 6385225.00, 8398101.00, 5046706.00, 7944017.00, 16777215.00, 25, 272
4, 16777215.00, 6377840.00, 8398257.00, 5047704.00, 7951579.00, 16777215.00, 25, 545
5, 16777215.00, 6381352.00, 8397989.00, 5048392.00, 7970380.00, 16777215.00, 25, 817
6, 16777215.00, 6400546.00, 8398047.00, 5058728.00, 7972999.00, 16777215.00, 25, 1271
7, 16777215.00, 6433258.00, 8398024.00, 5065490.00, 7956695.00, 16777215.00, 25, 1543
8, 16777215.00, 6453901.00, 8398127.00, 5026771.00, 7917576.00, 16777215.00, 25, 1906
9, 16777215.00, 6447672.00, 8398099.00, 5052680.00, 7894496.00, 16777215.00, 25, 2179
10, 16777215.00, 6452249.00, 8398008.00, 5122561.00, 7896065.00, 16777215.00, 25, 2451
11, 16777215.00, 6473477.00, 8398136.00, 5208769.00, 7881693.00, 16777215.00, 25, 2814
12, 16777215.00, 6480193.00, 8398122.00, 5222518.00, 7864949.00, 16777215.00, 25, 3086
13, 16777215.00, 6483595.00, 8398166.00, 5263103.00, 7852970.00, 16777215.00, 25, 3449
14, 16777215.00, 6487083.00, 8398104.00, 5292806.00, 7864562.00, 16777215.00, 25, 3722
15, 16777215.00, 6489408.00, 8397944.00, 5284626.00, 7861016.00, 16777215.00, 25, 4176
16, 16777215.00, 6479408.00, 8398051.00, 5251224.00, 7857970.00, 16777215.00, 25, 4448
17, 16777215.00, 6476964.00, 8398142.00, 5245220.00, 7872436.00, 16777215.00, 25, 4720
18, 16777215.00, 6479798.00, 8398109.00, 5197461.00, 7886350.00, 16777215.00, 25, 4993
19, 16777215.00, 6472790.00, 8398047.00, 5246631.00, 7883187.00, 16777215.00, 25, 5356
20, 16777215.00, 6418718.00, 8398152.00, 5058309.00, 7861543.00, 16777215.00, 25, 5628
21, 16777215.00, 6381844.00, 8398062.00, 4853903.00, 7879209.00, 16777215.00, 25, 6082
22, 16777215.00, 6408623.00, 8398024.00, 4870921.00, 7847527.00, 16777215.00, 25, 6354
BASELINE Time: 10:57:36
